,IndiaStates,NIC_Name,Main_Workers__Total___Persons,Main_Workers__Total__Males,Main_Workers__Total__Females,Main_Workers__Rural___Persons,Main_Workers__Rural__Males,Main_Workers__Rural__Females,Main_Workers__Urban___Persons,Main_Workers__Urban__Males,Main_Workers__Urban__Females,Marginal_Workers__Total___Persons,Marginal_Workers__Total__Males,Marginal_Workers__Total__Females,Marginal_Workers__Rural___Persons,Marginal_Workers__Rural__Males,Marginal_Workers__Rural__Females,Marginal_Workers__Urban___Persons,Marginal_Workers__Urban__Males,Marginal_Workers__Urban__Females,TotalWorkers,MaleFemaleRatio,Latitude,Longitude
20330,STATE - ARUNACHAL PRADESH,"Crop and animal production, hunting and related service activities",12967,8180,4787,10821,6770,4051,2146,1410,736,2975,1211,1764,2545,1004,1541,430,207,223,15942,1.7087946521829955,14.750429,78.570026
20331,STATE - ARUNACHAL PRADESH,Growing of non-perennial crops,2373,1352,1021,1482,824,658,891,528,363,1164,563,601,906,441,465,258,122,136,3537,1.3241919686581782,27.100399,93.616601
20332,STATE - ARUNACHAL PRADESH,"Growing of cereals (except rice), leguminous crops and oil seeds",171,98,73,131,81,50,40,17,23,33,16,17,30,14,16,3,2,1,204,1.3424657534246576,26.749981,94.216667
20333,STATE - ARUNACHAL PRADESH,Growing of rice,1944,1106,838,1207,656,551,737,450,287,1005,480,525,780,375,405,225,105,120,2949,1.3198090692124105,25.785414,87.479973
20334,STATE - ARUNACHAL PRADESH,"Growing of vegetables and melons, roots and tubers",245,135,110,135,78,57,110,57,53,117,61,56,87,46,41,30,15,15,362,1.2272727272727273,30.719997,76.780006
20335,STATE - ARUNACHAL PRADESH,Growing of sugar cane,0,0,0,0,0,0,0,0,0,1,0,1,1,0,1,0,0,0,1,0,22.09042,82.159987
20336,STATE - ARUNACHAL PRADESH,Growing of tobacco,0,0,0,0,0,0,0,0,0,2,0,2,2,0,2,0,0,0,2,0,20.266578,73.016618
20337,STATE - ARUNACHAL PRADESH,Growing of other non-perennial crop,13,13,0,9,9,0,4,4,0,6,6,0,6,6,0,0,0,0,19,13,28.669993,77.230004
20338,STATE - ARUNACHAL PRADESH,Growing of perennial crops,7422,4503,2919,7152,4299,2853,270,204,66,1042,261,781,1027,251,776,15,10,5,8464,1.5426515930113052,15.491997,73.818001
20339,STATE - ARUNACHAL PRADESH,Growing of tropical and subtropical fruits,58,41,17,45,29,16,13,12,1,7,7,0,7,7,0,0,0,0,65,2.411764705882353,28.450006,77.019991
20340,STATE - ARUNACHAL PRADESH,Growing of citrus fruits,54,42,12,43,34,9,11,8,3,34,15,19,33,14,19,1,1,0,88,3.5,31.100025,77.166597
20341,STATE - ARUNACHAL PRADESH,Growing of pome fruits and stone fruits,62,44,18,51,35,16,11,9,2,12,10,2,11,9,2,1,1,0,74,2.4444444444444446,34.299959,74.466658
20342,STATE - ARUNACHAL PRADESH,Growing of other tree and bush fruits and nuts,46,38,8,25,22,3,21,16,5,3,3,0,2,2,0,1,1,0,49,4.75,23.800393,86.419986
20343,STATE - ARUNACHAL PRADESH,Growing of oleaginous fruits,47,34,13,33,26,7,14,8,6,1,1,0,1,1,0,0,0,0,48,2.6153846153846154,12.570381,76.919997
20344,STATE - ARUNACHAL PRADESH,Growing of beverage crops,7073,4266,2807,6899,4130,2769,174,136,38,937,206,731,927,199,728,10,7,3,8010,1.5197719985749911,8.900373,76.569993
20345,STATE - ARUNACHAL PRADESH,"Growing of spices, aromatic, drug and pharmaceutical crops",17,8,9,2,1,1,15,7,8,38,12,26,36,12,24,2,0,2,55,0.8888888888888888,10.562573,72.636867
20346,STATE - ARUNACHAL PRADESH,Growing of other perennial crops,65,30,35,54,22,32,11,8,3,10,7,3,10,7,3,0,0,0,75,0.8571428571428571,21.300391,76.130019
20347,STATE - ARUNACHAL PRADESH,Plant propagation,125,91,34,60,41,19,65,50,15,26,16,10,20,11,9,6,5,1,151,2.676470588235294,19.250232,73.160175
20348,STATE - ARUNACHAL PRADESH,Plant propagation,125,91,34,60,41,19,65,50,15,26,16,10,20,11,9,6,5,1,151,2.676470588235294,24.799971,93.950017
20349,STATE - ARUNACHAL PRADESH,Animal production,1342,1082,260,1126,920,206,216,162,54,246,108,138,222,94,128,24,14,10,1588,4.161538461538462,25.570492,91.880014
20350,STATE - ARUNACHAL PRADESH,Raising of cattle and buffaloes,929,747,182,828,671,157,101,76,25,168,88,80,155,78,77,13,10,3,1097,4.104395604395604,23.710399,92.720015
20351,STATE - ARUNACHAL PRADESH,Raising of horses and other equines,3,3,0,2,2,0,1,1,0,0,0,0,0,0,0,0,0,0,3,3,25.666998,94.11657
20352,STATE - ARUNACHAL PRADESH,Raising of sheep and goats,41,33,8,37,30,7,4,3,1,6,4,2,5,3,2,1,1,0,47,4.125,19.82043,85.900017
20353,STATE - ARUNACHAL PRADESH,Raising of swine/pigs,43,34,9,35,30,5,8,4,4,16,2,14,13,2,11,3,0,3,59,3.7777777777777777,11.934994,79.83
20354,STATE - ARUNACHAL PRADESH,Raising of poultry,124,103,21,85,72,13,39,31,8,18,9,9,13,6,7,5,3,2,142,4.904761904761905,31.519974,75.980003
20355,STATE - ARUNACHAL PRADESH,Raising of other animals,202,162,40,139,115,24,63,47,16,38,5,33,36,5,31,2,0,2,240,4.05,26.449999,74.639981
20356,STATE - ARUNACHAL PRADESH,Mixed farming,369,219,150,223,127,96,146,92,54,208,93,115,153,72,81,55,21,34,577,1.46,27.33333,88.616647
20357,STATE - ARUNACHAL PRADESH,Mixed farming,369,219,150,223,127,96,146,92,54,208,93,115,153,72,81,55,21,34,577,1.46,12.920386,79.150042
20358,STATE - ARUNACHAL PRADESH,Support activities to agriculture and post-harvest crop activities,1330,927,403,773,554,219,557,373,184,271,152,119,199,117,82,72,35,37,1601,2.300248138957816,23.835404,91.279999
20359,STATE - ARUNACHAL PRADESH,Support activities for crop production,991,689,302,615,439,176,376,250,126,188,103,85,130,71,59,58,32,26,1179,2.281456953642384,27.599981,78.050006
20360,STATE - ARUNACHAL PRADESH,Support activities for animal production,26,13,13,18,6,12,8,7,1,0,0,0,0,0,0,0,0,0,26,1,30.320409,78.050006
20361,STATE - ARUNACHAL PRADESH,Post-harvest crop activities,304,216,88,132,101,31,172,115,57,83,49,34,69,46,23,14,3,11,387,2.4545454545454546,22.58039,88.329947
20362,STATE - ARUNACHAL PRADESH,Seed processing for propagation,9,9,0,8,8,0,1,1,0,0,0,0,0,0,0,0,0,0,9,9,22.65423406060606,82.20022463636361
20363,STATE - ARUNACHAL PRADESH,"Hunting, trapping and related service activities",6,6,0,5,5,0,1,1,0,18,18,0,18,18,0,0,0,0,24,6,22.65423406060606,82.20022463636361
20364,STATE - ARUNACHAL PRADESH,"Hunting, trapping and related service activities",6,6,0,5,5,0,1,1,0,18,18,0,18,18,0,0,0,0,24,6,22.65423406060606,82.20022463636361
20365,STATE - ARUNACHAL PRADESH,Forestry and logging,3473,2712,761,1667,1398,269,1806,1314,492,267,166,101,198,135,63,69,31,38,3740,3.563731931668857,22.65423406060606,82.20022463636361
20366,STATE - ARUNACHAL PRADESH,Silviculture and other forestry activities,207,146,61,70,58,12,137,88,49,8,6,2,6,4,2,2,2,0,215,2.39344262295082,22.65423406060606,82.20022463636361
20367,STATE - ARUNACHAL PRADESH,Silviculture and other forestry activities,207,146,61,70,58,12,137,88,49,8,6,2,6,4,2,2,2,0,215,2.39344262295082,22.65423406060606,82.20022463636361
20368,STATE - ARUNACHAL PRADESH,Logging,206,197,9,164,157,7,42,40,2,98,76,22,87,72,15,11,4,7,304,21.88888888888889,22.65423406060606,82.20022463636361
20369,STATE - ARUNACHAL PRADESH,Logging,206,197,9,164,157,7,42,40,2,98,76,22,87,72,15,11,4,7,304,21.88888888888889,22.65423406060606,82.20022463636361
20370,STATE - ARUNACHAL PRADESH,Gathering of non-wood forest products,71,63,8,56,54,2,15,9,6,5,5,0,3,3,0,2,2,0,76,7.875,22.65423406060606,82.20022463636361
20371,STATE - ARUNACHAL PRADESH,Gathering of non-wood forest products,71,63,8,56,54,2,15,9,6,5,5,0,3,3,0,2,2,0,76,7.875,22.65423406060606,82.20022463636361
20372,STATE - ARUNACHAL PRADESH,Support services to forestry,2989,2306,683,1377,1129,248,1612,1177,435,156,79,77,102,56,46,54,23,31,3145,3.376281112737921,22.65423406060606,82.20022463636361
20373,STATE - ARUNACHAL PRADESH,Support services to forestry,2989,2306,683,1377,1129,248,1612,1177,435,156,79,77,102,56,46,54,23,31,3145,3.376281112737921,22.65423406060606,82.20022463636361
20374,STATE - ARUNACHAL PRADESH,Fishing and aquaculture,275,257,18,116,106,10,159,151,8,83,74,9,75,66,9,8,8,0,358,14.27777777777778,22.65423406060606,82.20022463636361
20375,STATE - ARUNACHAL PRADESH,Fishing,240,225,15,92,84,8,148,141,7,76,68,8,68,60,8,8,8,0,316,15,22.65423406060606,82.20022463636361
20376,STATE - ARUNACHAL PRADESH,Marine fishing,110,100,10,56,51,5,54,49,5,11,11,0,7,7,0,4,4,0,121,10,22.65423406060606,82.20022463636361
20377,STATE - ARUNACHAL PRADESH,Freash water fishing,130,125,5,36,33,3,94,92,2,65,57,8,61,53,8,4,4,0,195,25,22.65423406060606,82.20022463636361
20378,STATE - ARUNACHAL PRADESH,Aquaculture,35,32,3,24,22,2,11,10,1,7,6,1,7,6,1,0,0,0,42,10.666666666666666,22.65423406060606,82.20022463636361
20379,STATE - ARUNACHAL PRADESH,Marine aquaculture,3,2,1,2,1,1,1,1,0,0,0,0,0,0,0,0,0,0,3,2,22.65423406060606,82.20022463636361
20380,STATE - ARUNACHAL PRADESH,Freshwater aquaculture,32,30,2,22,21,1,10,9,1,7,6,1,7,6,1,0,0,0,39,15,22.65423406060606,82.20022463636361
20381,STATE - ARUNACHAL PRADESH,Mining of coal and lignite,63,57,6,48,47,1,15,10,5,13,5,8,13,5,8,0,0,0,76,9.5,22.65423406060606,82.20022463636361
20382,STATE - ARUNACHAL PRADESH,Mining of hard coal,61,55,6,47,46,1,14,9,5,13,5,8,13,5,8,0,0,0,74,9.166666666666666,22.65423406060606,82.20022463636361
20383,STATE - ARUNACHAL PRADESH,Mining of hard coal,61,55,6,47,46,1,14,9,5,13,5,8,13,5,8,0,0,0,74,9.166666666666666,22.65423406060606,82.20022463636361
20384,STATE - ARUNACHAL PRADESH,Mining of lignite,2,2,0,1,1,0,1,1,0,0,0,0,0,0,0,0,0,0,2,2,22.65423406060606,82.20022463636361
20385,STATE - ARUNACHAL PRADESH,Mining of lignite,2,2,0,1,1,0,1,1,0,0,0,0,0,0,0,0,0,0,2,2,22.65423406060606,82.20022463636361
20386,STATE - ARUNACHAL PRADESH,Extraction of crude petroleum and natural gas,114,108,6,83,77,6,31,31,0,1,0,1,0,0,0,1,0,1,115,18,22.65423406060606,82.20022463636361
20387,STATE - ARUNACHAL PRADESH,Extraction of crude petroleum,108,102,6,79,73,6,29,29,0,1,0,1,0,0,0,1,0,1,109,17,22.65423406060606,82.20022463636361
20388,STATE - ARUNACHAL PRADESH,Extraction of crude petroleum,108,102,6,79,73,6,29,29,0,1,0,1,0,0,0,1,0,1,109,17,22.65423406060606,82.20022463636361
20389,STATE - ARUNACHAL PRADESH,Extraction of natural gas,6,6,0,4,4,0,2,2,0,0,0,0,0,0,0,0,0,0,6,6,22.65423406060606,82.20022463636361
20390,STATE - ARUNACHAL PRADESH,Extraction of natural gas,6,6,0,4,4,0,2,2,0,0,0,0,0,0,0,0,0,0,6,6,22.65423406060606,82.20022463636361
20391,STATE - ARUNACHAL PRADESH,Mining of metal ores,1,1,0,0,0,0,1,1,0,0,0,0,0,0,0,0,0,0,1,1,22.65423406060606,82.20022463636361
20392,STATE - ARUNACHAL PRADESH,Mining of non-ferrous metal ores,1,1,0,0,0,0,1,1,0,0,0,0,0,0,0,0,0,0,1,1,22.65423406060606,82.20022463636361
20393,STATE - ARUNACHAL PRADESH,Mining of other non-ferrous metal ores,1,1,0,0,0,0,1,1,0,0,0,0,0,0,0,0,0,0,1,1,22.65423406060606,82.20022463636361
20394,STATE - ARUNACHAL PRADESH,Other mining and quarrying,680,573,107,567,484,83,113,89,24,98,48,50,77,37,40,21,11,10,778,5.355140186915888,22.65423406060606,82.20022463636361
20395,STATE - ARUNACHAL PRADESH,"Quarrying of stone, sand and clay",590,500,90,497,428,69,93,72,21,91,42,49,72,32,40,19,10,9,681,5.555555555555555,22.65423406060606,82.20022463636361
20396,STATE - ARUNACHAL PRADESH,"Quarrying of stone, sand and clay",590,500,90,497,428,69,93,72,21,91,42,49,72,32,40,19,10,9,681,5.555555555555555,22.65423406060606,82.20022463636361
20397,STATE - ARUNACHAL PRADESH,Mining and quarrying n.e.c.,90,73,17,70,56,14,20,17,3,7,6,1,5,5,0,2,1,1,97,4.294117647058823,22.65423406060606,82.20022463636361
20398,STATE - ARUNACHAL PRADESH,Mining of chemical and fertilizer minerals,0,0,0,0,0,0,0,0,0,1,1,0,1,1,0,0,0,0,1,0,22.65423406060606,82.20022463636361
20399,STATE - ARUNACHAL PRADESH,Other mining and quarrying n.e.c.,90,73,17,70,56,14,20,17,3,6,5,1,4,4,0,2,1,1,96,4.294117647058823,22.65423406060606,82.20022463636361
20400,STATE - ARUNACHAL PRADESH,Mining support service activities,59,54,5,50,48,2,9,6,3,9,9,0,9,9,0,0,0,0,68,10.8,22.65423406060606,82.20022463636361
20401,STATE - ARUNACHAL PRADESH,Support activities for petroleum and natural gas mining,11,11,0,10,10,0,1,1,0,0,0,0,0,0,0,0,0,0,11,11,22.65423406060606,82.20022463636361
20402,STATE - ARUNACHAL PRADESH,Support activities for petroleum and natural gas mining,11,11,0,10,10,0,1,1,0,0,0,0,0,0,0,0,0,0,11,11,22.65423406060606,82.20022463636361
20403,STATE - ARUNACHAL PRADESH,Support activities for other mining and quarrying,48,43,5,40,38,2,8,5,3,9,9,0,9,9,0,0,0,0,57,8.6,22.65423406060606,82.20022463636361
20404,STATE - ARUNACHAL PRADESH,Support activities for other mining and quarrying,48,43,5,40,38,2,8,5,3,9,9,0,9,9,0,0,0,0,57,8.6,22.65423406060606,82.20022463636361
20405,STATE - ARUNACHAL PRADESH,Manufacture of food products,1351,941,410,975,643,332,376,298,78,374,185,189,275,116,159,99,69,30,1725,2.295121951219512,22.65423406060606,82.20022463636361
20406,STATE - ARUNACHAL PRADESH,Processing and preserving of meat,9,9,0,5,5,0,4,4,0,13,0,13,12,0,12,1,0,1,22,9,22.65423406060606,82.20022463636361
20407,STATE - ARUNACHAL PRADESH,Processing and preserving of meat,9,9,0,5,5,0,4,4,0,13,0,13,12,0,12,1,0,1,22,9,22.65423406060606,82.20022463636361
20408,STATE - ARUNACHAL PRADESH,"Processing and preserving of fish, crustaceans and molluscs",1,1,0,1,1,0,0,0,0,6,6,0,6,6,0,0,0,0,7,1,22.65423406060606,82.20022463636361
20409,STATE - ARUNACHAL PRADESH,"Processing and preserving of fish, crustaceans and molluscs and",1,1,0,1,1,0,0,0,0,6,6,0,6,6,0,0,0,0,7,1,22.65423406060606,82.20022463636361
20410,STATE - ARUNACHAL PRADESH,Processing and preserving of fruit and vegetables,146,112,34,84,54,30,62,58,4,58,43,15,40,26,14,18,17,1,204,3.294117647058824,22.65423406060606,82.20022463636361
20411,STATE - ARUNACHAL PRADESH,Processing and preserving of fruit and vegetables,146,112,34,84,54,30,62,58,4,58,43,15,40,26,14,18,17,1,204,3.294117647058824,22.65423406060606,82.20022463636361
20412,STATE - ARUNACHAL PRADESH,Manufacture of vegetable and animal oils and fats,0,0,0,0,0,0,0,0,0,1,1,0,0,0,0,1,1,0,1,0,22.65423406060606,82.20022463636361
20413,STATE - ARUNACHAL PRADESH,Manufacture of vegetable and animal oils and fats,0,0,0,0,0,0,0,0,0,1,1,0,0,0,0,1,1,0,1,0,22.65423406060606,82.20022463636361
20414,STATE - ARUNACHAL PRADESH,Manufacture of dairy products,156,109,47,116,83,33,40,26,14,65,26,39,54,18,36,11,8,3,221,2.3191489361702127,22.65423406060606,82.20022463636361
20415,STATE - ARUNACHAL PRADESH,Manufacture of dairy products,156,109,47,116,83,33,40,26,14,65,26,39,54,18,36,11,8,3,221,2.3191489361702127,22.65423406060606,82.20022463636361
20416,STATE - ARUNACHAL PRADESH,"Manufacture of grain mill products, starches and starch products",442,264,178,393,223,170,49,41,8,125,49,76,112,42,70,13,7,6,567,1.4831460674157304,22.65423406060606,82.20022463636361
20417,STATE - ARUNACHAL PRADESH,Manufacture of grain mill products,438,262,176,390,222,168,48,40,8,122,47,75,110,41,69,12,6,6,560,1.4886363636363635,22.65423406060606,82.20022463636361
20418,STATE - ARUNACHAL PRADESH,Manufacture of starches and starch products,4,2,2,3,1,2,1,1,0,3,2,1,2,1,1,1,1,0,7,1,22.65423406060606,82.20022463636361
20419,STATE - ARUNACHAL PRADESH,Manufacture of other food products,597,446,151,376,277,99,221,169,52,106,60,46,51,24,27,55,36,19,703,2.9536423841059603,22.65423406060606,82.20022463636361
20420,STATE - ARUNACHAL PRADESH,Manufacture of bakery products,133,121,12,52,45,7,81,76,5,12,9,3,1,0,1,11,9,2,145,10.083333333333334,22.65423406060606,82.20022463636361
20421,STATE - ARUNACHAL PRADESH,Manufacture of sugar,1,0,1,1,0,1,0,0,0,1,0,1,0,0,0,1,0,1,2,0,22.65423406060606,82.20022463636361
20422,STATE - ARUNACHAL PRADESH,"Manufacture of cocoa, chocolate and sugar confectionery",13,13,0,7,7,0,6,6,0,0,0,0,0,0,0,0,0,0,13,13,22.65423406060606,82.20022463636361
20423,STATE - ARUNACHAL PRADESH,"Manufacture of macaroni, noodles, couscous and similar farinaceous",1,1,0,1,1,0,0,0,0,0,0,0,0,0,0,0,0,0,1,1,22.65423406060606,82.20022463636361
20424,STATE - ARUNACHAL PRADESH,Manufacture of prepared meals and dishes,157,107,50,75,52,23,82,55,27,52,28,24,33,16,17,19,12,7,209,2.14,22.65423406060606,82.20022463636361
20425,STATE - ARUNACHAL PRADESH,Manufacture of other food products n.e.c.,292,204,88,240,172,68,52,32,20,41,23,18,17,8,9,24,15,9,333,2.3181818181818183,22.65423406060606,82.20022463636361
20426,STATE - ARUNACHAL PRADESH,Manufacture of beverages,36,21,15,8,2,6,28,19,9,10,3,7,4,3,1,6,0,6,46,1.4,22.65423406060606,82.20022463636361
20427,STATE - ARUNACHAL PRADESH,Manufacture of beverages,36,21,15,8,2,6,28,19,9,10,3,7,4,3,1,6,0,6,46,1.4,22.65423406060606,82.20022463636361
20428,STATE - ARUNACHAL PRADESH,"Distilling, rectifying and blending of spirits; ethyl alcohol production",20,8,12,6,2,4,14,6,8,4,2,2,2,2,0,2,0,2,24,0.6666666666666666,22.65423406060606,82.20022463636361
20429,STATE - ARUNACHAL PRADESH,Manufacture of wines,2,0,2,2,0,2,0,0,0,2,0,2,0,0,0,2,0,2,4,0,22.65423406060606,82.20022463636361
20430,STATE - ARUNACHAL PRADESH,Manufacture of malt liquors and malt,3,3,0,0,0,0,3,3,0,2,0,2,0,0,0,2,0,2,5,3,22.65423406060606,82.20022463636361
20431,STATE - ARUNACHAL PRADESH,Manufacture of soft drinks; production of mineral waters and other,11,10,1,0,0,0,11,10,1,2,1,1,2,1,1,0,0,0,13,10,22.65423406060606,82.20022463636361
20432,STATE - ARUNACHAL PRADESH,Manufacture of tobacco products,1,1,0,1,1,0,0,0,0,1,0,1,1,0,1,0,0,0,2,1,22.65423406060606,82.20022463636361
20433,STATE - ARUNACHAL PRADESH,Manufacture of tobacco products,1,1,0,1,1,0,0,0,0,1,0,1,1,0,1,0,0,0,2,1,22.65423406060606,82.20022463636361
20434,STATE - ARUNACHAL PRADESH,Manufacture of tobacco products,1,1,0,1,1,0,0,0,0,1,0,1,1,0,1,0,0,0,2,1,22.65423406060606,82.20022463636361
20435,STATE - ARUNACHAL PRADESH,Manufacture of textiles,775,364,411,446,182,264,329,182,147,478,126,352,340,61,279,138,65,73,1253,0.8856447688564477,22.65423406060606,82.20022463636361
20436,STATE - ARUNACHAL PRADESH,"Spinning, weaving and finishing of textiles",621,289,332,367,160,207,254,129,125,431,117,314,305,53,252,126,64,62,1052,0.8704819277108434,22.65423406060606,82.20022463636361
20437,STATE - ARUNACHAL PRADESH,Preparation and spinning of textile fibres,312,226,86,188,124,64,124,102,22,162,99,63,71,36,35,91,63,28,474,2.627906976744186,22.65423406060606,82.20022463636361
20438,STATE - ARUNACHAL PRADESH,Weaving of textiles,260,46,214,151,28,123,109,18,91,229,15,214,194,14,180,35,1,34,489,0.2149532710280373,22.65423406060606,82.20022463636361
20439,STATE - ARUNACHAL PRADESH,Finishing of textiles,49,17,32,28,8,20,21,9,12,40,3,37,40,3,37,0,0,0,89,0.53125,22.65423406060606,82.20022463636361
20440,STATE - ARUNACHAL PRADESH,Manufacture of other textiles,154,75,79,79,22,57,75,53,22,47,9,38,35,8,27,12,1,11,201,0.9493670886075948,22.65423406060606,82.20022463636361
20441,STATE - ARUNACHAL PRADESH,Manufacture of knitted and crocheted fabrics,25,1,24,21,0,21,4,1,3,4,0,4,1,0,1,3,0,3,29,0.0416666666666666,22.65423406060606,82.20022463636361
20442,STATE - ARUNACHAL PRADESH,"Manufacture of made-up textile articles, except apparel",62,51,11,16,10,6,46,41,5,3,1,2,3,1,2,0,0,0,65,4.636363636363637,22.65423406060606,82.20022463636361
20443,STATE - ARUNACHAL PRADESH,Manufacture of carpets and rugs,40,13,27,27,8,19,13,5,8,24,5,19,18,4,14,6,1,5,64,0.4814814814814814,22.65423406060606,82.20022463636361
20444,STATE - ARUNACHAL PRADESH,"Manufacture of cordage, rope, twine and netting",2,1,1,2,1,1,0,0,0,4,3,1,4,3,1,0,0,0,6,1,22.65423406060606,82.20022463636361
20445,STATE - ARUNACHAL PRADESH,Manufacture of other textiles n.e.c.,25,9,16,13,3,10,12,6,6,12,0,12,9,0,9,3,0,3,37,0.5625,22.65423406060606,82.20022463636361
20446,STATE - ARUNACHAL PRADESH,Manufacture of wearing apparel,877,778,99,332,286,46,545,492,53,117,63,54,76,40,36,41,23,18,994,7.858585858585859,22.65423406060606,82.20022463636361
20447,STATE - ARUNACHAL PRADESH,"Manufacture of wearing apparel, except fur apparel",867,771,96,326,281,45,541,490,51,99,62,37,60,39,21,39,23,16,966,8.03125,22.65423406060606,82.20022463636361
20448,STATE - ARUNACHAL PRADESH,"Manufacture of wearing apparel, except fur apparel",867,771,96,326,281,45,541,490,51,99,62,37,60,39,21,39,23,16,966,8.03125,22.65423406060606,82.20022463636361
20449,STATE - ARUNACHAL PRADESH,Manufacture of articles of fur,5,4,1,4,4,0,1,0,1,4,1,3,2,1,1,2,0,2,9,4,22.65423406060606,82.20022463636361
20450,STATE - ARUNACHAL PRADESH,Manufacture of articles of fur,5,4,1,4,4,0,1,0,1,4,1,3,2,1,1,2,0,2,9,4,22.65423406060606,82.20022463636361
20451,STATE - ARUNACHAL PRADESH,Manufacture of knitted and crocheted apparel,5,3,2,2,1,1,3,2,1,14,0,14,14,0,14,0,0,0,19,1.5,22.65423406060606,82.20022463636361
20452,STATE - ARUNACHAL PRADESH,Manufacture of knitted and crocheted apparel,5,3,2,2,1,1,3,2,1,14,0,14,14,0,14,0,0,0,19,1.5,22.65423406060606,82.20022463636361
20453,STATE - ARUNACHAL PRADESH,Manufacture of leather and related products,59,26,33,25,3,22,34,23,11,30,5,25,27,3,24,3,2,1,89,0.7878787878787878,22.65423406060606,82.20022463636361
20454,STATE - ARUNACHAL PRADESH,"Tanning and dressing of leather; manufacture of luggage, handbags, saddlery",16,5,11,11,0,11,5,5,0,10,1,9,8,0,8,2,1,1,26,0.4545454545454545,22.65423406060606,82.20022463636361
20455,STATE - ARUNACHAL PRADESH,Tanning and dressing of leather; dressing and dyeing of fur,9,1,8,8,0,8,1,1,0,8,0,8,8,0,8,0,0,0,17,0.125,22.65423406060606,82.20022463636361
20456,STATE - ARUNACHAL PRADESH,"Manufacture of luggage, handbags and the like, saddlery and harness",7,4,3,3,0,3,4,4,0,2,1,1,0,0,0,2,1,1,9,1.3333333333333333,22.65423406060606,82.20022463636361
20457,STATE - ARUNACHAL PRADESH,Manufacture of footwear,43,21,22,14,3,11,29,18,11,20,4,16,19,3,16,1,1,0,63,0.9545454545454546,22.65423406060606,82.20022463636361
20458,STATE - ARUNACHAL PRADESH,Manufacture of footwear,43,21,22,14,3,11,29,18,11,20,4,16,19,3,16,1,1,0,63,0.9545454545454546,22.65423406060606,82.20022463636361
20459,STATE - ARUNACHAL PRADESH,"Manufacture of wood and products of wood and cork, except furniture;",1832,1538,294,899,715,184,933,823,110,433,332,101,302,252,50,131,80,51,2265,5.2312925170068025,22.65423406060606,82.20022463636361
20460,STATE - ARUNACHAL PRADESH,Sawmilling and planing of wood,714,615,99,422,347,75,292,268,24,174,151,23,150,140,10,24,11,13,888,6.212121212121212,22.65423406060606,82.20022463636361
20461,STATE - ARUNACHAL PRADESH,Saw milling and planing of wood,714,615,99,422,347,75,292,268,24,174,151,23,150,140,10,24,11,13,888,6.212121212121212,22.65423406060606,82.20022463636361
20462,STATE - ARUNACHAL PRADESH,"Manufacture of products of wood, cork, straw and plaiting materials",1118,923,195,477,368,109,641,555,86,259,181,78,152,112,40,107,69,38,1377,4.733333333333333,22.65423406060606,82.20022463636361
20463,STATE - ARUNACHAL PRADESH,"Manufacture of veneer sheets; manufacture of plywood, laminboard,",418,337,81,148,104,44,270,233,37,11,5,6,0,0,0,11,5,6,429,4.160493827160494,22.65423406060606,82.20022463636361
20464,STATE - ARUNACHAL PRADESH,Manufacture of builders carpentry and joinery,21,21,0,17,17,0,4,4,0,13,13,0,13,13,0,0,0,0,34,21,22.65423406060606,82.20022463636361
20465,STATE - ARUNACHAL PRADESH,Manufacture of wooden containers,141,107,34,66,52,14,75,55,20,65,46,19,51,38,13,14,8,6,206,3.147058823529412,22.65423406060606,82.20022463636361
20466,STATE - ARUNACHAL PRADESH,"Manufacture of other products of wood; manufacture of articles of cork,",538,458,80,246,195,51,292,263,29,170,117,53,88,61,27,82,56,26,708,5.725,22.65423406060606,82.20022463636361
20467,STATE - ARUNACHAL PRADESH,Manufacture of paper and paper products,14,10,4,11,7,4,3,3,0,3,2,1,2,2,0,1,0,1,17,2.5,22.65423406060606,82.20022463636361
20468,STATE - ARUNACHAL PRADESH,Manufacture of paper and paper products,14,10,4,11,7,4,3,3,0,3,2,1,2,2,0,1,0,1,17,2.5,22.65423406060606,82.20022463636361
20469,STATE - ARUNACHAL PRADESH,"Manufacture of pulp, paper and paperboard",1,1,0,1,1,0,0,0,0,0,0,0,0,0,0,0,0,0,1,1,22.65423406060606,82.20022463636361
20470,STATE - ARUNACHAL PRADESH,Manufacture of corrugated paper and paperboard and containers of,11,9,2,8,6,2,3,3,0,0,0,0,0,0,0,0,0,0,11,4.5,22.65423406060606,82.20022463636361
20471,STATE - ARUNACHAL PRADESH,Manufacture of other articles of paper and paperboard,2,0,2,2,0,2,0,0,0,3,2,1,2,2,0,1,0,1,5,0,22.65423406060606,82.20022463636361
20472,STATE - ARUNACHAL PRADESH,Printing and reproduction of recorded media,88,70,18,3,3,0,85,67,18,6,4,2,2,2,0,4,2,2,94,3.888888888888889,22.65423406060606,82.20022463636361
20473,STATE - ARUNACHAL PRADESH,Printing and service activities related to printing,88,70,18,3,3,0,85,67,18,6,4,2,2,2,0,4,2,2,94,3.888888888888889,22.65423406060606,82.20022463636361
20474,STATE - ARUNACHAL PRADESH,Printing,40,32,8,1,1,0,39,31,8,1,1,0,0,0,0,1,1,0,41,4,22.65423406060606,82.20022463636361
20475,STATE - ARUNACHAL PRADESH,Service activities related to printing,48,38,10,2,2,0,46,36,10,5,3,2,2,2,0,3,1,2,53,3.8,22.65423406060606,82.20022463636361
20476,STATE - ARUNACHAL PRADESH,Manufacture of coke and refined petroleum products,79,79,0,67,67,0,12,12,0,11,7,4,9,7,2,2,0,2,90,79,22.65423406060606,82.20022463636361
20477,STATE - ARUNACHAL PRADESH,Manufacture of coke oven products,2,2,0,1,1,0,1,1,0,0,0,0,0,0,0,0,0,0,2,2,22.65423406060606,82.20022463636361
20478,STATE - ARUNACHAL PRADESH,Manufacture of coke oven products,2,2,0,1,1,0,1,1,0,0,0,0,0,0,0,0,0,0,2,2,22.65423406060606,82.20022463636361
20479,STATE - ARUNACHAL PRADESH,Manufacture of refined petroleum products,77,77,0,66,66,0,11,11,0,11,7,4,9,7,2,2,0,2,88,77,22.65423406060606,82.20022463636361
20480,STATE - ARUNACHAL PRADESH,Manufacture of refined petroleum products,77,77,0,66,66,0,11,11,0,11,7,4,9,7,2,2,0,2,88,77,22.65423406060606,82.20022463636361
20481,STATE - ARUNACHAL PRADESH,Manufacture of chemicals and chemical products,41,38,3,15,13,2,26,25,1,3,1,2,1,1,0,2,0,2,44,12.666666666666666,22.65423406060606,82.20022463636361
20482,STATE - ARUNACHAL PRADESH,"Manufacture of basic chemicals, fertilizer and nitrogen compounds, plastics",3,3,0,0,0,0,3,3,0,0,0,0,0,0,0,0,0,0,3,3,22.65423406060606,82.20022463636361
20483,STATE - ARUNACHAL PRADESH,Manufacture of basic chemicals,3,3,0,0,0,0,3,3,0,0,0,0,0,0,0,0,0,0,3,3,22.65423406060606,82.20022463636361
20484,STATE - ARUNACHAL PRADESH,Manufacture of other chemical products,38,35,3,15,13,2,23,22,1,3,1,2,1,1,0,2,0,2,41,11.666666666666666,22.65423406060606,82.20022463636361
20485,STATE - ARUNACHAL PRADESH,Manufacture of pesticides and other agrochemical products,1,1,0,1,1,0,0,0,0,0,0,0,0,0,0,0,0,0,1,1,22.65423406060606,82.20022463636361
20486,STATE - ARUNACHAL PRADESH,"Manufacture of paints, varnishes and similar coatings, printing ink and",7,5,2,3,2,1,4,3,1,0,0,0,0,0,0,0,0,0,7,2.5,22.65423406060606,82.20022463636361
20487,STATE - ARUNACHAL PRADESH,"Manufacture of soap and detergents, cleaning and polishing preparations,",29,28,1,11,10,1,18,18,0,3,1,2,1,1,0,2,0,2,32,28,22.65423406060606,82.20022463636361
20488,STATE - ARUNACHAL PRADESH,Manufacture of other chemical products n.e.c.,1,1,0,0,0,0,1,1,0,0,0,0,0,0,0,0,0,0,1,1,22.65423406060606,82.20022463636361
20489,STATE - ARUNACHAL PRADESH,"Manufacture of pharmaceuticals, medicinal chemical and botanical products",2,0,2,2,0,2,0,0,0,1,1,0,0,0,0,1,1,0,3,0,22.65423406060606,82.20022463636361
20490,STATE - ARUNACHAL PRADESH,"Manufacture of pharmaceuticals, medicinal chemical and botanical products",2,0,2,2,0,2,0,0,0,1,1,0,0,0,0,1,1,0,3,0,22.65423406060606,82.20022463636361
20491,STATE - ARUNACHAL PRADESH,"Manufacture of pharmaceuticals, medicinal chemical and botanical",2,0,2,2,0,2,0,0,0,1,1,0,0,0,0,1,1,0,3,0,22.65423406060606,82.20022463636361
20492,STATE - ARUNACHAL PRADESH,Manufacture of rubber and plastics products,46,46,0,30,30,0,16,16,0,0,0,0,0,0,0,0,0,0,46,46,22.65423406060606,82.20022463636361
20493,STATE - ARUNACHAL PRADESH,Manufacture of rubber products,46,46,0,30,30,0,16,16,0,0,0,0,0,0,0,0,0,0,46,46,22.65423406060606,82.20022463636361
20494,STATE - ARUNACHAL PRADESH,Manufacture of rubber tyres and tubes; retreading and rebuilding of,41,41,0,26,26,0,15,15,0,0,0,0,0,0,0,0,0,0,41,41,22.65423406060606,82.20022463636361
20495,STATE - ARUNACHAL PRADESH,Manufacture of other rubber products,5,5,0,4,4,0,1,1,0,0,0,0,0,0,0,0,0,0,5,5,22.65423406060606,82.20022463636361
20496,STATE - ARUNACHAL PRADESH,Manufacture of other non-metallic mineral products,96,80,16,87,74,13,9,6,3,16,9,7,11,5,6,5,4,1,112,5,22.65423406060606,82.20022463636361
20497,STATE - ARUNACHAL PRADESH,Manufacture of non-metallic mineral products n.e.c.,96,80,16,87,74,13,9,6,3,16,9,7,11,5,6,5,4,1,112,5,22.65423406060606,82.20022463636361
20498,STATE - ARUNACHAL PRADESH,Manufacture of refractory products,21,15,6,17,13,4,4,2,2,10,5,5,10,5,5,0,0,0,31,2.5,22.65423406060606,82.20022463636361
20499,STATE - ARUNACHAL PRADESH,Manufacture of clay building materials,4,4,0,3,3,0,1,1,0,2,0,2,1,0,1,1,0,1,6,4,22.65423406060606,82.20022463636361
20500,STATE - ARUNACHAL PRADESH,Manufacture of other porcelain and ceramic products,1,1,0,0,0,0,1,1,0,3,3,0,0,0,0,3,3,0,4,1,22.65423406060606,82.20022463636361
20501,STATE - ARUNACHAL PRADESH,"Manufacture of cement, lime and plaster",13,13,0,13,13,0,0,0,0,1,1,0,0,0,0,1,1,0,14,13,22.65423406060606,82.20022463636361
20502,STATE - ARUNACHAL PRADESH,"Manufacture of articles of concrete, cement and plaster",6,6,0,6,6,0,0,0,0,0,0,0,0,0,0,0,0,0,6,6,22.65423406060606,82.20022463636361
20503,STATE - ARUNACHAL PRADESH,"Cutting, shaping and finishing of stone",37,28,9,36,27,9,1,1,0,0,0,0,0,0,0,0,0,0,37,3.111111111111111,22.65423406060606,82.20022463636361
20504,STATE - ARUNACHAL PRADESH,Manufacture of other non-metallic mineral products n.e.c.,14,13,1,12,12,0,2,1,1,0,0,0,0,0,0,0,0,0,14,13,22.65423406060606,82.20022463636361
20505,STATE - ARUNACHAL PRADESH,Manufacture of basic metals,354,338,16,315,303,12,39,35,4,29,21,8,25,18,7,4,3,1,383,21.125,22.65423406060606,82.20022463636361
20506,STATE - ARUNACHAL PRADESH,Manufacture of basic iron and steel,320,308,12,286,278,8,34,30,4,24,21,3,20,18,2,4,3,1,344,25.666666666666668,22.65423406060606,82.20022463636361
20507,STATE - ARUNACHAL PRADESH,Manufacture of basic iron and steel,320,308,12,286,278,8,34,30,4,24,21,3,20,18,2,4,3,1,344,25.666666666666668,22.65423406060606,82.20022463636361
20508,STATE - ARUNACHAL PRADESH,Manufacture of basic precious and other non-ferrous metals,6,6,0,6,6,0,0,0,0,0,0,0,0,0,0,0,0,0,6,6,22.65423406060606,82.20022463636361
20509,STATE - ARUNACHAL PRADESH,Manufacture of basic precious and other non-ferrous metals,6,6,0,6,6,0,0,0,0,0,0,0,0,0,0,0,0,0,6,6,22.65423406060606,82.20022463636361
20510,STATE - ARUNACHAL PRADESH,Casting of metals,28,24,4,23,19,4,5,5,0,5,0,5,5,0,5,0,0,0,33,6,22.65423406060606,82.20022463636361
20511,STATE - ARUNACHAL PRADESH,Casting of iron and steel,28,24,4,23,19,4,5,5,0,5,0,5,5,0,5,0,0,0,33,6,22.65423406060606,82.20022463636361
20512,STATE - ARUNACHAL PRADESH,"Manufacture of fabricated metal products, except machinery and equipment",404,378,26,217,205,12,187,173,14,58,39,19,25,14,11,33,25,8,462,14.538461538461538,22.65423406060606,82.20022463636361
20513,STATE - ARUNACHAL PRADESH,"Manufacture of structural metal products, tanks, reservoirs and steam",47,45,2,22,20,2,25,25,0,9,5,4,4,0,4,5,5,0,56,22.5,22.65423406060606,82.20022463636361
20514,STATE - ARUNACHAL PRADESH,Manufacture of structural metal products,43,41,2,21,19,2,22,22,0,9,5,4,4,0,4,5,5,0,52,20.5,22.65423406060606,82.20022463636361
20515,STATE - ARUNACHAL PRADESH,"Manufacture of tanks, reservoirs and containers of metal",4,4,0,1,1,0,3,3,0,0,0,0,0,0,0,0,0,0,4,4,22.65423406060606,82.20022463636361
20516,STATE - ARUNACHAL PRADESH,Manufacture of other fabricated metal products; metalworking service,357,333,24,195,185,10,162,148,14,49,34,15,21,14,7,28,20,8,406,13.875,22.65423406060606,82.20022463636361
20517,STATE - ARUNACHAL PRADESH,"Forging, pressing, stamping and roll-forming of metal; powder",0,0,0,0,0,0,0,0,0,1,1,0,0,0,0,1,1,0,1,0,22.65423406060606,82.20022463636361
20518,STATE - ARUNACHAL PRADESH,Machining; treatment and coating of metals,1,1,0,0,0,0,1,1,0,0,0,0,0,0,0,0,0,0,1,1,22.65423406060606,82.20022463636361
20519,STATE - ARUNACHAL PRADESH,"Manufacture of cutlery, hand tools and general hardware",304,285,19,181,171,10,123,114,9,43,30,13,20,13,7,23,17,6,347,15,22.65423406060606,82.20022463636361
20520,STATE - ARUNACHAL PRADESH,Manufacture of other fabricated metal products n.e.c.,52,47,5,14,14,0,38,33,5,5,3,2,1,1,0,4,2,2,57,9.4,22.65423406060606,82.20022463636361
20521,STATE - ARUNACHAL PRADESH,"Manufacture of computer, electronic and optical products",16,15,1,5,5,0,11,10,1,0,0,0,0,0,0,0,0,0,16,15,22.65423406060606,82.20022463636361
20522,STATE - ARUNACHAL PRADESH,Manufacture of electronic components,3,3,0,0,0,0,3,3,0,0,0,0,0,0,0,0,0,0,3,3,22.65423406060606,82.20022463636361
20523,STATE - ARUNACHAL PRADESH,Manufacture of electronic components,3,3,0,0,0,0,3,3,0,0,0,0,0,0,0,0,0,0,3,3,22.65423406060606,82.20022463636361
20524,STATE - ARUNACHAL PRADESH,Manufacture of computers and peripheral equipment,5,4,1,2,2,0,3,2,1,0,0,0,0,0,0,0,0,0,5,4,22.65423406060606,82.20022463636361
20525,STATE - ARUNACHAL PRADESH,Manufacture of computers and peripheral equipment,5,4,1,2,2,0,3,2,1,0,0,0,0,0,0,0,0,0,5,4,22.65423406060606,82.20022463636361
20526,STATE - ARUNACHAL PRADESH,Manufacture of communication equipment,6,6,0,3,3,0,3,3,0,0,0,0,0,0,0,0,0,0,6,6,22.65423406060606,82.20022463636361
20527,STATE - ARUNACHAL PRADESH,Manufacture of communication equipment,6,6,0,3,3,0,3,3,0,0,0,0,0,0,0,0,0,0,6,6,22.65423406060606,82.20022463636361
20528,STATE - ARUNACHAL PRADESH,Manufacture of consumer electronics,2,2,0,0,0,0,2,2,0,0,0,0,0,0,0,0,0,0,2,2,22.65423406060606,82.20022463636361
20529,STATE - ARUNACHAL PRADESH,Manufacture of consumer electronics,2,2,0,0,0,0,2,2,0,0,0,0,0,0,0,0,0,0,2,2,22.65423406060606,82.20022463636361
20530,STATE - ARUNACHAL PRADESH,Manufacture of electrical equipment,12,12,0,9,9,0,3,3,0,0,0,0,0,0,0,0,0,0,12,12,22.65423406060606,82.20022463636361
20531,STATE - ARUNACHAL PRADESH,"Manufacture of electric motors, generators, transformers and electricity",6,6,0,6,6,0,0,0,0,0,0,0,0,0,0,0,0,0,6,6,22.65423406060606,82.20022463636361
20532,STATE - ARUNACHAL PRADESH,"Manufacture of electric motors, generators, transformers and electricity",6,6,0,6,6,0,0,0,0,0,0,0,0,0,0,0,0,0,6,6,22.65423406060606,82.20022463636361
20533,STATE - ARUNACHAL PRADESH,Manufacture of batteries and accumulators,4,4,0,2,2,0,2,2,0,0,0,0,0,0,0,0,0,0,4,4,22.65423406060606,82.20022463636361
20534,STATE - ARUNACHAL PRADESH,Manufacture of batteries and accumulators,4,4,0,2,2,0,2,2,0,0,0,0,0,0,0,0,0,0,4,4,22.65423406060606,82.20022463636361
20535,STATE - ARUNACHAL PRADESH,Manufacture of domestic appliances,2,2,0,1,1,0,1,1,0,0,0,0,0,0,0,0,0,0,2,2,22.65423406060606,82.20022463636361
20536,STATE - ARUNACHAL PRADESH,Manufacture of domestic appliances,2,2,0,1,1,0,1,1,0,0,0,0,0,0,0,0,0,0,2,2,22.65423406060606,82.20022463636361
20537,STATE - ARUNACHAL PRADESH,Manufacture of machinery and equipment n.e.c.,7,5,2,1,1,0,6,4,2,0,0,0,0,0,0,0,0,0,7,2.5,22.65423406060606,82.20022463636361
20538,STATE - ARUNACHAL PRADESH,Manufacture of general purpose machinery,1,1,0,0,0,0,1,1,0,0,0,0,0,0,0,0,0,0,1,1,22.65423406060606,82.20022463636361
20539,STATE - ARUNACHAL PRADESH,"Manufacture of ovens, furnaces and furnace burners",1,1,0,0,0,0,1,1,0,0,0,0,0,0,0,0,0,0,1,1,22.65423406060606,82.20022463636361
20540,STATE - ARUNACHAL PRADESH,Manufacture of special-purpose machinery,6,4,2,1,1,0,5,3,2,0,0,0,0,0,0,0,0,0,6,2,22.65423406060606,82.20022463636361
20541,STATE - ARUNACHAL PRADESH,Manufacture of agricultural and forestry machinery,1,1,0,0,0,0,1,1,0,0,0,0,0,0,0,0,0,0,1,1,22.65423406060606,82.20022463636361
20542,STATE - ARUNACHAL PRADESH,Manufacture of metal-forming machinery and machine tools,1,1,0,1,1,0,0,0,0,0,0,0,0,0,0,0,0,0,1,1,22.65423406060606,82.20022463636361
20543,STATE - ARUNACHAL PRADESH,"Manufacture of machinery for food, beverage and tobacco processing",2,1,1,0,0,0,2,1,1,0,0,0,0,0,0,0,0,0,2,1,22.65423406060606,82.20022463636361
20544,STATE - ARUNACHAL PRADESH,"Manufacture of machinery for textile, apparel and leather production",1,0,1,0,0,0,1,0,1,0,0,0,0,0,0,0,0,0,1,0,22.65423406060606,82.20022463636361
20545,STATE - ARUNACHAL PRADESH,Manufacture of other special-purpose machinery,1,1,0,0,0,0,1,1,0,0,0,0,0,0,0,0,0,0,1,1,22.65423406060606,82.20022463636361
20546,STATE - ARUNACHAL PRADESH,Manufacture of other transport equipment,59,57,2,36,36,0,23,21,2,19,19,0,7,7,0,12,12,0,78,28.5,22.65423406060606,82.20022463636361
20547,STATE - ARUNACHAL PRADESH,Building of ships and boats,4,4,0,2,2,0,2,2,0,1,1,0,0,0,0,1,1,0,5,4,22.65423406060606,82.20022463636361
20548,STATE - ARUNACHAL PRADESH,Building of ships and floating structures,4,4,0,2,2,0,2,2,0,1,1,0,0,0,0,1,1,0,5,4,22.65423406060606,82.20022463636361
20549,STATE - ARUNACHAL PRADESH,Manufacture of railway locomotives and rolling stock,2,0,2,0,0,0,2,0,2,0,0,0,0,0,0,0,0,0,2,0,22.65423406060606,82.20022463636361
20550,STATE - ARUNACHAL PRADESH,Manufacture of railway locomotives and rolling stock,2,0,2,0,0,0,2,0,2,0,0,0,0,0,0,0,0,0,2,0,22.65423406060606,82.20022463636361
20551,STATE - ARUNACHAL PRADESH,Manufacture of transport equipment n.e.c.,53,53,0,34,34,0,19,19,0,18,18,0,7,7,0,11,11,0,71,53,22.65423406060606,82.20022463636361
20552,STATE - ARUNACHAL PRADESH,Manufacture of other transport equipment n.e.c.,53,53,0,34,34,0,19,19,0,18,18,0,7,7,0,11,11,0,71,53,22.65423406060606,82.20022463636361
20553,STATE - ARUNACHAL PRADESH,Manufacture of furniture,1962,1925,37,917,901,16,1045,1024,21,389,367,22,183,172,11,206,195,11,2351,52.02702702702703,22.65423406060606,82.20022463636361
20554,STATE - ARUNACHAL PRADESH,Manufacture of furniture,1962,1925,37,917,901,16,1045,1024,21,389,367,22,183,172,11,206,195,11,2351,52.02702702702703,22.65423406060606,82.20022463636361
20555,STATE - ARUNACHAL PRADESH,Manufacture of furniture,1962,1925,37,917,901,16,1045,1024,21,389,367,22,183,172,11,206,195,11,2351,52.02702702702703,22.65423406060606,82.20022463636361
20556,STATE - ARUNACHAL PRADESH,Other manufacturing,269,241,28,68,57,11,201,184,17,44,33,11,14,9,5,30,24,6,313,8.607142857142858,22.65423406060606,82.20022463636361
20557,STATE - ARUNACHAL PRADESH,"Manufacture of jewellery, bijouterie and related articles",198,188,10,36,36,0,162,152,10,25,16,9,4,0,4,21,16,5,223,18.8,22.65423406060606,82.20022463636361
20558,STATE - ARUNACHAL PRADESH,Manufacture of jewellery and related articles,195,185,10,34,34,0,161,151,10,23,16,7,2,0,2,21,16,5,218,18.5,22.65423406060606,82.20022463636361
20559,STATE - ARUNACHAL PRADESH,Manufacture of imitation jewellery and related articles,3,3,0,2,2,0,1,1,0,2,0,2,2,0,2,0,0,0,5,3,22.65423406060606,82.20022463636361
20560,STATE - ARUNACHAL PRADESH,Manufacture of musical instruments,3,3,0,0,0,0,3,3,0,0,0,0,0,0,0,0,0,0,3,3,22.65423406060606,82.20022463636361
20561,STATE - ARUNACHAL PRADESH,Manufacture of musical instruments,3,3,0,0,0,0,3,3,0,0,0,0,0,0,0,0,0,0,3,3,22.65423406060606,82.20022463636361
20562,STATE - ARUNACHAL PRADESH,Manufacture of games and toys,1,1,0,0,0,0,1,1,0,0,0,0,0,0,0,0,0,0,1,1,22.65423406060606,82.20022463636361
20563,STATE - ARUNACHAL PRADESH,Manufacture of games and toys,1,1,0,0,0,0,1,1,0,0,0,0,0,0,0,0,0,0,1,1,22.65423406060606,82.20022463636361
20564,STATE - ARUNACHAL PRADESH,Other manufacturing n.e.c.,67,49,18,32,21,11,35,28,7,19,17,2,10,9,1,9,8,1,86,2.7222222222222223,22.65423406060606,82.20022463636361
20565,STATE - ARUNACHAL PRADESH,Other manufacturing n.e.c.,67,49,18,32,21,11,35,28,7,19,17,2,10,9,1,9,8,1,86,2.7222222222222223,22.65423406060606,82.20022463636361
20566,STATE - ARUNACHAL PRADESH,Repair and installation of machinery and equipment,254,226,28,172,147,25,82,79,3,30,21,9,13,7,6,17,14,3,284,8.071428571428571,22.65423406060606,82.20022463636361
20567,STATE - ARUNACHAL PRADESH,"Repair of fabricated metal products, machinery and equipment",251,223,28,172,147,25,79,76,3,30,21,9,13,7,6,17,14,3,281,7.964285714285714,22.65423406060606,82.20022463636361
20568,STATE - ARUNACHAL PRADESH,Repair of fabricated metal products,41,38,3,31,28,3,10,10,0,8,4,4,5,3,2,3,1,2,49,12.666666666666666,22.65423406060606,82.20022463636361
20569,STATE - ARUNACHAL PRADESH,Repair of machinery,15,12,3,4,2,2,11,10,1,0,0,0,0,0,0,0,0,0,15,4,22.65423406060606,82.20022463636361
20570,STATE - ARUNACHAL PRADESH,Repair of electronic and optical equipment,9,9,0,0,0,0,9,9,0,7,6,1,0,0,0,7,6,1,16,9,22.65423406060606,82.20022463636361
20571,STATE - ARUNACHAL PRADESH,Repair of electrical equipment,139,123,16,115,101,14,24,22,2,10,6,4,8,4,4,2,2,0,149,7.6875,22.65423406060606,82.20022463636361
20572,STATE - ARUNACHAL PRADESH,"Repair of transport equipment, except motor vehicles",23,17,6,19,13,6,4,4,0,3,3,0,0,0,0,3,3,0,26,2.833333333333333,22.65423406060606,82.20022463636361
20573,STATE - ARUNACHAL PRADESH,Repair of other equipment,24,24,0,3,3,0,21,21,0,2,2,0,0,0,0,2,2,0,26,24,22.65423406060606,82.20022463636361
20574,STATE - ARUNACHAL PRADESH,Installation of industrial machinery and equipment,3,3,0,0,0,0,3,3,0,0,0,0,0,0,0,0,0,0,3,3,22.65423406060606,82.20022463636361
20575,STATE - ARUNACHAL PRADESH,Installation of industrial machinery and equipment,3,3,0,0,0,0,3,3,0,0,0,0,0,0,0,0,0,0,3,3,22.65423406060606,82.20022463636361
20576,STATE - ARUNACHAL PRADESH,"Electricity, gas, steam and air conditioning supply",10494,8470,2024,6533,5560,973,3961,2910,1051,508,327,181,368,267,101,140,60,80,11002,4.184782608695652,22.65423406060606,82.20022463636361
20577,STATE - ARUNACHAL PRADESH,"Electric power generation, transmission and distribution",10441,8430,2011,6504,5542,962,3937,2888,1049,508,327,181,368,267,101,140,60,80,10949,4.191944306315266,22.65423406060606,82.20022463636361
20578,STATE - ARUNACHAL PRADESH,"Electric power generation, transmission and distribution",10441,8430,2011,6504,5542,962,3937,2888,1049,508,327,181,368,267,101,140,60,80,10949,4.191944306315266,22.65423406060606,82.20022463636361
20579,STATE - ARUNACHAL PRADESH,Manufacture of gas; distribution of gaseous fuels through mains,29,26,3,10,7,3,19,19,0,0,0,0,0,0,0,0,0,0,29,8.666666666666666,22.65423406060606,82.20022463636361
20580,STATE - ARUNACHAL PRADESH,Manufacture of gas; distribution of gaseous fuels through mains,29,26,3,10,7,3,19,19,0,0,0,0,0,0,0,0,0,0,29,8.666666666666666,22.65423406060606,82.20022463636361
20581,STATE - ARUNACHAL PRADESH,Steam and air conditioning supply,24,14,10,19,11,8,5,3,2,0,0,0,0,0,0,0,0,0,24,1.4,22.65423406060606,82.20022463636361
20582,STATE - ARUNACHAL PRADESH,Steam and air conditioning supply,24,14,10,19,11,8,5,3,2,0,0,0,0,0,0,0,0,0,24,1.4,22.65423406060606,82.20022463636361
20583,STATE - ARUNACHAL PRADESH,"Water collection, treatment and supply",3618,2872,746,1792,1506,286,1826,1366,460,141,90,51,91,62,29,50,28,22,3759,3.8498659517426272,22.65423406060606,82.20022463636361
20584,STATE - ARUNACHAL PRADESH,"Water collection, treatment and supply",3618,2872,746,1792,1506,286,1826,1366,460,141,90,51,91,62,29,50,28,22,3759,3.8498659517426272,22.65423406060606,82.20022463636361
20585,STATE - ARUNACHAL PRADESH,"Water collection, treatment and supply",3618,2872,746,1792,1506,286,1826,1366,460,141,90,51,91,62,29,50,28,22,3759,3.8498659517426272,22.65423406060606,82.20022463636361
20586,STATE - ARUNACHAL PRADESH,Sewerage,12,10,2,5,4,1,7,6,1,16,12,4,9,5,4,7,7,0,28,5,22.65423406060606,82.20022463636361
20587,STATE - ARUNACHAL PRADESH,Sewerage,12,10,2,5,4,1,7,6,1,16,12,4,9,5,4,7,7,0,28,5,22.65423406060606,82.20022463636361
20588,STATE - ARUNACHAL PRADESH,Sewerage,12,10,2,5,4,1,7,6,1,16,12,4,9,5,4,7,7,0,28,5,22.65423406060606,82.20022463636361
20589,STATE - ARUNACHAL PRADESH,"Waste collection, treatment and disposal activities; materials recovery",77,67,10,11,9,2,66,58,8,33,22,11,23,14,9,10,8,2,110,6.7,22.65423406060606,82.20022463636361
20590,STATE - ARUNACHAL PRADESH,Waste collection,75,65,10,10,8,2,65,57,8,33,22,11,23,14,9,10,8,2,108,6.5,22.65423406060606,82.20022463636361
20591,STATE - ARUNACHAL PRADESH,Collection of non-hazardous waste,55,47,8,6,6,0,49,41,8,31,20,11,23,14,9,8,6,2,86,5.875,22.65423406060606,82.20022463636361
20592,STATE - ARUNACHAL PRADESH,Collection of hazardous waste,20,18,2,4,2,2,16,16,0,2,2,0,0,0,0,2,2,0,22,9,22.65423406060606,82.20022463636361
20593,STATE - ARUNACHAL PRADESH,Waste treatment and disposal,2,2,0,1,1,0,1,1,0,0,0,0,0,0,0,0,0,0,2,2,22.65423406060606,82.20022463636361
20594,STATE - ARUNACHAL PRADESH,Treatment and disposal of hazardous waste,2,2,0,1,1,0,1,1,0,0,0,0,0,0,0,0,0,0,2,2,22.65423406060606,82.20022463636361
20595,STATE - ARUNACHAL PRADESH,Remediation activities and other waste management services,5,4,1,4,3,1,1,1,0,0,0,0,0,0,0,0,0,0,5,4,22.65423406060606,82.20022463636361
20596,STATE - ARUNACHAL PRADESH,Remediation activities and other waste management services,5,4,1,4,3,1,1,1,0,0,0,0,0,0,0,0,0,0,5,4,22.65423406060606,82.20022463636361
20597,STATE - ARUNACHAL PRADESH,Remediation activities and other waste management services,5,4,1,4,3,1,1,1,0,0,0,0,0,0,0,0,0,0,5,4,22.65423406060606,82.20022463636361
20598,STATE - ARUNACHAL PRADESH,Construction of buildings,9201,7996,1205,5135,4365,770,4066,3631,435,1725,1396,329,994,794,200,731,602,129,10926,6.635684647302905,22.65423406060606,82.20022463636361
20599,STATE - ARUNACHAL PRADESH,Construction of buildings,9201,7996,1205,5135,4365,770,4066,3631,435,1725,1396,329,994,794,200,731,602,129,10926,6.635684647302905,22.65423406060606,82.20022463636361
20600,STATE - ARUNACHAL PRADESH,Construction of buildings,9201,7996,1205,5135,4365,770,4066,3631,435,1725,1396,329,994,794,200,731,602,129,10926,6.635684647302905,22.65423406060606,82.20022463636361
20601,STATE - ARUNACHAL PRADESH,Civil engineering,20264,15021,5243,14237,10415,3822,6027,4606,1421,2262,1454,808,1811,1131,680,451,323,128,22526,2.864962807552928,22.65423406060606,82.20022463636361
20602,STATE - ARUNACHAL PRADESH,Construction of roads and railways,18608,13619,4989,13226,9557,3669,5382,4062,1320,1914,1215,699,1606,1000,606,308,215,93,20522,2.72980557225897,22.65423406060606,82.20022463636361
20603,STATE - ARUNACHAL PRADESH,Construction roads and railways,18608,13619,4989,13226,9557,3669,5382,4062,1320,1914,1215,699,1606,1000,606,308,215,93,20522,2.72980557225897,22.65423406060606,82.20022463636361
20604,STATE - ARUNACHAL PRADESH,Construction of utility projects,233,194,39,112,98,14,121,96,25,18,16,2,5,5,0,13,11,2,251,4.974358974358975,22.65423406060606,82.20022463636361
20605,STATE - ARUNACHAL PRADESH,Construction of utility projects,233,194,39,112,98,14,121,96,25,18,16,2,5,5,0,13,11,2,251,4.974358974358975,22.65423406060606,82.20022463636361
20606,STATE - ARUNACHAL PRADESH,Construction of other civil engineering projects,1423,1208,215,899,760,139,524,448,76,330,223,107,200,126,74,130,97,33,1753,5.618604651162791,22.65423406060606,82.20022463636361
20607,STATE - ARUNACHAL PRADESH,Construction of other civil engineering projects,1423,1208,215,899,760,139,524,448,76,330,223,107,200,126,74,130,97,33,1753,5.618604651162791,22.65423406060606,82.20022463636361
20608,STATE - ARUNACHAL PRADESH,Specialized construction activities,2773,2260,513,1429,1114,315,1344,1146,198,878,656,222,512,373,139,366,283,83,3651,4.405458089668616,22.65423406060606,82.20022463636361
20609,STATE - ARUNACHAL PRADESH,Demolition and site preparation,40,33,7,23,17,6,17,16,1,16,16,0,15,15,0,1,1,0,56,4.714285714285714,22.65423406060606,82.20022463636361
20610,STATE - ARUNACHAL PRADESH,Site preparation,40,33,7,23,17,6,17,16,1,16,16,0,15,15,0,1,1,0,56,4.714285714285714,22.65423406060606,82.20022463636361
20611,STATE - ARUNACHAL PRADESH,"Electrical, plumbing and other construction installation activities",2146,1686,460,1177,899,278,969,787,182,734,523,211,433,298,135,301,225,76,2880,3.665217391304348,22.65423406060606,82.20022463636361
20612,STATE - ARUNACHAL PRADESH,"Plumbing, heat and air-conditioning installation",140,136,4,68,64,4,72,72,0,7,7,0,2,2,0,5,5,0,147,34,22.65423406060606,82.20022463636361
20613,STATE - ARUNACHAL PRADESH,Other construction installation,1867,1411,456,1035,761,274,832,650,182,709,503,206,426,292,134,283,211,72,2576,3.094298245614035,22.65423406060606,82.20022463636361
20614,STATE - ARUNACHAL PRADESH,Building completion and finishing,529,491,38,197,172,25,332,319,13,105,95,10,44,41,3,61,54,7,634,12.921052631578949,22.65423406060606,82.20022463636361
20615,STATE - ARUNACHAL PRADESH,Building completion and finishing,529,491,38,197,172,25,332,319,13,105,95,10,44,41,3,61,54,7,634,12.921052631578949,22.65423406060606,82.20022463636361
20616,STATE - ARUNACHAL PRADESH,Other specialized construction activities,58,50,8,32,26,6,26,24,2,23,22,1,20,19,1,3,3,0,81,6.25,22.65423406060606,82.20022463636361
20617,STATE - ARUNACHAL PRADESH,Other specialized construction activities,58,50,8,32,26,6,26,24,2,23,22,1,20,19,1,3,3,0,81,6.25,22.65423406060606,82.20022463636361
20618,STATE - ARUNACHAL PRADESH,Wholesale and retail trade and repair of motor vehicles and motorcycles,1515,1472,43,389,383,6,1126,1089,37,202,176,26,58,53,5,144,123,21,1717,34.23255813953488,22.65423406060606,82.20022463636361
20619,STATE - ARUNACHAL PRADESH,Sale of motor vehicles,100,85,15,9,8,1,91,77,14,16,16,0,6,6,0,10,10,0,116,5.666666666666667,22.65423406060606,82.20022463636361
20620,STATE - ARUNACHAL PRADESH,Sale of motor vehicles,100,85,15,9,8,1,91,77,14,16,16,0,6,6,0,10,10,0,116,5.666666666666667,22.65423406060606,82.20022463636361
20621,STATE - ARUNACHAL PRADESH,Maintenance and repair of motor vehicles,1075,1060,15,293,291,2,782,769,13,130,110,20,25,20,5,105,90,15,1205,70.66666666666667,22.65423406060606,82.20022463636361
20622,STATE - ARUNACHAL PRADESH,Maintenance and repair of motor vehicles,1075,1060,15,293,291,2,782,769,13,130,110,20,25,20,5,105,90,15,1205,70.66666666666667,22.65423406060606,82.20022463636361
20623,STATE - ARUNACHAL PRADESH,Sale of motor vehicle parts and accessories,152,142,10,19,16,3,133,126,7,11,6,5,6,6,0,5,0,5,163,14.2,22.65423406060606,82.20022463636361
20624,STATE - ARUNACHAL PRADESH,Sale of motor vehicle parts and accessories,152,142,10,19,16,3,133,126,7,11,6,5,6,6,0,5,0,5,163,14.2,22.65423406060606,82.20022463636361
20625,STATE - ARUNACHAL PRADESH,"Sale, maintenance and repair of motorcycles and related parts and",188,185,3,68,68,0,120,117,3,45,44,1,21,21,0,24,23,1,233,61.66666666666666,22.65423406060606,82.20022463636361
20626,STATE - ARUNACHAL PRADESH,"Sale, maintenance and repair of motorcycles and related parts and",188,185,3,68,68,0,120,117,3,45,44,1,21,21,0,24,23,1,233,61.66666666666666,22.65423406060606,82.20022463636361
20627,STATE - ARUNACHAL PRADESH,"Wholesale trade, except of motor vehicles and motorcycles",870,771,99,344,311,33,526,460,66,123,96,27,48,34,14,75,62,13,993,7.787878787878788,22.65423406060606,82.20022463636361
20628,STATE - ARUNACHAL PRADESH,Wholesale on a fee or contract basis,29,21,8,14,13,1,15,8,7,10,5,5,6,1,5,4,4,0,39,2.625,22.65423406060606,82.20022463636361
20629,STATE - ARUNACHAL PRADESH,Wholesale on a fee or contract basis,29,21,8,14,13,1,15,8,7,10,5,5,6,1,5,4,4,0,39,2.625,22.65423406060606,82.20022463636361
20630,STATE - ARUNACHAL PRADESH,Wholesale of agricultural raw materials and live animals,81,68,13,15,14,1,66,54,12,8,6,2,7,5,2,1,1,0,89,5.230769230769231,22.65423406060606,82.20022463636361
20631,STATE - ARUNACHAL PRADESH,Wholesale of agricultural raw materials and live animals,81,68,13,15,14,1,66,54,12,8,6,2,7,5,2,1,1,0,89,5.230769230769231,22.65423406060606,82.20022463636361
20632,STATE - ARUNACHAL PRADESH,"Wholesale of food, beverages and tobacco",111,100,11,71,68,3,40,32,8,4,2,2,2,0,2,2,2,0,115,9.090909090909092,22.65423406060606,82.20022463636361
20633,STATE - ARUNACHAL PRADESH,"Wholesale of food, beverages and tobacco",111,100,11,71,68,3,40,32,8,4,2,2,2,0,2,2,2,0,115,9.090909090909092,22.65423406060606,82.20022463636361
20634,STATE - ARUNACHAL PRADESH,Wholesale of household goods,208,181,27,75,63,12,133,118,15,15,12,3,6,3,3,9,9,0,223,6.703703703703703,22.65423406060606,82.20022463636361
20635,STATE - ARUNACHAL PRADESH,"Wholesale of textiles, clothing and footwear",11,8,3,3,2,1,8,6,2,4,2,2,4,2,2,0,0,0,15,2.6666666666666665,22.65423406060606,82.20022463636361
20636,STATE - ARUNACHAL PRADESH,Wholesale of other household goods,197,173,24,72,61,11,125,112,13,11,10,1,2,1,1,9,9,0,208,7.208333333333333,22.65423406060606,82.20022463636361
20637,STATE - ARUNACHAL PRADESH,"Wholesale of machinery, equipment and supplies",81,77,4,33,31,2,48,46,2,28,22,6,13,13,0,15,9,6,109,19.25,22.65423406060606,82.20022463636361
20638,STATE - ARUNACHAL PRADESH,"Wholesale of agricultural machinery, equipment and supplies",0,0,0,0,0,0,0,0,0,1,1,0,1,1,0,0,0,0,1,0,22.65423406060606,82.20022463636361
20639,STATE - ARUNACHAL PRADESH,Wholesale of other machinery and equipment,81,77,4,33,31,2,48,46,2,27,21,6,12,12,0,15,9,6,108,19.25,22.65423406060606,82.20022463636361
20640,STATE - ARUNACHAL PRADESH,Other specialized wholesale,112,106,6,39,39,0,73,67,6,19,14,5,6,4,2,13,10,3,131,17.666666666666668,22.65423406060606,82.20022463636361
20641,STATE - ARUNACHAL PRADESH,"Wholesale of solid, liquid and gaseous fuels and related products",17,17,0,10,10,0,7,7,0,1,1,0,1,1,0,0,0,0,18,17,22.65423406060606,82.20022463636361
20642,STATE - ARUNACHAL PRADESH,"Wholesale of construction materials, hardware, plumbing and heating",73,70,3,25,25,0,48,45,3,8,6,2,4,2,2,4,4,0,81,23.33333333333333,22.65423406060606,82.20022463636361
20643,STATE - ARUNACHAL PRADESH,Wholesale of waste and scrap and other products n.e.c.,22,19,3,4,4,0,18,15,3,10,7,3,1,1,0,9,6,3,32,6.333333333333333,22.65423406060606,82.20022463636361
20644,STATE - ARUNACHAL PRADESH,Non-specialized wholesale trade,248,218,30,97,83,14,151,135,16,39,35,4,8,8,0,31,27,4,287,7.266666666666667,22.65423406060606,82.20022463636361
20645,STATE - ARUNACHAL PRADESH,Non-specialized wholesale trade,248,218,30,97,83,14,151,135,16,39,35,4,8,8,0,31,27,4,287,7.266666666666667,22.65423406060606,82.20022463636361
20646,STATE - ARUNACHAL PRADESH,"Retail trade, except of motor vehicles and motorcycles",15723,12353,3370,6053,4453,1600,9670,7900,1770,2120,1292,828,850,472,378,1270,820,450,17843,3.6655786350148367,22.65423406060606,82.20022463636361
20647,STATE - ARUNACHAL PRADESH,Retail sale in non-specialized stores,6703,5125,1578,3223,2298,925,3480,2827,653,934,561,373,391,210,181,543,351,192,7637,3.247782002534854,22.65423406060606,82.20022463636361
20648,STATE - ARUNACHAL PRADESH,"Retail sale in non-specialized stores with food, beverages or tobacco",2745,2095,650,1341,938,403,1404,1157,247,358,197,161,166,88,78,192,109,83,3103,3.223076923076923,22.65423406060606,82.20022463636361
20649,STATE - ARUNACHAL PRADESH,Other retail sale in non-specialized stores,3958,3030,928,1882,1360,522,2076,1670,406,576,364,212,225,122,103,351,242,109,4534,3.265086206896552,22.65423406060606,82.20022463636361
20650,STATE - ARUNACHAL PRADESH,"Retail sale of food, beverages and tobacco in specialized stores",3104,2349,755,1135,833,302,1969,1516,453,466,247,219,208,109,99,258,138,120,3570,3.111258278145695,22.65423406060606,82.20022463636361
20651,STATE - ARUNACHAL PRADESH,Retail sale of food in specialized stores,2529,1920,609,918,678,240,1611,1242,369,394,203,191,182,88,94,212,115,97,2923,3.1527093596059115,22.65423406060606,82.20022463636361
20652,STATE - ARUNACHAL PRADESH,Retail sale of beverages in specialized stores,320,254,66,89,61,28,231,193,38,44,33,11,16,13,3,28,20,8,364,3.8484848484848486,22.65423406060606,82.20022463636361
20653,STATE - ARUNACHAL PRADESH,Retail sale of tobacco products in specialized stores,255,175,80,128,94,34,127,81,46,28,11,17,10,8,2,18,3,15,283,2.1875,22.65423406060606,82.20022463636361
20654,STATE - ARUNACHAL PRADESH,Retail sale of automotive fuel in specialized stores,216,208,8,93,88,5,123,120,3,11,10,1,5,4,1,6,6,0,227,26,22.65423406060606,82.20022463636361
20655,STATE - ARUNACHAL PRADESH,Retail sale of automotive fuel in specialized stores,216,208,8,93,88,5,123,120,3,11,10,1,5,4,1,6,6,0,227,26,22.65423406060606,82.20022463636361
20656,STATE - ARUNACHAL PRADESH,Retail sale of information and communications equipment in specialized,192,173,19,45,36,9,147,137,10,22,17,5,10,7,3,12,10,2,214,9.105263157894736,22.65423406060606,82.20022463636361
20657,STATE - ARUNACHAL PRADESH,"Retail sale of computers, peripheral units, software and",167,149,18,36,28,8,131,121,10,19,14,5,9,6,3,10,8,2,186,8.277777777777779,22.65423406060606,82.20022463636361
20658,STATE - ARUNACHAL PRADESH,Retail sale of audio and video equipment in specialized stores,25,24,1,9,8,1,16,16,0,3,3,0,1,1,0,2,2,0,28,24,22.65423406060606,82.20022463636361
20659,STATE - ARUNACHAL PRADESH,Retail sale of other household equipment in specialized stores,999,937,62,243,222,21,756,715,41,100,81,19,30,27,3,70,54,16,1099,15.112903225806452,22.65423406060606,82.20022463636361
20660,STATE - ARUNACHAL PRADESH,Retail sale of textiles in specialized stores,23,13,10,13,6,7,10,7,3,12,6,6,0,0,0,12,6,6,35,1.3,22.65423406060606,82.20022463636361
20661,STATE - ARUNACHAL PRADESH,"Retail sale of hardware, paints and glass in specialized stores",544,520,24,148,144,4,396,376,20,60,50,10,24,22,2,36,28,8,604,21.666666666666668,22.65423406060606,82.20022463636361
20662,STATE - ARUNACHAL PRADESH,"Retail sale of carpets, rugs, wall and floor coverings in specialized",6,5,1,1,1,0,5,4,1,1,0,1,0,0,0,1,0,1,7,5,22.65423406060606,82.20022463636361
20663,STATE - ARUNACHAL PRADESH,"Retail sale of electrical household appliances, furniture, lighting",426,399,27,81,71,10,345,328,17,27,25,2,6,5,1,21,20,1,453,14.77777777777778,22.65423406060606,82.20022463636361
20664,STATE - ARUNACHAL PRADESH,Retail sale of cultural and recreation goods in specialized stores,344,293,51,88,69,19,256,224,32,51,37,14,31,18,13,20,19,1,395,5.745098039215686,22.65423406060606,82.20022463636361
20665,STATE - ARUNACHAL PRADESH,"Retail sale of books, newspapers and stationary in specialized stores",317,270,47,88,69,19,229,201,28,48,35,13,30,17,13,18,18,0,365,5.74468085106383,22.65423406060606,82.20022463636361
20666,STATE - ARUNACHAL PRADESH,Retail sale of music and video recordings in specialized stores,12,10,2,0,0,0,12,10,2,0,0,0,0,0,0,0,0,0,12,5,22.65423406060606,82.20022463636361
20667,STATE - ARUNACHAL PRADESH,Retail sale of sporting equipment in specialized stores,8,8,0,0,0,0,8,8,0,2,2,0,1,1,0,1,1,0,10,8,22.65423406060606,82.20022463636361
20668,STATE - ARUNACHAL PRADESH,Retail sale of games and toys in specialized stores,7,5,2,0,0,0,7,5,2,1,0,1,0,0,0,1,0,1,8,2.5,22.65423406060606,82.20022463636361
20669,STATE - ARUNACHAL PRADESH,Retail sale of other goods in specialized stores,3437,2703,734,891,645,246,2546,2058,488,375,224,151,125,70,55,250,154,96,3812,3.6825613079019073,22.65423406060606,82.20022463636361
20670,STATE - ARUNACHAL PRADESH,"Retail sale of clothing, footwear and leather articles in specialized",2271,1706,565,574,392,182,1697,1314,383,245,143,102,64,32,32,181,111,70,2516,3.019469026548673,22.65423406060606,82.20022463636361
20671,STATE - ARUNACHAL PRADESH,"Retail sale of pharmaceutical and medical goods, cosmetic and toilet",925,789,136,252,199,53,673,590,83,80,58,22,35,25,10,45,33,12,1005,5.801470588235294,22.65423406060606,82.20022463636361
20672,STATE - ARUNACHAL PRADESH,Other retail sale of new goods in specialized stores,227,195,32,58,47,11,169,148,21,50,23,27,26,13,13,24,10,14,277,6.09375,22.65423406060606,82.20022463636361
20673,STATE - ARUNACHAL PRADESH,Retail sale of second-hand goods,14,13,1,7,7,0,7,6,1,0,0,0,0,0,0,0,0,0,14,13,22.65423406060606,82.20022463636361
20674,STATE - ARUNACHAL PRADESH,Retail sale via stalls and markets,618,475,143,297,232,65,321,243,78,134,100,34,40,24,16,94,76,18,752,3.3216783216783217,22.65423406060606,82.20022463636361
20675,STATE - ARUNACHAL PRADESH,"Retail sale via stalls and markets of food, beverages and tobacco",14,6,8,7,1,6,7,5,2,1,1,0,1,1,0,0,0,0,15,0.75,22.65423406060606,82.20022463636361
20676,STATE - ARUNACHAL PRADESH,"Retail sale via stalls and markets of textiles, clothing and footwear",17,12,5,7,4,3,10,8,2,4,3,1,1,1,0,3,2,1,21,2.4,22.65423406060606,82.20022463636361
20677,STATE - ARUNACHAL PRADESH,Retail sale via stalls and markets of other goods,587,457,130,283,227,56,304,230,74,129,96,33,38,22,16,91,74,17,716,3.5153846153846158,22.65423406060606,82.20022463636361
20678,STATE - ARUNACHAL PRADESH,"Retail trade not in stores, stalls or markets",110,90,20,38,30,8,72,60,12,27,15,12,10,3,7,17,12,5,137,4.5,22.65423406060606,82.20022463636361
20679,STATE - ARUNACHAL PRADESH,Retail sale via mail order houses or via Internet,18,17,1,8,8,0,10,9,1,8,2,6,7,1,6,1,1,0,26,17,22.65423406060606,82.20022463636361
20680,STATE - ARUNACHAL PRADESH,"Other retail sale not in stores, stalls or markets",92,73,19,30,22,8,62,51,11,19,13,6,3,2,1,16,11,5,111,3.842105263157895,22.65423406060606,82.20022463636361
20681,STATE - ARUNACHAL PRADESH,Land transport and transport via pipelines,5693,5595,98,2551,2526,25,3142,3069,73,592,568,24,316,305,11,276,263,13,6285,57.09183673469388,22.65423406060606,82.20022463636361
20682,STATE - ARUNACHAL PRADESH,Transport via railways,30,29,1,26,25,1,4,4,0,0,0,0,0,0,0,0,0,0,30,29,22.65423406060606,82.20022463636361
20683,STATE - ARUNACHAL PRADESH,Passenger rail transport,28,27,1,26,25,1,2,2,0,0,0,0,0,0,0,0,0,0,28,27,22.65423406060606,82.20022463636361
20684,STATE - ARUNACHAL PRADESH,Freight rail transport,2,2,0,0,0,0,2,2,0,0,0,0,0,0,0,0,0,0,2,2,22.65423406060606,82.20022463636361
20685,STATE - ARUNACHAL PRADESH,Other land transport,5663,5566,97,2525,2501,24,3138,3065,73,592,568,24,316,305,11,276,263,13,6255,57.381443298969074,22.65423406060606,82.20022463636361
20686,STATE - ARUNACHAL PRADESH,Urban or suburban passenger land transport,764,751,13,287,286,1,477,465,12,97,92,5,31,30,1,66,62,4,861,57.76923076923077,22.65423406060606,82.20022463636361
20687,STATE - ARUNACHAL PRADESH,Other passenger land transport,3435,3363,72,1436,1421,15,1999,1942,57,359,345,14,193,186,7,166,159,7,3794,46.708333333333336,22.65423406060606,82.20022463636361
20688,STATE - ARUNACHAL PRADESH,Water transport,10,10,0,7,7,0,3,3,0,6,6,0,6,6,0,0,0,0,16,10,22.65423406060606,82.20022463636361
20689,STATE - ARUNACHAL PRADESH,Inland water transport,10,10,0,7,7,0,3,3,0,6,6,0,6,6,0,0,0,0,16,10,22.65423406060606,82.20022463636361
20690,STATE - ARUNACHAL PRADESH,Inland passenger water transport,10,10,0,7,7,0,3,3,0,6,6,0,6,6,0,0,0,0,16,10,22.65423406060606,82.20022463636361
20691,STATE - ARUNACHAL PRADESH,Air transport,42,29,13,17,13,4,25,16,9,3,0,3,0,0,0,3,0,3,45,2.230769230769231,22.65423406060606,82.20022463636361
20692,STATE - ARUNACHAL PRADESH,Passenger air transport,19,14,5,8,6,2,11,8,3,3,0,3,0,0,0,3,0,3,22,2.8,22.65423406060606,82.20022463636361
20693,STATE - ARUNACHAL PRADESH,Passenger air transport,19,14,5,8,6,2,11,8,3,3,0,3,0,0,0,3,0,3,22,2.8,22.65423406060606,82.20022463636361
20694,STATE - ARUNACHAL PRADESH,Freight air transport,23,15,8,9,7,2,14,8,6,0,0,0,0,0,0,0,0,0,23,1.875,22.65423406060606,82.20022463636361
20695,STATE - ARUNACHAL PRADESH,Freight air transport,23,15,8,9,7,2,14,8,6,0,0,0,0,0,0,0,0,0,23,1.875,22.65423406060606,82.20022463636361
20696,STATE - ARUNACHAL PRADESH,Warehousing and support activities for transportation,760,684,76,318,289,29,442,395,47,102,84,18,47,34,13,55,50,5,862,9,22.65423406060606,82.20022463636361
20697,STATE - ARUNACHAL PRADESH,Warehousing and storage,89,79,10,46,42,4,43,37,6,14,12,2,8,8,0,6,4,2,103,7.9,22.65423406060606,82.20022463636361
20698,STATE - ARUNACHAL PRADESH,Warehousing and storage,89,79,10,46,42,4,43,37,6,14,12,2,8,8,0,6,4,2,103,7.9,22.65423406060606,82.20022463636361
20699,STATE - ARUNACHAL PRADESH,Support activities for transportation,671,605,66,272,247,25,399,358,41,88,72,16,39,26,13,49,46,3,759,9.166666666666666,22.65423406060606,82.20022463636361
20700,STATE - ARUNACHAL PRADESH,Service activities incidental to land transportation,586,540,46,253,234,19,333,306,27,78,67,11,31,23,8,47,44,3,664,11.73913043478261,22.65423406060606,82.20022463636361
20701,STATE - ARUNACHAL PRADESH,Service activities incidental to water transportation,2,0,2,0,0,0,2,0,2,0,0,0,0,0,0,0,0,0,2,0,22.65423406060606,82.20022463636361
20702,STATE - ARUNACHAL PRADESH,Service activities incidental to air transportation,2,0,2,1,0,1,1,0,1,0,0,0,0,0,0,0,0,0,2,0,22.65423406060606,82.20022463636361
20703,STATE - ARUNACHAL PRADESH,Cargo handling,1,1,0,0,0,0,1,1,0,0,0,0,0,0,0,0,0,0,1,1,22.65423406060606,82.20022463636361
20704,STATE - ARUNACHAL PRADESH,Other transportation support activities,80,64,16,18,13,5,62,51,11,10,5,5,8,3,5,2,2,0,90,4,22.65423406060606,82.20022463636361
20705,STATE - ARUNACHAL PRADESH,Postal and courier activities,429,340,89,210,177,33,219,163,56,10,5,5,2,2,0,8,3,5,439,3.820224719101124,22.65423406060606,82.20022463636361
20706,STATE - ARUNACHAL PRADESH,Postal activities,424,335,89,209,176,33,215,159,56,10,5,5,2,2,0,8,3,5,434,3.764044943820225,22.65423406060606,82.20022463636361
20707,STATE - ARUNACHAL PRADESH,Postal activities,424,335,89,209,176,33,215,159,56,10,5,5,2,2,0,8,3,5,434,3.764044943820225,22.65423406060606,82.20022463636361
20708,STATE - ARUNACHAL PRADESH,Courier activities,5,5,0,1,1,0,4,4,0,0,0,0,0,0,0,0,0,0,5,5,22.65423406060606,82.20022463636361
20709,STATE - ARUNACHAL PRADESH,Courier activities,5,5,0,1,1,0,4,4,0,0,0,0,0,0,0,0,0,0,5,5,22.65423406060606,82.20022463636361
20710,STATE - ARUNACHAL PRADESH,Accommodation,1303,983,320,486,354,132,817,629,188,149,73,76,76,25,51,73,48,25,1452,3.071875,22.65423406060606,82.20022463636361
20711,STATE - ARUNACHAL PRADESH,Short term accommodation activities,1188,931,257,434,324,110,754,607,147,132,71,61,67,24,43,65,47,18,1320,3.622568093385214,22.65423406060606,82.20022463636361
20712,STATE - ARUNACHAL PRADESH,Short term accommodation activities,1188,931,257,434,324,110,754,607,147,132,71,61,67,24,43,65,47,18,1320,3.622568093385214,22.65423406060606,82.20022463636361
20713,STATE - ARUNACHAL PRADESH,"Camping grounds, recreational vehicle parks and trailer parks",1,1,0,0,0,0,1,1,0,0,0,0,0,0,0,0,0,0,1,1,22.65423406060606,82.20022463636361
20714,STATE - ARUNACHAL PRADESH,"Camping grounds, recreational vehicle parks and trailer parks",1,1,0,0,0,0,1,1,0,0,0,0,0,0,0,0,0,0,1,1,22.65423406060606,82.20022463636361
20715,STATE - ARUNACHAL PRADESH,Other accommodation,114,51,63,52,30,22,62,21,41,17,2,15,9,1,8,8,1,7,131,0.8095238095238095,22.65423406060606,82.20022463636361
20716,STATE - ARUNACHAL PRADESH,Other accommodation,114,51,63,52,30,22,62,21,41,17,2,15,9,1,8,8,1,7,131,0.8095238095238095,22.65423406060606,82.20022463636361
20717,STATE - ARUNACHAL PRADESH,Food and beverage service activities,840,588,252,368,240,128,472,348,124,148,99,49,78,48,30,70,51,19,988,2.333333333333333,22.65423406060606,82.20022463636361
20718,STATE - ARUNACHAL PRADESH,Restaurants and mobile food service activities,220,164,56,68,51,17,152,113,39,63,47,16,31,21,10,32,26,6,283,2.9285714285714284,22.65423406060606,82.20022463636361
20719,STATE - ARUNACHAL PRADESH,Restaurants and mobile food service activities,220,164,56,68,51,17,152,113,39,63,47,16,31,21,10,32,26,6,283,2.9285714285714284,22.65423406060606,82.20022463636361
20720,STATE - ARUNACHAL PRADESH,Event catering and other food service activities,108,79,29,67,51,16,41,28,13,18,12,6,14,9,5,4,3,1,126,2.7241379310344827,22.65423406060606,82.20022463636361
20721,STATE - ARUNACHAL PRADESH,Event catering,38,30,8,22,18,4,16,12,4,9,6,3,6,3,3,3,3,0,47,3.75,22.65423406060606,82.20022463636361
20722,STATE - ARUNACHAL PRADESH,Other food service activities,70,49,21,45,33,12,25,16,9,9,6,3,8,6,2,1,0,1,79,2.333333333333333,22.65423406060606,82.20022463636361
20723,STATE - ARUNACHAL PRADESH,Beverage serving activities,512,345,167,233,138,95,279,207,72,67,40,27,33,18,15,34,22,12,579,2.065868263473054,22.65423406060606,82.20022463636361
20724,STATE - ARUNACHAL PRADESH,Beverage serving activities,512,345,167,233,138,95,279,207,72,67,40,27,33,18,15,34,22,12,579,2.065868263473054,22.65423406060606,82.20022463636361
20725,STATE - ARUNACHAL PRADESH,Publishing activities,128,94,34,6,6,0,122,88,34,8,8,0,0,0,0,8,8,0,136,2.764705882352941,22.65423406060606,82.20022463636361
20726,STATE - ARUNACHAL PRADESH,"Publishing of books, periodicals and other publishing activities",127,93,34,6,6,0,121,87,34,8,8,0,0,0,0,8,8,0,135,2.735294117647059,22.65423406060606,82.20022463636361
20727,STATE - ARUNACHAL PRADESH,Book publishing,90,61,29,5,5,0,85,56,29,7,7,0,0,0,0,7,7,0,97,2.103448275862069,22.65423406060606,82.20022463636361
20728,STATE - ARUNACHAL PRADESH,Publishing of directories and mailing lists,2,2,0,0,0,0,2,2,0,0,0,0,0,0,0,0,0,0,2,2,22.65423406060606,82.20022463636361
20729,STATE - ARUNACHAL PRADESH,"Publishing of newspapers, journals and periodicals",32,28,4,0,0,0,32,28,4,0,0,0,0,0,0,0,0,0,32,7,22.65423406060606,82.20022463636361
20730,STATE - ARUNACHAL PRADESH,Other publishing activities,3,2,1,1,1,0,2,1,1,1,1,0,0,0,0,1,1,0,4,2,22.65423406060606,82.20022463636361
20731,STATE - ARUNACHAL PRADESH,Software publishing,1,1,0,0,0,0,1,1,0,0,0,0,0,0,0,0,0,0,1,1,22.65423406060606,82.20022463636361
20732,STATE - ARUNACHAL PRADESH,Software publishing,1,1,0,0,0,0,1,1,0,0,0,0,0,0,0,0,0,0,1,1,22.65423406060606,82.20022463636361
20733,STATE - ARUNACHAL PRADESH,"Motion picture, video and television programme production, sound recording",38,33,5,6,5,1,32,28,4,1,0,1,0,0,0,1,0,1,39,6.6,22.65423406060606,82.20022463636361
20734,STATE - ARUNACHAL PRADESH,"Motion picture, video and television programme activities",38,33,5,6,5,1,32,28,4,1,0,1,0,0,0,1,0,1,39,6.6,22.65423406060606,82.20022463636361
20735,STATE - ARUNACHAL PRADESH,"Motion picture, video and television programme production activities",8,8,0,2,2,0,6,6,0,1,0,1,0,0,0,1,0,1,9,8,22.65423406060606,82.20022463636361
20736,STATE - ARUNACHAL PRADESH,"Motion picture, video and television programme post-production",7,7,0,0,0,0,7,7,0,0,0,0,0,0,0,0,0,0,7,7,22.65423406060606,82.20022463636361
20737,STATE - ARUNACHAL PRADESH,"Motion picture, video and television programme distribution activities",19,15,4,3,3,0,16,12,4,0,0,0,0,0,0,0,0,0,19,3.75,22.65423406060606,82.20022463636361
20738,STATE - ARUNACHAL PRADESH,Motion picture projection activities,4,3,1,1,0,1,3,3,0,0,0,0,0,0,0,0,0,0,4,3,22.65423406060606,82.20022463636361
20739,STATE - ARUNACHAL PRADESH,Broadcasting and programming activities,252,212,40,46,42,4,206,170,36,12,8,4,3,1,2,9,7,2,264,5.3,22.65423406060606,82.20022463636361
20740,STATE - ARUNACHAL PRADESH,Radio broadcasting,190,160,30,25,23,2,165,137,28,3,1,2,3,1,2,0,0,0,193,5.333333333333333,22.65423406060606,82.20022463636361
20741,STATE - ARUNACHAL PRADESH,Radio broadcasting,190,160,30,25,23,2,165,137,28,3,1,2,3,1,2,0,0,0,193,5.333333333333333,22.65423406060606,82.20022463636361
20742,STATE - ARUNACHAL PRADESH,Television programming and broadcasting activities,62,52,10,21,19,2,41,33,8,9,7,2,0,0,0,9,7,2,71,5.2,22.65423406060606,82.20022463636361
20743,STATE - ARUNACHAL PRADESH,Television programming and broadcasting activities,62,52,10,21,19,2,41,33,8,9,7,2,0,0,0,9,7,2,71,5.2,22.65423406060606,82.20022463636361
20744,STATE - ARUNACHAL PRADESH,Telecommunications,957,821,136,271,228,43,686,593,93,80,54,26,17,14,3,63,40,23,1037,6.036764705882353,22.65423406060606,82.20022463636361
20745,STATE - ARUNACHAL PRADESH,Wired telecommunications activities,386,320,66,113,88,25,273,232,41,29,19,10,12,10,2,17,9,8,415,4.848484848484849,22.65423406060606,82.20022463636361
20746,STATE - ARUNACHAL PRADESH,Wired telecommunications activities,386,320,66,113,88,25,273,232,41,29,19,10,12,10,2,17,9,8,415,4.848484848484849,22.65423406060606,82.20022463636361
20747,STATE - ARUNACHAL PRADESH,Wireless telecommunications activities,110,97,13,52,47,5,58,50,8,22,13,9,3,2,1,19,11,8,132,7.461538461538462,22.65423406060606,82.20022463636361
20748,STATE - ARUNACHAL PRADESH,Wireless telecommunications activities,110,97,13,52,47,5,58,50,8,22,13,9,3,2,1,19,11,8,132,7.461538461538462,22.65423406060606,82.20022463636361
20749,STATE - ARUNACHAL PRADESH,Satellite telecommunications activities,80,75,5,17,17,0,63,58,5,0,0,0,0,0,0,0,0,0,80,15,22.65423406060606,82.20022463636361
20750,STATE - ARUNACHAL PRADESH,Satellite telecommunications activities,80,75,5,17,17,0,63,58,5,0,0,0,0,0,0,0,0,0,80,15,22.65423406060606,82.20022463636361
20751,STATE - ARUNACHAL PRADESH,Other telecommunications activities,381,329,52,89,76,13,292,253,39,29,22,7,2,2,0,27,20,7,410,6.326923076923077,22.65423406060606,82.20022463636361
20752,STATE - ARUNACHAL PRADESH,Other telecommunications activities,381,329,52,89,76,13,292,253,39,29,22,7,2,2,0,27,20,7,410,6.326923076923077,22.65423406060606,82.20022463636361
20753,STATE - ARUNACHAL PRADESH,"Computer programming, consultancy and related activities",61,46,15,24,21,3,37,25,12,8,3,5,3,2,1,5,1,4,69,3.066666666666667,22.65423406060606,82.20022463636361
20754,STATE - ARUNACHAL PRADESH,"Computer programming, consultancy and related activities",61,46,15,24,21,3,37,25,12,8,3,5,3,2,1,5,1,4,69,3.066666666666667,22.65423406060606,82.20022463636361
20755,STATE - ARUNACHAL PRADESH,Computer programming activities,6,4,2,0,0,0,6,4,2,4,1,3,0,0,0,4,1,3,10,2,22.65423406060606,82.20022463636361
20756,STATE - ARUNACHAL PRADESH,Computer consultancy and computer facilities management activities,41,31,10,18,15,3,23,16,7,3,2,1,3,2,1,0,0,0,44,3.1,22.65423406060606,82.20022463636361
20757,STATE - ARUNACHAL PRADESH,Other information technology and computer service activities,14,11,3,6,6,0,8,5,3,1,0,1,0,0,0,1,0,1,15,3.6666666666666665,22.65423406060606,82.20022463636361
20758,STATE - ARUNACHAL PRADESH,Information service activities,127,103,24,47,43,4,80,60,20,14,12,2,9,8,1,5,4,1,141,4.291666666666667,22.65423406060606,82.20022463636361
20759,STATE - ARUNACHAL PRADESH,"Data processing, hosting and related activities; web portals",27,18,9,6,6,0,21,12,9,4,2,2,2,1,1,2,1,1,31,2,22.65423406060606,82.20022463636361
20760,STATE - ARUNACHAL PRADESH,"Data processing, hosting and related activities",27,18,9,6,6,0,21,12,9,4,2,2,2,1,1,2,1,1,31,2,22.65423406060606,82.20022463636361
20761,STATE - ARUNACHAL PRADESH,Other information service activities,100,85,15,41,37,4,59,48,11,10,10,0,7,7,0,3,3,0,110,5.666666666666667,22.65423406060606,82.20022463636361
20762,STATE - ARUNACHAL PRADESH,News agency activities,2,2,0,1,1,0,1,1,0,0,0,0,0,0,0,0,0,0,2,2,22.65423406060606,82.20022463636361
20763,STATE - ARUNACHAL PRADESH,Other information service activities n.e.c.,98,83,15,40,36,4,58,47,11,10,10,0,7,7,0,3,3,0,108,5.533333333333333,22.65423406060606,82.20022463636361
20764,STATE - ARUNACHAL PRADESH,"Financial service activities, except insurance and pension funding",1060,802,258,367,280,87,693,522,171,47,25,22,13,6,7,34,19,15,1107,3.108527131782946,22.65423406060606,82.20022463636361
20765,STATE - ARUNACHAL PRADESH,Monetary intermediation,1042,786,256,366,280,86,676,506,170,46,25,21,13,6,7,33,19,14,1088,3.0703125,22.65423406060606,82.20022463636361
20766,STATE - ARUNACHAL PRADESH,Other monetary intermediation,1042,786,256,366,280,86,676,506,170,46,25,21,13,6,7,33,19,14,1088,3.0703125,22.65423406060606,82.20022463636361
20767,STATE - ARUNACHAL PRADESH,Activities of holding companies,10,9,1,1,0,1,9,9,0,0,0,0,0,0,0,0,0,0,10,9,22.65423406060606,82.20022463636361
20768,STATE - ARUNACHAL PRADESH,Activities of holding companies,10,9,1,1,0,1,9,9,0,0,0,0,0,0,0,0,0,0,10,9,22.65423406060606,82.20022463636361
20769,STATE - ARUNACHAL PRADESH,"Trusts, funds and other financial vehicles",6,5,1,0,0,0,6,5,1,1,0,1,0,0,0,1,0,1,7,5,22.65423406060606,82.20022463636361
20770,STATE - ARUNACHAL PRADESH,"Trusts, funds and other financial vehicles",6,5,1,0,0,0,6,5,1,1,0,1,0,0,0,1,0,1,7,5,22.65423406060606,82.20022463636361
20771,STATE - ARUNACHAL PRADESH,"Other financial service activities, except insurance and pension funding",2,2,0,0,0,0,2,2,0,0,0,0,0,0,0,0,0,0,2,2,22.65423406060606,82.20022463636361
20772,STATE - ARUNACHAL PRADESH,"Other financial service activities, except insurance and pension funding",2,2,0,0,0,0,2,2,0,0,0,0,0,0,0,0,0,0,2,2,22.65423406060606,82.20022463636361
20773,STATE - ARUNACHAL PRADESH,"Insurance, reinsurance and pension funding, except compulsory social",229,140,89,46,19,27,183,121,62,29,18,11,4,1,3,25,17,8,258,1.5730337078651686,22.65423406060606,82.20022463636361
20774,STATE - ARUNACHAL PRADESH,Insurance,226,137,89,46,19,27,180,118,62,29,18,11,4,1,3,25,17,8,255,1.5393258426966292,22.65423406060606,82.20022463636361
20775,STATE - ARUNACHAL PRADESH,Life insurance,183,107,76,43,17,26,140,90,50,28,18,10,3,1,2,25,17,8,211,1.4078947368421053,22.65423406060606,82.20022463636361
20776,STATE - ARUNACHAL PRADESH,Non-life insurance,43,30,13,3,2,1,40,28,12,1,0,1,1,0,1,0,0,0,44,2.3076923076923075,22.65423406060606,82.20022463636361
20777,STATE - ARUNACHAL PRADESH,Reinsurance,3,3,0,0,0,0,3,3,0,0,0,0,0,0,0,0,0,0,3,3,22.65423406060606,82.20022463636361
20778,STATE - ARUNACHAL PRADESH,Reinsurance,3,3,0,0,0,0,3,3,0,0,0,0,0,0,0,0,0,0,3,3,22.65423406060606,82.20022463636361
20779,STATE - ARUNACHAL PRADESH,Other financial activities,45,28,17,12,8,4,33,20,13,8,6,2,0,0,0,8,6,2,53,1.6470588235294117,22.65423406060606,82.20022463636361
20780,STATE - ARUNACHAL PRADESH,Activities auxiliary to insurance and pension funding,29,19,10,10,6,4,19,13,6,2,2,0,0,0,0,2,2,0,31,1.9,22.65423406060606,82.20022463636361
20781,STATE - ARUNACHAL PRADESH,Activities of insurance agents and brokers,20,15,5,7,4,3,13,11,2,1,1,0,0,0,0,1,1,0,21,3,22.65423406060606,82.20022463636361
20782,STATE - ARUNACHAL PRADESH,Other activities auxiliary to insurance and pension funding,9,4,5,3,2,1,6,2,4,1,1,0,0,0,0,1,1,0,10,0.8,22.65423406060606,82.20022463636361
20783,STATE - ARUNACHAL PRADESH,Fund management activities,16,9,7,2,2,0,14,7,7,6,4,2,0,0,0,6,4,2,22,1.2857142857142858,22.65423406060606,82.20022463636361
20784,STATE - ARUNACHAL PRADESH,Fund management activities,16,9,7,2,2,0,14,7,7,6,4,2,0,0,0,6,4,2,22,1.2857142857142858,22.65423406060606,82.20022463636361
20785,STATE - ARUNACHAL PRADESH,Real estate activities,17,11,6,2,2,0,15,9,6,0,0,0,0,0,0,0,0,0,17,1.8333333333333333,22.65423406060606,82.20022463636361
20786,STATE - ARUNACHAL PRADESH,Real estate activities with own or leased property,6,4,2,0,0,0,6,4,2,0,0,0,0,0,0,0,0,0,6,2,22.65423406060606,82.20022463636361
20787,STATE - ARUNACHAL PRADESH,Real estate activities with own or leased property,6,4,2,0,0,0,6,4,2,0,0,0,0,0,0,0,0,0,6,2,22.65423406060606,82.20022463636361
20788,STATE - ARUNACHAL PRADESH,Real estate activities on a fee or contract basis,11,7,4,2,2,0,9,5,4,0,0,0,0,0,0,0,0,0,11,1.75,22.65423406060606,82.20022463636361
20789,STATE - ARUNACHAL PRADESH,Real estate activities on a fee or contract basis,11,7,4,2,2,0,9,5,4,0,0,0,0,0,0,0,0,0,11,1.75,22.65423406060606,82.20022463636361
20790,STATE - ARUNACHAL PRADESH,Legal and accounting activities,322,270,52,110,92,18,212,178,34,35,24,11,19,16,3,16,8,8,357,5.1923076923076925,22.65423406060606,82.20022463636361
20791,STATE - ARUNACHAL PRADESH,Legal activities,311,261,50,108,90,18,203,171,32,33,22,11,17,14,3,16,8,8,344,5.22,22.65423406060606,82.20022463636361
20792,STATE - ARUNACHAL PRADESH,Legal activities,311,261,50,108,90,18,203,171,32,33,22,11,17,14,3,16,8,8,344,5.22,22.65423406060606,82.20022463636361
20793,STATE - ARUNACHAL PRADESH,"Accounting, bookkeeping and auditing activities; tax consultancy",11,9,2,2,2,0,9,7,2,2,2,0,2,2,0,0,0,0,13,4.5,22.65423406060606,82.20022463636361
20794,STATE - ARUNACHAL PRADESH,"Accounting, bookkeeping and auditing activities; tax consultancy",11,9,2,2,2,0,9,7,2,2,2,0,2,2,0,0,0,0,13,4.5,22.65423406060606,82.20022463636361
20795,STATE - ARUNACHAL PRADESH,Architecture and engineering activities; technical testing and analysis,12,11,1,4,4,0,8,7,1,1,0,1,1,0,1,0,0,0,13,11,22.65423406060606,82.20022463636361
20796,STATE - ARUNACHAL PRADESH,Architectural and engineering activities and related technical consultancy,10,9,1,2,2,0,8,7,1,1,0,1,1,0,1,0,0,0,11,9,22.65423406060606,82.20022463636361
20797,STATE - ARUNACHAL PRADESH,Architectural and engineering activities and related technical,10,9,1,2,2,0,8,7,1,1,0,1,1,0,1,0,0,0,11,9,22.65423406060606,82.20022463636361
20798,STATE - ARUNACHAL PRADESH,Technical testing and analysis,2,2,0,2,2,0,0,0,0,0,0,0,0,0,0,0,0,0,2,2,22.65423406060606,82.20022463636361
20799,STATE - ARUNACHAL PRADESH,Technical testing and analysis,2,2,0,2,2,0,0,0,0,0,0,0,0,0,0,0,0,0,2,2,22.65423406060606,82.20022463636361
20800,STATE - ARUNACHAL PRADESH,Scientific research and development,14,6,8,3,0,3,11,6,5,0,0,0,0,0,0,0,0,0,14,0.75,22.65423406060606,82.20022463636361
20801,STATE - ARUNACHAL PRADESH,Research and experimental development on natural sciences and,9,5,4,0,0,0,9,5,4,0,0,0,0,0,0,0,0,0,9,1.25,22.65423406060606,82.20022463636361
20802,STATE - ARUNACHAL PRADESH,Research and experimental development on natural sciences and,9,5,4,0,0,0,9,5,4,0,0,0,0,0,0,0,0,0,9,1.25,22.65423406060606,82.20022463636361
20803,STATE - ARUNACHAL PRADESH,Research and experimental development on social sciences and humanities,5,1,4,3,0,3,2,1,1,0,0,0,0,0,0,0,0,0,5,0.25,22.65423406060606,82.20022463636361
20804,STATE - ARUNACHAL PRADESH,Research and experimental development on social sciences and,5,1,4,3,0,3,2,1,1,0,0,0,0,0,0,0,0,0,5,0.25,22.65423406060606,82.20022463636361
20805,STATE - ARUNACHAL PRADESH,Advertising and market research,1,1,0,1,1,0,0,0,0,0,0,0,0,0,0,0,0,0,1,1,22.65423406060606,82.20022463636361
20806,STATE - ARUNACHAL PRADESH,Advertising,1,1,0,1,1,0,0,0,0,0,0,0,0,0,0,0,0,0,1,1,22.65423406060606,82.20022463636361
20807,STATE - ARUNACHAL PRADESH,Advertising,1,1,0,1,1,0,0,0,0,0,0,0,0,0,0,0,0,0,1,1,22.65423406060606,82.20022463636361
20808,STATE - ARUNACHAL PRADESH,"Other professional, scientific and technical activities",107,97,10,18,15,3,89,82,7,2,2,0,1,1,0,1,1,0,109,9.7,22.65423406060606,82.20022463636361
20809,STATE - ARUNACHAL PRADESH,Specialized design activities,7,5,2,2,1,1,5,4,1,0,0,0,0,0,0,0,0,0,7,2.5,22.65423406060606,82.20022463636361
20810,STATE - ARUNACHAL PRADESH,Specialized design activities,7,5,2,2,1,1,5,4,1,0,0,0,0,0,0,0,0,0,7,2.5,22.65423406060606,82.20022463636361
20811,STATE - ARUNACHAL PRADESH,Photographic activities,78,74,4,6,4,2,72,70,2,2,2,0,1,1,0,1,1,0,80,18.5,22.65423406060606,82.20022463636361
20812,STATE - ARUNACHAL PRADESH,Photographic activities,78,74,4,6,4,2,72,70,2,2,2,0,1,1,0,1,1,0,80,18.5,22.65423406060606,82.20022463636361
20813,STATE - ARUNACHAL PRADESH,"Other professional, scientific and technical activities n.e.c.",22,18,4,10,10,0,12,8,4,0,0,0,0,0,0,0,0,0,22,4.5,22.65423406060606,82.20022463636361
20814,STATE - ARUNACHAL PRADESH,"Other professional, scientific and technical activities n.e.c.",22,18,4,10,10,0,12,8,4,0,0,0,0,0,0,0,0,0,22,4.5,22.65423406060606,82.20022463636361
20815,STATE - ARUNACHAL PRADESH,Veterinary activities,910,765,145,528,461,67,382,304,78,20,18,2,18,16,2,2,2,0,930,5.275862068965517,22.65423406060606,82.20022463636361
20816,STATE - ARUNACHAL PRADESH,Veterinary activities,910,765,145,528,461,67,382,304,78,20,18,2,18,16,2,2,2,0,930,5.275862068965517,22.65423406060606,82.20022463636361
20817,STATE - ARUNACHAL PRADESH,Veterinary activities,910,765,145,528,461,67,382,304,78,20,18,2,18,16,2,2,2,0,930,5.275862068965517,22.65423406060606,82.20022463636361
20818,STATE - ARUNACHAL PRADESH,Rental and leasing activities,24,19,5,9,8,1,15,11,4,1,0,1,0,0,0,1,0,1,25,3.8,22.65423406060606,82.20022463636361
20819,STATE - ARUNACHAL PRADESH,Renting and leasing of motor vehicles,18,15,3,9,8,1,9,7,2,0,0,0,0,0,0,0,0,0,18,5,22.65423406060606,82.20022463636361
20820,STATE - ARUNACHAL PRADESH,Renting and leasing of motor vehicles,18,15,3,9,8,1,9,7,2,0,0,0,0,0,0,0,0,0,18,5,22.65423406060606,82.20022463636361
20821,STATE - ARUNACHAL PRADESH,Renting and leasing of personal and household goods,6,4,2,0,0,0,6,4,2,1,0,1,0,0,0,1,0,1,7,2,22.65423406060606,82.20022463636361
20822,STATE - ARUNACHAL PRADESH,Renting and leasing of other personal and household goods n.e.c.,6,4,2,0,0,0,6,4,2,1,0,1,0,0,0,1,0,1,7,2,22.65423406060606,82.20022463636361
20823,STATE - ARUNACHAL PRADESH,"Travel agency, tour operator and other reservation service activities",73,67,6,34,30,4,39,37,2,7,4,3,0,0,0,7,4,3,80,11.166666666666666,22.65423406060606,82.20022463636361
20824,STATE - ARUNACHAL PRADESH,Travel agency and tour operator activities,66,60,6,31,27,4,35,33,2,7,4,3,0,0,0,7,4,3,73,10,22.65423406060606,82.20022463636361
20825,STATE - ARUNACHAL PRADESH,Travel agency activities,33,32,1,12,12,0,21,20,1,6,4,2,0,0,0,6,4,2,39,32,22.65423406060606,82.20022463636361
20826,STATE - ARUNACHAL PRADESH,Tour operator activities,33,28,5,19,15,4,14,13,1,1,0,1,0,0,0,1,0,1,34,5.6,22.65423406060606,82.20022463636361
20827,STATE - ARUNACHAL PRADESH,Other reservation service activities,7,7,0,3,3,0,4,4,0,0,0,0,0,0,0,0,0,0,7,7,22.65423406060606,82.20022463636361
20828,STATE - ARUNACHAL PRADESH,Other reservation service and related activities,7,7,0,3,3,0,4,4,0,0,0,0,0,0,0,0,0,0,7,7,22.65423406060606,82.20022463636361
20829,STATE - ARUNACHAL PRADESH,Security and investigation activities,99,90,9,41,36,5,58,54,4,8,8,0,3,3,0,5,5,0,107,10,22.65423406060606,82.20022463636361
20830,STATE - ARUNACHAL PRADESH,Private security activities,88,81,7,38,33,5,50,48,2,8,8,0,3,3,0,5,5,0,96,11.571428571428571,22.65423406060606,82.20022463636361
20831,STATE - ARUNACHAL PRADESH,Private security activities,88,81,7,38,33,5,50,48,2,8,8,0,3,3,0,5,5,0,96,11.571428571428571,22.65423406060606,82.20022463636361
20832,STATE - ARUNACHAL PRADESH,Security systems service activities,9,8,1,3,3,0,6,5,1,0,0,0,0,0,0,0,0,0,9,8,22.65423406060606,82.20022463636361
20833,STATE - ARUNACHAL PRADESH,Security systems service activities,9,8,1,3,3,0,6,5,1,0,0,0,0,0,0,0,0,0,9,8,22.65423406060606,82.20022463636361
20834,STATE - ARUNACHAL PRADESH,Investigation activities,2,1,1,0,0,0,2,1,1,0,0,0,0,0,0,0,0,0,2,1,22.65423406060606,82.20022463636361
20835,STATE - ARUNACHAL PRADESH,Investigation activities,2,1,1,0,0,0,2,1,1,0,0,0,0,0,0,0,0,0,2,1,22.65423406060606,82.20022463636361
20836,STATE - ARUNACHAL PRADESH,Services to buildings and landscape activities,61,35,26,17,11,6,44,24,20,19,12,7,9,9,0,10,3,7,80,1.3461538461538465,22.65423406060606,82.20022463636361
20837,STATE - ARUNACHAL PRADESH,Combined facilities support activities,20,9,11,7,3,4,13,6,7,4,0,4,0,0,0,4,0,4,24,0.8181818181818182,22.65423406060606,82.20022463636361
20838,STATE - ARUNACHAL PRADESH,Combined facilities support activities,20,9,11,7,3,4,13,6,7,4,0,4,0,0,0,4,0,4,24,0.8181818181818182,22.65423406060606,82.20022463636361
20839,STATE - ARUNACHAL PRADESH,Cleaning activities,41,26,15,10,8,2,31,18,13,15,12,3,9,9,0,6,3,3,56,1.7333333333333334,22.65423406060606,82.20022463636361
20840,STATE - ARUNACHAL PRADESH,General cleaning of buildings,9,7,2,1,0,1,8,7,1,6,4,2,3,3,0,3,1,2,15,3.5,22.65423406060606,82.20022463636361
20841,STATE - ARUNACHAL PRADESH,Other building and industrial cleaning activities,32,19,13,9,8,1,23,11,12,9,8,1,6,6,0,3,2,1,41,1.4615384615384617,22.65423406060606,82.20022463636361
20842,STATE - ARUNACHAL PRADESH,"Office administrative, office support and other business support activities",3234,2737,497,1469,1259,210,1765,1478,287,629,456,173,287,192,95,342,264,78,3863,5.507042253521127,22.65423406060606,82.20022463636361
20843,STATE - ARUNACHAL PRADESH,Office administrative and support activities,194,135,59,79,56,23,115,79,36,15,12,3,7,6,1,8,6,2,209,2.288135593220339,22.65423406060606,82.20022463636361
20844,STATE - ARUNACHAL PRADESH,Combined office administrative service activities,25,16,9,18,13,5,7,3,4,4,3,1,1,0,1,3,3,0,29,1.7777777777777777,22.65423406060606,82.20022463636361
20845,STATE - ARUNACHAL PRADESH,"Photocopying, document preparation and other specialized office",169,119,50,61,43,18,108,76,32,11,9,2,6,6,0,5,3,2,180,2.38,22.65423406060606,82.20022463636361
20846,STATE - ARUNACHAL PRADESH,Activities of call centres,6,6,0,4,4,0,2,2,0,0,0,0,0,0,0,0,0,0,6,6,22.65423406060606,82.20022463636361
20847,STATE - ARUNACHAL PRADESH,Activities of call centres,6,6,0,4,4,0,2,2,0,0,0,0,0,0,0,0,0,0,6,6,22.65423406060606,82.20022463636361
20848,STATE - ARUNACHAL PRADESH,Organization of conventions and trade shows,1,1,0,0,0,0,1,1,0,0,0,0,0,0,0,0,0,0,1,1,22.65423406060606,82.20022463636361
20849,STATE - ARUNACHAL PRADESH,Organization of conventions and trade shows,1,1,0,0,0,0,1,1,0,0,0,0,0,0,0,0,0,0,1,1,22.65423406060606,82.20022463636361
20850,STATE - ARUNACHAL PRADESH,Business support service activities n.e.c.,3033,2595,438,1386,1199,187,1647,1396,251,614,444,170,280,186,94,334,258,76,3647,5.924657534246576,22.65423406060606,82.20022463636361
20851,STATE - ARUNACHAL PRADESH,Activities of collection agencies and credit bureaus,4,4,0,2,2,0,2,2,0,0,0,0,0,0,0,0,0,0,4,4,22.65423406060606,82.20022463636361
20852,STATE - ARUNACHAL PRADESH,Packaging activities,3,3,0,1,1,0,2,2,0,0,0,0,0,0,0,0,0,0,3,3,22.65423406060606,82.20022463636361
20853,STATE - ARUNACHAL PRADESH,Other business support service activities n.e.c.,3026,2588,438,1383,1196,187,1643,1392,251,614,444,170,280,186,94,334,258,76,3640,5.908675799086758,22.65423406060606,82.20022463636361
20854,STATE - ARUNACHAL PRADESH,Public administration and defence; compulsory social security,53852,46897,6955,23714,21219,2495,30138,25678,4460,2134,1377,757,1226,827,399,908,550,358,55986,6.742918763479511,22.65423406060606,82.20022463636361
20855,STATE - ARUNACHAL PRADESH,Administration of the State and the economic and social policy of the,23377,17486,5891,9234,7252,1982,14143,10234,3909,1046,611,435,531,337,194,515,274,241,24423,2.9682566627058224,22.65423406060606,82.20022463636361
20856,STATE - ARUNACHAL PRADESH,General public administration activities,23276,17398,5878,9160,7189,1971,14116,10209,3907,1043,608,435,528,334,194,515,274,241,24319,2.9598502892140184,22.65423406060606,82.20022463636361
20857,STATE - ARUNACHAL PRADESH,"Regulation of the activities of providing health care, education, cultural",95,84,11,73,62,11,22,22,0,3,3,0,3,3,0,0,0,0,98,7.636363636363637,22.65423406060606,82.20022463636361
20858,STATE - ARUNACHAL PRADESH,Regulation of and contribution to more efficient operation of,6,4,2,1,1,0,5,3,2,0,0,0,0,0,0,0,0,0,6,2,22.65423406060606,82.20022463636361
20859,STATE - ARUNACHAL PRADESH,Provision of services to the community as a whole,27201,26383,818,13218,12795,423,13983,13588,395,976,678,298,647,451,196,329,227,102,28177,32.25305623471883,22.65423406060606,82.20022463636361
20860,STATE - ARUNACHAL PRADESH,Foreign affairs,22,19,3,14,11,3,8,8,0,3,2,1,3,2,1,0,0,0,25,6.333333333333333,22.65423406060606,82.20022463636361
20861,STATE - ARUNACHAL PRADESH,Defence activities,22441,21945,496,11422,11090,332,11019,10855,164,790,556,234,584,395,189,206,161,45,23231,44.24395161290322,22.65423406060606,82.20022463636361
20862,STATE - ARUNACHAL PRADESH,Public order and safety activities,4738,4419,319,1782,1694,88,2956,2725,231,183,120,63,60,54,6,123,66,57,4921,13.852664576802509,22.65423406060606,82.20022463636361
20863,STATE - ARUNACHAL PRADESH,Compulsory social security activities,3274,3028,246,1262,1172,90,2012,1856,156,112,88,24,48,39,9,64,49,15,3386,12.308943089430894,22.65423406060606,82.20022463636361
20864,STATE - ARUNACHAL PRADESH,Compulsory social security activities,3274,3028,246,1262,1172,90,2012,1856,156,112,88,24,48,39,9,64,49,15,3386,12.308943089430894,22.65423406060606,82.20022463636361
20865,STATE - ARUNACHAL PRADESH,Education,22548,14120,8428,14251,9442,4809,8297,4678,3619,1366,684,682,914,511,403,452,173,279,23914,1.6753678215472236,22.65423406060606,82.20022463636361
20866,STATE - ARUNACHAL PRADESH,Primary education,10265,6073,4192,6724,4311,2413,3541,1762,1779,589,289,300,412,232,180,177,57,120,10854,1.4487118320610688,22.65423406060606,82.20022463636361
20867,STATE - ARUNACHAL PRADESH,Primary education,10265,6073,4192,6724,4311,2413,3541,1762,1779,589,289,300,412,232,180,177,57,120,10854,1.4487118320610688,22.65423406060606,82.20022463636361
20868,STATE - ARUNACHAL PRADESH,Secondary education,7962,5189,2773,4969,3414,1555,2993,1775,1218,337,179,158,223,132,91,114,47,67,8299,1.871258564731338,22.65423406060606,82.20022463636361
20869,STATE - ARUNACHAL PRADESH,General secondary education,7892,5139,2753,4921,3378,1543,2971,1761,1210,329,174,155,215,127,88,114,47,67,8221,1.8666908826734472,22.65423406060606,82.20022463636361
20870,STATE - ARUNACHAL PRADESH,Technical and vocational secondary education,70,50,20,48,36,12,22,14,8,8,5,3,8,5,3,0,0,0,78,2.5,22.65423406060606,82.20022463636361
20871,STATE - ARUNACHAL PRADESH,Higher education,1366,1013,353,817,628,189,549,385,164,58,31,27,24,17,7,34,14,20,1424,2.869688385269122,22.65423406060606,82.20022463636361
20872,STATE - ARUNACHAL PRADESH,Higher education,1366,1013,353,817,628,189,549,385,164,58,31,27,24,17,7,34,14,20,1424,2.869688385269122,22.65423406060606,82.20022463636361
20873,STATE - ARUNACHAL PRADESH,Other education,684,399,285,319,183,136,365,216,149,244,120,124,146,77,69,98,43,55,928,1.4,22.65423406060606,82.20022463636361
20874,STATE - ARUNACHAL PRADESH,Sports and recreation education,9,9,0,3,3,0,6,6,0,0,0,0,0,0,0,0,0,0,9,9,22.65423406060606,82.20022463636361
20875,STATE - ARUNACHAL PRADESH,Cultural education,21,11,10,4,4,0,17,7,10,2,0,2,0,0,0,2,0,2,23,1.1,22.65423406060606,82.20022463636361
20876,STATE - ARUNACHAL PRADESH,Other education n.e.c.,654,379,275,312,176,136,342,203,139,242,120,122,146,77,69,96,43,53,896,1.3781818181818182,22.65423406060606,82.20022463636361
20877,STATE - ARUNACHAL PRADESH,Educational support services,2271,1446,825,1422,906,516,849,540,309,138,65,73,109,53,56,29,12,17,2409,1.7527272727272727,22.65423406060606,82.20022463636361
20878,STATE - ARUNACHAL PRADESH,Educational support services,2271,1446,825,1422,906,516,849,540,309,138,65,73,109,53,56,29,12,17,2409,1.7527272727272727,22.65423406060606,82.20022463636361
20879,STATE - ARUNACHAL PRADESH,Human health activities,9503,4121,5382,5028,1934,3094,4475,2187,2288,639,211,428,465,154,311,174,57,117,10142,0.7657004830917874,22.65423406060606,82.20022463636361
20880,STATE - ARUNACHAL PRADESH,Hospital activities,4600,2470,2130,2119,1144,975,2481,1326,1155,250,114,136,163,80,83,87,34,53,4850,1.15962441314554,22.65423406060606,82.20022463636361
20881,STATE - ARUNACHAL PRADESH,Hospital activities,4600,2470,2130,2119,1144,975,2481,1326,1155,250,114,136,163,80,83,87,34,53,4850,1.15962441314554,22.65423406060606,82.20022463636361
20882,STATE - ARUNACHAL PRADESH,Medical and dental practice activities,453,332,121,223,175,48,230,157,73,32,20,12,25,18,7,7,2,5,485,2.743801652892562,22.65423406060606,82.20022463636361
20883,STATE - ARUNACHAL PRADESH,Medical and dental practice activities,453,332,121,223,175,48,230,157,73,32,20,12,25,18,7,7,2,5,485,2.743801652892562,22.65423406060606,82.20022463636361
20884,STATE - ARUNACHAL PRADESH,Other human health activities,4450,1319,3131,2686,615,2071,1764,704,1060,357,77,280,277,56,221,80,21,59,4807,0.4212711593740019,22.65423406060606,82.20022463636361
20885,STATE - ARUNACHAL PRADESH,Other human health activities,4450,1319,3131,2686,615,2071,1764,704,1060,357,77,280,277,56,221,80,21,59,4807,0.4212711593740019,22.65423406060606,82.20022463636361
20886,STATE - ARUNACHAL PRADESH,Residential care activities,11,1,10,9,0,9,2,1,1,0,0,0,0,0,0,0,0,0,11,0.1,22.65423406060606,82.20022463636361
20887,STATE - ARUNACHAL PRADESH,Other residential care activities n.e.c.,11,1,10,9,0,9,2,1,1,0,0,0,0,0,0,0,0,0,11,0.1,22.65423406060606,82.20022463636361
20888,STATE - ARUNACHAL PRADESH,Other residential care activities n.e.c.,11,1,10,9,0,9,2,1,1,0,0,0,0,0,0,0,0,0,11,0.1,22.65423406060606,82.20022463636361
20889,STATE - ARUNACHAL PRADESH,Social work activities without accommodation,481,235,246,283,118,165,198,117,81,33,15,18,23,11,12,10,4,6,514,0.9552845528455284,22.65423406060606,82.20022463636361
20890,STATE - ARUNACHAL PRADESH,Social work activities without accommodation for the elderly and disabled,72,46,26,26,10,16,46,36,10,2,2,0,1,1,0,1,1,0,74,1.7692307692307692,22.65423406060606,82.20022463636361
20891,STATE - ARUNACHAL PRADESH,Social work activities without accommodation for the elderly and,72,46,26,26,10,16,46,36,10,2,2,0,1,1,0,1,1,0,74,1.7692307692307692,22.65423406060606,82.20022463636361
20892,STATE - ARUNACHAL PRADESH,Other social work activities without accommodation n.e.c.,409,189,220,257,108,149,152,81,71,31,13,18,22,10,12,9,3,6,440,0.8590909090909091,22.65423406060606,82.20022463636361
20893,STATE - ARUNACHAL PRADESH,Other social work activities without accommodation n.e.c.,409,189,220,257,108,149,152,81,71,31,13,18,22,10,12,9,3,6,440,0.8590909090909091,22.65423406060606,82.20022463636361
20894,STATE - ARUNACHAL PRADESH,"Creative, arts and entertainment activities",138,120,18,28,26,2,110,94,16,46,40,6,13,11,2,33,29,4,184,6.666666666666667,22.65423406060606,82.20022463636361
20895,STATE - ARUNACHAL PRADESH,"Creative, arts and entertainment activities",138,120,18,28,26,2,110,94,16,46,40,6,13,11,2,33,29,4,184,6.666666666666667,22.65423406060606,82.20022463636361
20896,STATE - ARUNACHAL PRADESH,"Dramatic arts, music and other arts activities",138,120,18,28,26,2,110,94,16,46,40,6,13,11,2,33,29,4,184,6.666666666666667,22.65423406060606,82.20022463636361
20897,STATE - ARUNACHAL PRADESH,"Libraries, archives, museums and other cultural activities",101,62,39,25,18,7,76,44,32,3,1,2,0,0,0,3,1,2,104,1.5897435897435896,22.65423406060606,82.20022463636361
20898,STATE - ARUNACHAL PRADESH,"Libraries, archives, museums and other cultural activities",101,62,39,25,18,7,76,44,32,3,1,2,0,0,0,3,1,2,104,1.5897435897435896,22.65423406060606,82.20022463636361
20899,STATE - ARUNACHAL PRADESH,Library and archives activities,88,52,36,22,15,7,66,37,29,3,1,2,0,0,0,3,1,2,91,1.4444444444444444,22.65423406060606,82.20022463636361
20900,STATE - ARUNACHAL PRADESH,Museums activities and operation of historical sites and buildings,12,9,3,2,2,0,10,7,3,0,0,0,0,0,0,0,0,0,12,3,22.65423406060606,82.20022463636361
20901,STATE - ARUNACHAL PRADESH,Botanical and zoological gardens and nature reserves activities,1,1,0,1,1,0,0,0,0,0,0,0,0,0,0,0,0,0,1,1,22.65423406060606,82.20022463636361
20902,STATE - ARUNACHAL PRADESH,Gambling and betting activities,29,28,1,5,5,0,24,23,1,4,4,0,1,1,0,3,3,0,33,28,22.65423406060606,82.20022463636361
20903,STATE - ARUNACHAL PRADESH,Gambling and betting activities,29,28,1,5,5,0,24,23,1,4,4,0,1,1,0,3,3,0,33,28,22.65423406060606,82.20022463636361
20904,STATE - ARUNACHAL PRADESH,Gambling and betting activities,29,28,1,5,5,0,24,23,1,4,4,0,1,1,0,3,3,0,33,28,22.65423406060606,82.20022463636361
20905,STATE - ARUNACHAL PRADESH,Sports activities and amusement and recreation activities,121,104,17,14,11,3,107,93,14,15,12,3,9,7,2,6,5,1,136,6.117647058823529,22.65423406060606,82.20022463636361
20906,STATE - ARUNACHAL PRADESH,Sports activities,49,39,10,12,9,3,37,30,7,12,10,2,8,7,1,4,3,1,61,3.9,22.65423406060606,82.20022463636361
20907,STATE - ARUNACHAL PRADESH,Operation of sports facilities,14,13,1,3,3,0,11,10,1,2,1,1,1,1,0,1,0,1,16,13,22.65423406060606,82.20022463636361
20908,STATE - ARUNACHAL PRADESH,Activities of sports clubs,10,6,4,2,2,0,8,4,4,3,3,0,0,0,0,3,3,0,13,1.5,22.65423406060606,82.20022463636361
20909,STATE - ARUNACHAL PRADESH,Other sports activities,25,20,5,7,4,3,18,16,2,7,6,1,7,6,1,0,0,0,32,4,22.65423406060606,82.20022463636361
20910,STATE - ARUNACHAL PRADESH,Other amusement and recreation activities,72,65,7,2,2,0,70,63,7,3,2,1,1,0,1,2,2,0,75,9.285714285714286,22.65423406060606,82.20022463636361
20911,STATE - ARUNACHAL PRADESH,Activities of amusement parks and theme parks,4,4,0,0,0,0,4,4,0,0,0,0,0,0,0,0,0,0,4,4,22.65423406060606,82.20022463636361
20912,STATE - ARUNACHAL PRADESH,Other amusement and recreation activities n.e.c.,68,61,7,2,2,0,66,59,7,3,2,1,1,0,1,2,2,0,71,8.714285714285714,22.65423406060606,82.20022463636361
20913,STATE - ARUNACHAL PRADESH,Activities of membership organizations,1766,1429,337,1244,994,250,522,435,87,220,161,59,150,112,38,70,49,21,1986,4.240356083086054,22.65423406060606,82.20022463636361
20914,STATE - ARUNACHAL PRADESH,"Activities of business, employers and professional membership",39,30,9,22,14,8,17,16,1,2,2,0,2,2,0,0,0,0,41,3.333333333333333,22.65423406060606,82.20022463636361
20915,STATE - ARUNACHAL PRADESH,Activities of business and employers membership organizations,31,25,6,18,13,5,13,12,1,0,0,0,0,0,0,0,0,0,31,4.166666666666667,22.65423406060606,82.20022463636361
20916,STATE - ARUNACHAL PRADESH,Activities of professional membership organizations,8,5,3,4,1,3,4,4,0,2,2,0,2,2,0,0,0,0,10,1.6666666666666667,22.65423406060606,82.20022463636361
20917,STATE - ARUNACHAL PRADESH,Activities of trade unions,10,9,1,8,7,1,2,2,0,2,0,2,1,0,1,1,0,1,12,9,22.65423406060606,82.20022463636361
20918,STATE - ARUNACHAL PRADESH,Activities of trade unions,10,9,1,8,7,1,2,2,0,2,0,2,1,0,1,1,0,1,12,9,22.65423406060606,82.20022463636361
20919,STATE - ARUNACHAL PRADESH,Activities of other membership organizations,1717,1390,327,1214,973,241,503,417,86,216,159,57,147,110,37,69,49,20,1933,4.250764525993884,22.65423406060606,82.20022463636361
20920,STATE - ARUNACHAL PRADESH,Activities of religious organizations,547,468,79,388,345,43,159,123,36,57,45,12,34,27,7,23,18,5,604,5.924050632911392,22.65423406060606,82.20022463636361
20921,STATE - ARUNACHAL PRADESH,Activities of political organizations,1058,838,220,762,582,180,296,256,40,139,100,39,106,78,28,33,22,11,1197,3.809090909090909,22.65423406060606,82.20022463636361
20922,STATE - ARUNACHAL PRADESH,Activities of other membership organizations n.e.c.,112,84,28,64,46,18,48,38,10,20,14,6,7,5,2,13,9,4,132,3,22.65423406060606,82.20022463636361
20923,STATE - ARUNACHAL PRADESH,Repair of computers and personal and household goods,592,555,37,196,179,17,396,376,20,75,48,27,33,22,11,42,26,16,667,15,22.65423406060606,82.20022463636361
20924,STATE - ARUNACHAL PRADESH,Repair of computers and communication equipment,52,49,3,12,11,1,40,38,2,2,2,0,0,0,0,2,2,0,54,16.333333333333332,22.65423406060606,82.20022463636361
20925,STATE - ARUNACHAL PRADESH,Repair of computers and peripheral equipment,15,14,1,5,4,1,10,10,0,0,0,0,0,0,0,0,0,0,15,14,22.65423406060606,82.20022463636361
20926,STATE - ARUNACHAL PRADESH,Repair of communication equipment,37,35,2,7,7,0,30,28,2,2,2,0,0,0,0,2,2,0,39,17.5,22.65423406060606,82.20022463636361
20927,STATE - ARUNACHAL PRADESH,Repair of personal and household goods,540,506,34,184,168,16,356,338,18,73,46,27,33,22,11,40,24,16,613,14.882352941176473,22.65423406060606,82.20022463636361
20928,STATE - ARUNACHAL PRADESH,Repair of consumer electronics,26,25,1,9,8,1,17,17,0,8,4,4,6,4,2,2,0,2,34,25,22.65423406060606,82.20022463636361
20929,STATE - ARUNACHAL PRADESH,Repair of household appliances and home and garden equipment,44,44,0,17,17,0,27,27,0,4,3,1,2,2,0,2,1,1,48,44,22.65423406060606,82.20022463636361
20930,STATE - ARUNACHAL PRADESH,Repair of footwear and leather goods,48,48,0,10,10,0,38,38,0,1,0,1,0,0,0,1,0,1,49,48,22.65423406060606,82.20022463636361
20931,STATE - ARUNACHAL PRADESH,"Repair of personal and household goods, n.e.c.",422,389,33,148,133,15,274,256,18,60,39,21,25,16,9,35,23,12,482,11.787878787878787,22.65423406060606,82.20022463636361
20932,STATE - ARUNACHAL PRADESH,Other personal service activities,2402,1956,446,1129,906,223,1273,1050,223,392,303,89,255,204,51,137,99,38,2794,4.385650224215246,22.65423406060606,82.20022463636361
20933,STATE - ARUNACHAL PRADESH,Other personal service activities,2402,1956,446,1129,906,223,1273,1050,223,392,303,89,255,204,51,137,99,38,2794,4.385650224215246,22.65423406060606,82.20022463636361
20934,STATE - ARUNACHAL PRADESH,Washing and (dry-) cleaning of textile and fur products,116,94,22,41,29,12,75,65,10,22,14,8,16,10,6,6,4,2,138,4.2727272727272725,22.65423406060606,82.20022463636361
20935,STATE - ARUNACHAL PRADESH,Hairdressing and other beauty treatment,685,504,181,202,159,43,483,345,138,48,28,20,14,9,5,34,19,15,733,2.7845303867403315,22.65423406060606,82.20022463636361
20936,STATE - ARUNACHAL PRADESH,Funeral and related activities,6,6,0,6,6,0,0,0,0,0,0,0,0,0,0,0,0,0,6,6,22.65423406060606,82.20022463636361
20937,STATE - ARUNACHAL PRADESH,Other personal service activities n.e.c.,1595,1352,243,880,712,168,715,640,75,322,261,61,225,185,40,97,76,21,1917,5.563786008230453,22.65423406060606,82.20022463636361
20938,STATE - ARUNACHAL PRADESH,Activities of households as employers of domestic personnel,2503,859,1644,1128,446,682,1375,413,962,949,216,733,457,111,346,492,105,387,3452,0.5225060827250608,22.65423406060606,82.20022463636361
20939,STATE - ARUNACHAL PRADESH,Activities of households as employers of domestic personnel,2503,859,1644,1128,446,682,1375,413,962,949,216,733,457,111,346,492,105,387,3452,0.5225060827250608,22.65423406060606,82.20022463636361
20940,STATE - ARUNACHAL PRADESH,Activities of households as employers of domestic personnel,2503,859,1644,1128,446,682,1375,413,962,949,216,733,457,111,346,492,105,387,3452,0.5225060827250608,22.65423406060606,82.20022463636361
20941,STATE - ARUNACHAL PRADESH,Undifferentiated goods- and services-producing activities of private,12,6,6,5,1,4,7,5,2,2,0,2,1,0,1,1,0,1,14,1,22.65423406060606,82.20022463636361
20942,STATE - ARUNACHAL PRADESH,Undifferentiated goods-producing activities of private households for own,11,6,5,4,1,3,7,5,2,0,0,0,0,0,0,0,0,0,11,1.2,22.65423406060606,82.20022463636361
20943,STATE - ARUNACHAL PRADESH,Undifferentiated goods-producing activities of private households for own,11,6,5,4,1,3,7,5,2,0,0,0,0,0,0,0,0,0,11,1.2,22.65423406060606,82.20022463636361
20944,STATE - ARUNACHAL PRADESH,Undifferentiated service-producing activities of private households for own,1,0,1,1,0,1,0,0,0,2,0,2,1,0,1,1,0,1,3,0,22.65423406060606,82.20022463636361
20945,STATE - ARUNACHAL PRADESH,Undifferentiated service-producing activities of private households for own,1,0,1,1,0,1,0,0,0,2,0,2,1,0,1,1,0,1,3,0,22.65423406060606,82.20022463636361
20946,STATE - ARUNACHAL PRADESH,Activities of extraterritorial organizations and bodies,9628,4629,4999,6665,3393,3272,2963,1236,1727,17092,6939,10153,11124,4770,6354,5968,2169,3799,26720,0.9259851970394078,22.65423406060606,82.20022463636361
20947,STATE - ARUNACHAL PRADESH,Activities of extraterritorial organizations and bodies,14,12,2,12,12,0,2,0,2,0,0,0,0,0,0,0,0,0,14,6,22.65423406060606,82.20022463636361
20948,STATE - ARUNACHAL PRADESH,Activities of extraterritorial organizations and bodies,14,12,2,12,12,0,2,0,2,0,0,0,0,0,0,0,0,0,14,6,22.65423406060606,82.20022463636361
20949,STATE - ARUNACHAL PRADESH,Blank,5664,3235,2429,3967,2358,1609,1697,877,820,7901,3359,4542,5579,2450,3129,2322,909,1413,13565,1.331823795800741,22.65423406060606,82.20022463636361
20950,STATE - ARUNACHAL PRADESH,Blank,5664,3235,2429,3967,2358,1609,1697,877,820,7901,3359,4542,5579,2450,3129,2322,909,1413,13565,1.331823795800741,22.65423406060606,82.20022463636361
20951,STATE - ARUNACHAL PRADESH,Incomplete description/ Wrongly Classifed,3950,1382,2568,2686,1023,1663,1264,359,905,9191,3580,5611,5545,2320,3225,3646,1260,2386,13141,0.5381619937694704,22.65423406060606,82.20022463636361
20952,STATE - ARUNACHAL PRADESH,Incomplete description/ Wrongly Classifed,3950,1382,2568,2686,1023,1663,1264,359,905,9191,3580,5611,5545,2320,3225,3646,1260,2386,13141,0.5381619937694704,22.65423406060606,82.20022463636361
