,IndiaStates,NIC_Name,Main_Workers__Total___Persons,Main_Workers__Total__Males,Main_Workers__Total__Females,Main_Workers__Rural___Persons,Main_Workers__Rural__Males,Main_Workers__Rural__Females,Main_Workers__Urban___Persons,Main_Workers__Urban__Males,Main_Workers__Urban__Females,Marginal_Workers__Total___Persons,Marginal_Workers__Total__Males,Marginal_Workers__Total__Females,Marginal_Workers__Rural___Persons,Marginal_Workers__Rural__Males,Marginal_Workers__Rural__Females,Marginal_Workers__Urban___Persons,Marginal_Workers__Urban__Males,Marginal_Workers__Urban__Females,TotalWorkers,MaleFemaleRatio,Latitude,Longitude
48678,STATE - NCT OF DELHI,"Crop and animal production, hunting and related service activities",1484,1271,213,179,128,51,1305,1143,162,224,150,74,23,13,10,201,137,64,1708,5.967136150234742,14.750429,78.570026
48679,STATE - NCT OF DELHI,Growing of non-perennial crops,169,151,18,17,15,2,152,136,16,92,65,27,14,12,2,78,53,25,261,8.38888888888889,27.100399,93.616601
48680,STATE - NCT OF DELHI,"Growing of cereals (except rice), leguminous crops and oil seeds",83,81,2,9,7,2,74,74,0,37,27,10,8,6,2,29,21,8,120,40.5,26.749981,94.216667
48681,STATE - NCT OF DELHI,Growing of rice,9,9,0,0,0,0,9,9,0,0,0,0,0,0,0,0,0,0,9,9,25.785414,87.479973
48682,STATE - NCT OF DELHI,"Growing of vegetables and melons, roots and tubers",42,34,8,7,7,0,35,27,8,52,35,17,6,6,0,46,29,17,94,4.25,30.719997,76.780006
48683,STATE - NCT OF DELHI,Growing of fibre crops,6,6,0,0,0,0,6,6,0,0,0,0,0,0,0,0,0,0,6,6,22.09042,82.159987
48684,STATE - NCT OF DELHI,Growing of other non-perennial crop,29,21,8,1,1,0,28,20,8,3,3,0,0,0,0,3,3,0,32,2.625,20.266578,73.016618
48685,STATE - NCT OF DELHI,Growing of perennial crops,84,72,12,7,7,0,77,65,12,5,3,2,0,0,0,5,3,2,89,6,28.669993,77.230004
48686,STATE - NCT OF DELHI,Growing of beverage crops,49,49,0,1,1,0,48,48,0,3,3,0,0,0,0,3,3,0,52,49,15.491997,73.818001
48687,STATE - NCT OF DELHI,"Growing of spices, aromatic, drug and pharmaceutical crops",0,0,0,0,0,0,0,0,0,2,0,2,0,0,0,2,0,2,2,0,28.450006,77.019991
48688,STATE - NCT OF DELHI,Growing of other perennial crops,35,23,12,6,6,0,29,17,12,0,0,0,0,0,0,0,0,0,35,1.9166666666666667,31.100025,77.166597
48689,STATE - NCT OF DELHI,Plant propagation,250,241,9,22,22,0,228,219,9,9,5,4,0,0,0,9,5,4,259,26.77777777777778,34.299959,74.466658
48690,STATE - NCT OF DELHI,Plant propagation,250,241,9,22,22,0,228,219,9,9,5,4,0,0,0,9,5,4,259,26.77777777777778,23.800393,86.419986
48691,STATE - NCT OF DELHI,Animal production,498,374,124,98,50,48,400,324,76,50,27,23,8,0,8,42,27,15,548,3.0161290322580645,12.570381,76.919997
48692,STATE - NCT OF DELHI,Raising of cattle and buffaloes,249,148,101,52,10,42,197,138,59,29,15,14,8,0,8,21,15,6,278,1.465346534653465,8.900373,76.569993
48693,STATE - NCT OF DELHI,Raising of horses and other equines,66,66,0,0,0,0,66,66,0,0,0,0,0,0,0,0,0,0,66,66,10.562573,72.636867
48694,STATE - NCT OF DELHI,Raising of sheep and goats,63,52,11,32,26,6,31,26,5,12,6,6,0,0,0,12,6,6,75,4.727272727272728,21.300391,76.130019
48695,STATE - NCT OF DELHI,Raising of swine/pigs,21,21,0,0,0,0,21,21,0,3,3,0,0,0,0,3,3,0,24,21,19.250232,73.160175
48696,STATE - NCT OF DELHI,Raising of poultry,20,20,0,2,2,0,18,18,0,3,3,0,0,0,0,3,3,0,23,20,24.799971,93.950017
48697,STATE - NCT OF DELHI,Raising of other animals,79,67,12,12,12,0,67,55,12,3,0,3,0,0,0,3,0,3,82,5.583333333333333,25.570492,91.880014
48698,STATE - NCT OF DELHI,Mixed farming,19,14,5,0,0,0,19,14,5,0,0,0,0,0,0,0,0,0,19,2.8,23.710399,92.720015
48699,STATE - NCT OF DELHI,Mixed farming,19,14,5,0,0,0,19,14,5,0,0,0,0,0,0,0,0,0,19,2.8,25.666998,94.11657
48700,STATE - NCT OF DELHI,Support activities to agriculture and post-harvest crop activities,443,398,45,35,34,1,408,364,44,68,50,18,1,1,0,67,49,18,511,8.844444444444445,19.82043,85.900017
48701,STATE - NCT OF DELHI,Support activities for crop production,391,351,40,24,23,1,367,328,39,53,38,15,1,1,0,52,37,15,444,8.775,11.934994,79.83
48702,STATE - NCT OF DELHI,Support activities for animal production,6,6,0,6,6,0,0,0,0,0,0,0,0,0,0,0,0,0,6,6,31.519974,75.980003
48703,STATE - NCT OF DELHI,Post-harvest crop activities,46,41,5,5,5,0,41,36,5,15,12,3,0,0,0,15,12,3,61,8.2,26.449999,74.639981
48704,STATE - NCT OF DELHI,"Hunting, trapping and related service activities",21,21,0,0,0,0,21,21,0,0,0,0,0,0,0,0,0,0,21,21,27.33333,88.616647
48705,STATE - NCT OF DELHI,"Hunting, trapping and related service activities",21,21,0,0,0,0,21,21,0,0,0,0,0,0,0,0,0,0,21,21,12.920386,79.150042
48706,STATE - NCT OF DELHI,Forestry and logging,67,67,0,1,1,0,66,66,0,8,0,8,0,0,0,8,0,8,75,67,23.835404,91.279999
48707,STATE - NCT OF DELHI,Silviculture and other forestry activities,30,30,0,0,0,0,30,30,0,0,0,0,0,0,0,0,0,0,30,30,27.599981,78.050006
48708,STATE - NCT OF DELHI,Silviculture and other forestry activities,30,30,0,0,0,0,30,30,0,0,0,0,0,0,0,0,0,0,30,30,30.320409,78.050006
48709,STATE - NCT OF DELHI,Logging,3,3,0,0,0,0,3,3,0,0,0,0,0,0,0,0,0,0,3,3,22.58039,88.329947
48710,STATE - NCT OF DELHI,Logging,3,3,0,0,0,0,3,3,0,0,0,0,0,0,0,0,0,0,3,3,22.65423406060606,82.20022463636361
48711,STATE - NCT OF DELHI,Gathering of non-wood forest products,10,10,0,1,1,0,9,9,0,5,0,5,0,0,0,5,0,5,15,10,22.65423406060606,82.20022463636361
48712,STATE - NCT OF DELHI,Gathering of non-wood forest products,10,10,0,1,1,0,9,9,0,5,0,5,0,0,0,5,0,5,15,10,22.65423406060606,82.20022463636361
48713,STATE - NCT OF DELHI,Support services to forestry,24,24,0,0,0,0,24,24,0,3,0,3,0,0,0,3,0,3,27,24,22.65423406060606,82.20022463636361
48714,STATE - NCT OF DELHI,Support services to forestry,24,24,0,0,0,0,24,24,0,3,0,3,0,0,0,3,0,3,27,24,22.65423406060606,82.20022463636361
48715,STATE - NCT OF DELHI,Fishing and aquaculture,24,20,4,4,3,1,20,17,3,5,5,0,0,0,0,5,5,0,29,5,22.65423406060606,82.20022463636361
48716,STATE - NCT OF DELHI,Fishing,6,6,0,0,0,0,6,6,0,3,3,0,0,0,0,3,3,0,9,6,22.65423406060606,82.20022463636361
48717,STATE - NCT OF DELHI,Marine fishing,6,6,0,0,0,0,6,6,0,3,3,0,0,0,0,3,3,0,9,6,22.65423406060606,82.20022463636361
48718,STATE - NCT OF DELHI,Aquaculture,18,14,4,4,3,1,14,11,3,2,2,0,0,0,0,2,2,0,20,3.5,22.65423406060606,82.20022463636361
48719,STATE - NCT OF DELHI,Marine aquaculture,8,8,0,0,0,0,8,8,0,0,0,0,0,0,0,0,0,0,8,8,22.65423406060606,82.20022463636361
48720,STATE - NCT OF DELHI,Freshwater aquaculture,10,6,4,4,3,1,6,3,3,2,2,0,0,0,0,2,2,0,12,1.5,22.65423406060606,82.20022463636361
48721,STATE - NCT OF DELHI,Mining of coal and lignite,13,9,4,0,0,0,13,9,4,0,0,0,0,0,0,0,0,0,13,2.25,22.65423406060606,82.20022463636361
48722,STATE - NCT OF DELHI,Mining of hard coal,2,0,2,0,0,0,2,0,2,0,0,0,0,0,0,0,0,0,2,0,22.65423406060606,82.20022463636361
48723,STATE - NCT OF DELHI,Mining of hard coal,2,0,2,0,0,0,2,0,2,0,0,0,0,0,0,0,0,0,2,0,22.65423406060606,82.20022463636361
48724,STATE - NCT OF DELHI,Mining of lignite,11,9,2,0,0,0,11,9,2,0,0,0,0,0,0,0,0,0,11,4.5,22.65423406060606,82.20022463636361
48725,STATE - NCT OF DELHI,Mining of lignite,11,9,2,0,0,0,11,9,2,0,0,0,0,0,0,0,0,0,11,4.5,22.65423406060606,82.20022463636361
48726,STATE - NCT OF DELHI,Extraction of crude petroleum and natural gas,12,9,3,0,0,0,12,9,3,0,0,0,0,0,0,0,0,0,12,3,22.65423406060606,82.20022463636361
48727,STATE - NCT OF DELHI,Extraction of crude petroleum,3,3,0,0,0,0,3,3,0,0,0,0,0,0,0,0,0,0,3,3,22.65423406060606,82.20022463636361
48728,STATE - NCT OF DELHI,Extraction of crude petroleum,3,3,0,0,0,0,3,3,0,0,0,0,0,0,0,0,0,0,3,3,22.65423406060606,82.20022463636361
48729,STATE - NCT OF DELHI,Extraction of natural gas,9,6,3,0,0,0,9,6,3,0,0,0,0,0,0,0,0,0,9,2,22.65423406060606,82.20022463636361
48730,STATE - NCT OF DELHI,Extraction of natural gas,9,6,3,0,0,0,9,6,3,0,0,0,0,0,0,0,0,0,9,2,22.65423406060606,82.20022463636361
48731,STATE - NCT OF DELHI,Mining of metal ores,59,56,3,0,0,0,59,56,3,0,0,0,0,0,0,0,0,0,59,18.666666666666668,22.65423406060606,82.20022463636361
48732,STATE - NCT OF DELHI,Mining of iron ores,3,3,0,0,0,0,3,3,0,0,0,0,0,0,0,0,0,0,3,3,22.65423406060606,82.20022463636361
48733,STATE - NCT OF DELHI,Mining of iron ores,3,3,0,0,0,0,3,3,0,0,0,0,0,0,0,0,0,0,3,3,22.65423406060606,82.20022463636361
48734,STATE - NCT OF DELHI,Mining of non-ferrous metal ores,56,53,3,0,0,0,56,53,3,0,0,0,0,0,0,0,0,0,56,17.666666666666668,22.65423406060606,82.20022463636361
48735,STATE - NCT OF DELHI,Mining of other non-ferrous metal ores,56,53,3,0,0,0,56,53,3,0,0,0,0,0,0,0,0,0,56,17.666666666666668,22.65423406060606,82.20022463636361
48736,STATE - NCT OF DELHI,Other mining and quarrying,41,39,2,0,0,0,41,39,2,3,0,3,0,0,0,3,0,3,44,19.5,22.65423406060606,82.20022463636361
48737,STATE - NCT OF DELHI,"Quarrying of stone, sand and clay",32,30,2,0,0,0,32,30,2,3,0,3,0,0,0,3,0,3,35,15,22.65423406060606,82.20022463636361
48738,STATE - NCT OF DELHI,"Quarrying of stone, sand and clay",32,30,2,0,0,0,32,30,2,3,0,3,0,0,0,3,0,3,35,15,22.65423406060606,82.20022463636361
48739,STATE - NCT OF DELHI,Mining and quarrying n.e.c.,9,9,0,0,0,0,9,9,0,0,0,0,0,0,0,0,0,0,9,9,22.65423406060606,82.20022463636361
48740,STATE - NCT OF DELHI,Other mining and quarrying n.e.c.,9,9,0,0,0,0,9,9,0,0,0,0,0,0,0,0,0,0,9,9,22.65423406060606,82.20022463636361
48741,STATE - NCT OF DELHI,Mining support service activities,8,6,2,0,0,0,8,6,2,0,0,0,0,0,0,0,0,0,8,3,22.65423406060606,82.20022463636361
48742,STATE - NCT OF DELHI,Support activities for petroleum and natural gas mining,6,6,0,0,0,0,6,6,0,0,0,0,0,0,0,0,0,0,6,6,22.65423406060606,82.20022463636361
48743,STATE - NCT OF DELHI,Support activities for petroleum and natural gas mining,6,6,0,0,0,0,6,6,0,0,0,0,0,0,0,0,0,0,6,6,22.65423406060606,82.20022463636361
48744,STATE - NCT OF DELHI,Support activities for other mining and quarrying,2,0,2,0,0,0,2,0,2,0,0,0,0,0,0,0,0,0,2,0,22.65423406060606,82.20022463636361
48745,STATE - NCT OF DELHI,Support activities for other mining and quarrying,2,0,2,0,0,0,2,0,2,0,0,0,0,0,0,0,0,0,2,0,22.65423406060606,82.20022463636361
48746,STATE - NCT OF DELHI,Manufacture of food products,5545,4530,1015,211,168,43,5334,4362,972,497,286,211,18,8,10,479,278,201,6042,4.463054187192118,22.65423406060606,82.20022463636361
48747,STATE - NCT OF DELHI,Processing and preserving of meat,70,70,0,0,0,0,70,70,0,2,2,0,0,0,0,2,2,0,72,70,22.65423406060606,82.20022463636361
48748,STATE - NCT OF DELHI,Processing and preserving of meat,70,70,0,0,0,0,70,70,0,2,2,0,0,0,0,2,2,0,72,70,22.65423406060606,82.20022463636361
48749,STATE - NCT OF DELHI,"Processing and preserving of fish, crustaceans and molluscs",6,6,0,0,0,0,6,6,0,0,0,0,0,0,0,0,0,0,6,6,22.65423406060606,82.20022463636361
48750,STATE - NCT OF DELHI,"Processing and preserving of fish, crustaceans and molluscs and",6,6,0,0,0,0,6,6,0,0,0,0,0,0,0,0,0,0,6,6,22.65423406060606,82.20022463636361
48751,STATE - NCT OF DELHI,Processing and preserving of fruit and vegetables,399,304,95,13,13,0,386,291,95,84,33,51,6,6,0,78,27,51,483,3.2,22.65423406060606,82.20022463636361
48752,STATE - NCT OF DELHI,Processing and preserving of fruit and vegetables,399,304,95,13,13,0,386,291,95,84,33,51,6,6,0,78,27,51,483,3.2,22.65423406060606,82.20022463636361
48753,STATE - NCT OF DELHI,Manufacture of vegetable and animal oils and fats,99,92,7,0,0,0,99,92,7,6,3,3,0,0,0,6,3,3,105,13.142857142857142,22.65423406060606,82.20022463636361
48754,STATE - NCT OF DELHI,Manufacture of vegetable and animal oils and fats,99,92,7,0,0,0,99,92,7,6,3,3,0,0,0,6,3,3,105,13.142857142857142,22.65423406060606,82.20022463636361
48755,STATE - NCT OF DELHI,Manufacture of dairy products,1183,951,232,48,24,24,1135,927,208,73,30,43,8,0,8,65,30,35,1256,4.099137931034483,22.65423406060606,82.20022463636361
48756,STATE - NCT OF DELHI,Manufacture of dairy products,1183,951,232,48,24,24,1135,927,208,73,30,43,8,0,8,65,30,35,1256,4.099137931034483,22.65423406060606,82.20022463636361
48757,STATE - NCT OF DELHI,"Manufacture of grain mill products, starches and starch products",906,686,220,37,28,9,869,658,211,51,28,23,2,0,2,49,28,21,957,3.118181818181818,22.65423406060606,82.20022463636361
48758,STATE - NCT OF DELHI,Manufacture of grain mill products,875,660,215,37,28,9,838,632,206,48,25,23,2,0,2,46,25,21,923,3.069767441860465,22.65423406060606,82.20022463636361
48759,STATE - NCT OF DELHI,Manufacture of starches and starch products,31,26,5,0,0,0,31,26,5,3,3,0,0,0,0,3,3,0,34,5.2,22.65423406060606,82.20022463636361
48760,STATE - NCT OF DELHI,Manufacture of other food products,2878,2417,461,113,103,10,2765,2314,451,281,190,91,2,2,0,279,188,91,3159,5.24295010845987,22.65423406060606,82.20022463636361
48761,STATE - NCT OF DELHI,Manufacture of bakery products,391,350,41,6,0,6,385,350,35,19,14,5,0,0,0,19,14,5,410,8.536585365853659,22.65423406060606,82.20022463636361
48762,STATE - NCT OF DELHI,Manufacture of sugar,32,29,3,0,0,0,32,29,3,3,3,0,0,0,0,3,3,0,35,9.666666666666666,22.65423406060606,82.20022463636361
48763,STATE - NCT OF DELHI,"Manufacture of cocoa, chocolate and sugar confectionery",598,548,50,39,37,2,559,511,48,43,37,6,2,2,0,41,35,6,641,10.96,22.65423406060606,82.20022463636361
48764,STATE - NCT OF DELHI,"Manufacture of macaroni, noodles, couscous and similar farinaceous",18,18,0,0,0,0,18,18,0,0,0,0,0,0,0,0,0,0,18,18,22.65423406060606,82.20022463636361
48765,STATE - NCT OF DELHI,Manufacture of prepared meals and dishes,1314,1070,244,61,59,2,1253,1011,242,166,110,56,0,0,0,166,110,56,1480,4.385245901639344,22.65423406060606,82.20022463636361
48766,STATE - NCT OF DELHI,Manufacture of other food products n.e.c.,525,402,123,7,7,0,518,395,123,50,26,24,0,0,0,50,26,24,575,3.268292682926829,22.65423406060606,82.20022463636361
48767,STATE - NCT OF DELHI,Manufacture of prepared animal feeds,4,4,0,0,0,0,4,4,0,0,0,0,0,0,0,0,0,0,4,4,22.65423406060606,82.20022463636361
48768,STATE - NCT OF DELHI,Manufacture of prepared animal feeds,4,4,0,0,0,0,4,4,0,0,0,0,0,0,0,0,0,0,4,4,22.65423406060606,82.20022463636361
48769,STATE - NCT OF DELHI,Manufacture of beverages,226,207,19,1,1,0,225,206,19,8,8,0,0,0,0,8,8,0,234,10.894736842105264,22.65423406060606,82.20022463636361
48770,STATE - NCT OF DELHI,Manufacture of beverages,226,207,19,1,1,0,225,206,19,8,8,0,0,0,0,8,8,0,234,10.894736842105264,22.65423406060606,82.20022463636361
48771,STATE - NCT OF DELHI,"Distilling, rectifying and blending of spirits; ethyl alcohol production",9,9,0,0,0,0,9,9,0,0,0,0,0,0,0,0,0,0,9,9,22.65423406060606,82.20022463636361
48772,STATE - NCT OF DELHI,Manufacture of wines,26,15,11,0,0,0,26,15,11,0,0,0,0,0,0,0,0,0,26,1.3636363636363635,22.65423406060606,82.20022463636361
48773,STATE - NCT OF DELHI,Manufacture of malt liquors and malt,6,6,0,0,0,0,6,6,0,3,3,0,0,0,0,3,3,0,9,6,22.65423406060606,82.20022463636361
48774,STATE - NCT OF DELHI,Manufacture of soft drinks; production of mineral waters and other,185,177,8,1,1,0,184,176,8,5,5,0,0,0,0,5,5,0,190,22.125,22.65423406060606,82.20022463636361
48775,STATE - NCT OF DELHI,Manufacture of tobacco products,147,123,24,6,6,0,141,117,24,20,5,15,0,0,0,20,5,15,167,5.125,22.65423406060606,82.20022463636361
48776,STATE - NCT OF DELHI,Manufacture of tobacco products,147,123,24,6,6,0,141,117,24,20,5,15,0,0,0,20,5,15,167,5.125,22.65423406060606,82.20022463636361
48777,STATE - NCT OF DELHI,Manufacture of tobacco products,147,123,24,6,6,0,141,117,24,20,5,15,0,0,0,20,5,15,167,5.125,22.65423406060606,82.20022463636361
48778,STATE - NCT OF DELHI,Manufacture of textiles,6962,5777,1185,98,93,5,6864,5684,1180,830,487,343,47,14,33,783,473,310,7792,4.875105485232067,22.65423406060606,82.20022463636361
48779,STATE - NCT OF DELHI,"Spinning, weaving and finishing of textiles",2630,2280,350,28,27,1,2602,2253,349,427,303,124,34,14,20,393,289,104,3057,6.514285714285714,22.65423406060606,82.20022463636361
48780,STATE - NCT OF DELHI,Preparation and spinning of textile fibres,759,647,112,8,8,0,751,639,112,294,224,70,34,14,20,260,210,50,1053,5.776785714285714,22.65423406060606,82.20022463636361
48781,STATE - NCT OF DELHI,Weaving of textiles,734,588,146,6,6,0,728,582,146,62,29,33,0,0,0,62,29,33,796,4.027397260273973,22.65423406060606,82.20022463636361
48782,STATE - NCT OF DELHI,Finishing of textiles,1137,1045,92,14,13,1,1123,1032,91,71,50,21,0,0,0,71,50,21,1208,11.358695652173912,22.65423406060606,82.20022463636361
48783,STATE - NCT OF DELHI,Manufacture of other textiles,4332,3497,835,70,66,4,4262,3431,831,403,184,219,13,0,13,390,184,206,4735,4.188023952095809,22.65423406060606,82.20022463636361
48784,STATE - NCT OF DELHI,Manufacture of knitted and crocheted fabrics,40,24,16,0,0,0,40,24,16,0,0,0,0,0,0,0,0,0,40,1.5,22.65423406060606,82.20022463636361
48785,STATE - NCT OF DELHI,"Manufacture of made-up textile articles, except apparel",213,179,34,0,0,0,213,179,34,13,9,4,1,0,1,12,9,3,226,5.264705882352941,22.65423406060606,82.20022463636361
48786,STATE - NCT OF DELHI,Manufacture of carpets and rugs,163,149,14,30,30,0,133,119,14,6,6,0,0,0,0,6,6,0,169,10.642857142857142,22.65423406060606,82.20022463636361
48787,STATE - NCT OF DELHI,"Manufacture of cordage, rope, twine and netting",1299,843,456,23,20,3,1276,823,453,132,67,65,0,0,0,132,67,65,1431,1.848684210526316,22.65423406060606,82.20022463636361
48788,STATE - NCT OF DELHI,Manufacture of other textiles n.e.c.,2617,2302,315,17,16,1,2600,2286,314,252,102,150,12,0,12,240,102,138,2869,7.307936507936508,22.65423406060606,82.20022463636361
48789,STATE - NCT OF DELHI,Manufacture of wearing apparel,37775,33042,4733,486,406,80,37289,32636,4653,2466,1369,1097,47,16,31,2419,1353,1066,40241,6.9811958588633,22.65423406060606,82.20022463636361
48790,STATE - NCT OF DELHI,"Manufacture of wearing apparel, except fur apparel",36366,31768,4598,479,399,80,35887,31369,4518,2379,1318,1061,47,16,31,2332,1302,1030,38745,6.909090909090909,22.65423406060606,82.20022463636361
48791,STATE - NCT OF DELHI,"Manufacture of wearing apparel, except fur apparel",36366,31768,4598,479,399,80,35887,31369,4518,2379,1318,1061,47,16,31,2332,1302,1030,38745,6.909090909090909,22.65423406060606,82.20022463636361
48792,STATE - NCT OF DELHI,Manufacture of articles of fur,46,41,5,0,0,0,46,41,5,12,9,3,0,0,0,12,9,3,58,8.2,22.65423406060606,82.20022463636361
48793,STATE - NCT OF DELHI,Manufacture of articles of fur,46,41,5,0,0,0,46,41,5,12,9,3,0,0,0,12,9,3,58,8.2,22.65423406060606,82.20022463636361
48794,STATE - NCT OF DELHI,Manufacture of knitted and crocheted apparel,1363,1233,130,7,7,0,1356,1226,130,75,42,33,0,0,0,75,42,33,1438,9.484615384615385,22.65423406060606,82.20022463636361
48795,STATE - NCT OF DELHI,Manufacture of knitted and crocheted apparel,1363,1233,130,7,7,0,1356,1226,130,75,42,33,0,0,0,75,42,33,1438,9.484615384615385,22.65423406060606,82.20022463636361
48796,STATE - NCT OF DELHI,Manufacture of leather and related products,18439,17261,1178,369,318,51,18070,16943,1127,745,615,130,26,26,0,719,589,130,19184,14.652801358234296,22.65423406060606,82.20022463636361
48797,STATE - NCT OF DELHI,"Tanning and dressing of leather; manufacture of luggage, handbags, saddlery",2661,2516,145,38,35,3,2623,2481,142,160,109,51,0,0,0,160,109,51,2821,17.351724137931033,22.65423406060606,82.20022463636361
48798,STATE - NCT OF DELHI,Tanning and dressing of leather; dressing and dyeing of fur,196,166,30,0,0,0,196,166,30,24,9,15,0,0,0,24,9,15,220,5.533333333333333,22.65423406060606,82.20022463636361
48799,STATE - NCT OF DELHI,"Manufacture of luggage, handbags and the like, saddlery and harness",2465,2350,115,38,35,3,2427,2315,112,136,100,36,0,0,0,136,100,36,2601,20.43478260869565,22.65423406060606,82.20022463636361
48800,STATE - NCT OF DELHI,Manufacture of footwear,15778,14745,1033,331,283,48,15447,14462,985,585,506,79,26,26,0,559,480,79,16363,14.273959341723137,22.65423406060606,82.20022463636361
48801,STATE - NCT OF DELHI,Manufacture of footwear,15778,14745,1033,331,283,48,15447,14462,985,585,506,79,26,26,0,559,480,79,16363,14.273959341723137,22.65423406060606,82.20022463636361
48802,STATE - NCT OF DELHI,"Manufacture of wood and products of wood and cork, except furniture;",1856,1748,108,72,69,3,1784,1679,105,173,146,27,23,13,10,150,133,17,2029,16.185185185185187,22.65423406060606,82.20022463636361
48803,STATE - NCT OF DELHI,"Manufacture of products of wood, cork, straw and plaiting materials",1733,1625,108,71,68,3,1662,1557,105,159,134,25,21,13,8,138,121,17,1892,15.046296296296296,22.65423406060606,82.20022463636361
48804,STATE - NCT OF DELHI,"Manufacture of veneer sheets; manufacture of plywood, laminboard,",330,310,20,60,57,3,270,253,17,38,38,0,13,13,0,25,25,0,368,15.5,22.65423406060606,82.20022463636361
48805,STATE - NCT OF DELHI,Manufacture of builders carpentry and joinery,332,321,11,2,2,0,330,319,11,20,20,0,0,0,0,20,20,0,352,29.181818181818183,22.65423406060606,82.20022463636361
48806,STATE - NCT OF DELHI,Manufacture of wooden containers,364,327,37,3,3,0,361,324,37,43,27,16,8,0,8,35,27,8,407,8.837837837837839,22.65423406060606,82.20022463636361
48807,STATE - NCT OF DELHI,"Manufacture of other products of wood; manufacture of articles of cork,",707,667,40,6,6,0,701,661,40,58,49,9,0,0,0,58,49,9,765,16.675,22.65423406060606,82.20022463636361
48808,STATE - NCT OF DELHI,Manufacture of paper and paper products,4965,3896,1069,91,73,18,4874,3823,1051,570,233,337,9,6,3,561,227,334,5535,3.644527595884004,22.65423406060606,82.20022463636361
48809,STATE - NCT OF DELHI,Manufacture of paper and paper products,4965,3896,1069,91,73,18,4874,3823,1051,570,233,337,9,6,3,561,227,334,5535,3.644527595884004,22.65423406060606,82.20022463636361
48810,STATE - NCT OF DELHI,"Manufacture of pulp, paper and paperboard",388,341,47,1,0,1,387,341,46,9,6,3,0,0,0,9,6,3,397,7.25531914893617,22.65423406060606,82.20022463636361
48811,STATE - NCT OF DELHI,Manufacture of corrugated paper and paperboard and containers of,2433,2115,318,54,45,9,2379,2070,309,231,124,107,2,0,2,229,124,105,2664,6.650943396226415,22.65423406060606,82.20022463636361
48812,STATE - NCT OF DELHI,Manufacture of other articles of paper and paperboard,2144,1440,704,36,28,8,2108,1412,696,330,103,227,7,6,1,323,97,226,2474,2.0454545454545454,22.65423406060606,82.20022463636361
48813,STATE - NCT OF DELHI,Printing and reproduction of recorded media,6394,6177,217,41,41,0,6353,6136,217,301,267,34,1,1,0,300,266,34,6695,28.465437788018438,22.65423406060606,82.20022463636361
48814,STATE - NCT OF DELHI,Printing and service activities related to printing,6385,6168,217,41,41,0,6344,6127,217,301,267,34,1,1,0,300,266,34,6686,28.42396313364055,22.65423406060606,82.20022463636361
48815,STATE - NCT OF DELHI,Printing,1231,1199,32,13,13,0,1218,1186,32,50,45,5,0,0,0,50,45,5,1281,37.46875,22.65423406060606,82.20022463636361
48816,STATE - NCT OF DELHI,Service activities related to printing,5154,4969,185,28,28,0,5126,4941,185,251,222,29,1,1,0,250,221,29,5405,26.85945945945946,22.65423406060606,82.20022463636361
48817,STATE - NCT OF DELHI,Reproduction of recorded media,9,9,0,0,0,0,9,9,0,0,0,0,0,0,0,0,0,0,9,9,22.65423406060606,82.20022463636361
48818,STATE - NCT OF DELHI,Reproduction of recorded media,9,9,0,0,0,0,9,9,0,0,0,0,0,0,0,0,0,0,9,9,22.65423406060606,82.20022463636361
48819,STATE - NCT OF DELHI,Manufacture of coke and refined petroleum products,140,99,41,12,6,6,128,93,35,5,0,5,0,0,0,5,0,5,145,2.414634146341464,22.65423406060606,82.20022463636361
48820,STATE - NCT OF DELHI,Manufacture of coke oven products,23,17,6,0,0,0,23,17,6,0,0,0,0,0,0,0,0,0,23,2.833333333333333,22.65423406060606,82.20022463636361
48821,STATE - NCT OF DELHI,Manufacture of coke oven products,23,17,6,0,0,0,23,17,6,0,0,0,0,0,0,0,0,0,23,2.833333333333333,22.65423406060606,82.20022463636361
48822,STATE - NCT OF DELHI,Manufacture of refined petroleum products,117,82,35,12,6,6,105,76,29,5,0,5,0,0,0,5,0,5,122,2.342857142857143,22.65423406060606,82.20022463636361
48823,STATE - NCT OF DELHI,Manufacture of refined petroleum products,117,82,35,12,6,6,105,76,29,5,0,5,0,0,0,5,0,5,122,2.342857142857143,22.65423406060606,82.20022463636361
48824,STATE - NCT OF DELHI,Manufacture of chemicals and chemical products,2052,1803,249,22,16,6,2030,1787,243,132,92,40,17,8,9,115,84,31,2184,7.240963855421687,22.65423406060606,82.20022463636361
48825,STATE - NCT OF DELHI,"Manufacture of basic chemicals, fertilizer and nitrogen compounds, plastics",241,213,28,7,1,6,234,212,22,6,6,0,0,0,0,6,6,0,247,7.607142857142857,22.65423406060606,82.20022463636361
48826,STATE - NCT OF DELHI,Manufacture of basic chemicals,193,175,18,7,1,6,186,174,12,6,6,0,0,0,0,6,6,0,199,9.72222222222222,22.65423406060606,82.20022463636361
48827,STATE - NCT OF DELHI,Manufacture of fertilizers and nitrogen compounds,17,12,5,0,0,0,17,12,5,0,0,0,0,0,0,0,0,0,17,2.4,22.65423406060606,82.20022463636361
48828,STATE - NCT OF DELHI,Manufacture of plastics and synthetic rubber in primary forms,31,26,5,0,0,0,31,26,5,0,0,0,0,0,0,0,0,0,31,5.2,22.65423406060606,82.20022463636361
48829,STATE - NCT OF DELHI,Manufacture of other chemical products,1808,1587,221,15,15,0,1793,1572,221,126,86,40,17,8,9,109,78,31,1934,7.180995475113122,22.65423406060606,82.20022463636361
48830,STATE - NCT OF DELHI,Manufacture of pesticides and other agrochemical products,87,85,2,2,2,0,85,83,2,0,0,0,0,0,0,0,0,0,87,42.5,22.65423406060606,82.20022463636361
48831,STATE - NCT OF DELHI,"Manufacture of paints, varnishes and similar coatings, printing ink and",333,314,19,6,6,0,327,308,19,9,9,0,0,0,0,9,9,0,342,16.526315789473685,22.65423406060606,82.20022463636361
48832,STATE - NCT OF DELHI,"Manufacture of soap and detergents, cleaning and polishing preparations,",1135,952,183,6,6,0,1129,946,183,108,68,40,17,8,9,91,60,31,1243,5.202185792349726,22.65423406060606,82.20022463636361
48833,STATE - NCT OF DELHI,Manufacture of other chemical products n.e.c.,253,236,17,1,1,0,252,235,17,9,9,0,0,0,0,9,9,0,262,13.882352941176473,22.65423406060606,82.20022463636361
48834,STATE - NCT OF DELHI,Manufacture of man-made fibres,3,3,0,0,0,0,3,3,0,0,0,0,0,0,0,0,0,0,3,3,22.65423406060606,82.20022463636361
48835,STATE - NCT OF DELHI,Manufacture of man-made fibres,3,3,0,0,0,0,3,3,0,0,0,0,0,0,0,0,0,0,3,3,22.65423406060606,82.20022463636361
48836,STATE - NCT OF DELHI,"Manufacture of pharmaceuticals, medicinal chemical and botanical products",390,352,38,18,6,12,372,346,26,23,14,9,0,0,0,23,14,9,413,9.263157894736842,22.65423406060606,82.20022463636361
48837,STATE - NCT OF DELHI,"Manufacture of pharmaceuticals, medicinal chemical and botanical products",390,352,38,18,6,12,372,346,26,23,14,9,0,0,0,23,14,9,413,9.263157894736842,22.65423406060606,82.20022463636361
48838,STATE - NCT OF DELHI,"Manufacture of pharmaceuticals, medicinal chemical and botanical",390,352,38,18,6,12,372,346,26,23,14,9,0,0,0,23,14,9,413,9.263157894736842,22.65423406060606,82.20022463636361
48839,STATE - NCT OF DELHI,Manufacture of rubber and plastics products,6929,6137,792,196,152,44,6733,5985,748,297,186,111,15,9,6,282,177,105,7226,7.748737373737374,22.65423406060606,82.20022463636361
48840,STATE - NCT OF DELHI,Manufacture of rubber products,1338,1211,127,15,15,0,1323,1196,127,46,28,18,0,0,0,46,28,18,1384,9.535433070866144,22.65423406060606,82.20022463636361
48841,STATE - NCT OF DELHI,Manufacture of rubber tyres and tubes; retreading and rebuilding of,251,234,17,2,2,0,249,232,17,6,3,3,0,0,0,6,3,3,257,13.764705882352942,22.65423406060606,82.20022463636361
48842,STATE - NCT OF DELHI,Manufacture of other rubber products,1087,977,110,13,13,0,1074,964,110,40,25,15,0,0,0,40,25,15,1127,8.881818181818181,22.65423406060606,82.20022463636361
48843,STATE - NCT OF DELHI,Manufacture of plastics products,5591,4926,665,181,137,44,5410,4789,621,251,158,93,15,9,6,236,149,87,5842,7.407518796992481,22.65423406060606,82.20022463636361
48844,STATE - NCT OF DELHI,Manufacture of plastics products,5591,4926,665,181,137,44,5410,4789,621,251,158,93,15,9,6,236,149,87,5842,7.407518796992481,22.65423406060606,82.20022463636361
48845,STATE - NCT OF DELHI,Manufacture of other non-metallic mineral products,1727,1470,257,74,64,10,1653,1406,247,197,126,71,8,7,1,189,119,70,1924,5.719844357976654,22.65423406060606,82.20022463636361
48846,STATE - NCT OF DELHI,Manufacture of glass and glass products,760,618,142,32,26,6,728,592,136,97,56,41,6,6,0,91,50,41,857,4.352112676056338,22.65423406060606,82.20022463636361
48847,STATE - NCT OF DELHI,Manufacture of glass and glass products,760,618,142,32,26,6,728,592,136,97,56,41,6,6,0,91,50,41,857,4.352112676056338,22.65423406060606,82.20022463636361
48848,STATE - NCT OF DELHI,Manufacture of non-metallic mineral products n.e.c.,967,852,115,42,38,4,925,814,111,100,70,30,2,1,1,98,69,29,1067,7.408695652173913,22.65423406060606,82.20022463636361
48849,STATE - NCT OF DELHI,Manufacture of refractory products,11,11,0,0,0,0,11,11,0,2,0,2,0,0,0,2,0,2,13,11,22.65423406060606,82.20022463636361
48850,STATE - NCT OF DELHI,Manufacture of clay building materials,221,198,23,1,1,0,220,197,23,38,28,10,1,0,1,37,28,9,259,8.608695652173912,22.65423406060606,82.20022463636361
48851,STATE - NCT OF DELHI,Manufacture of other porcelain and ceramic products,214,161,53,4,3,1,210,158,52,21,12,9,1,1,0,20,11,9,235,3.037735849056604,22.65423406060606,82.20022463636361
48852,STATE - NCT OF DELHI,"Manufacture of cement, lime and plaster",121,110,11,0,0,0,121,110,11,10,6,4,0,0,0,10,6,4,131,10,22.65423406060606,82.20022463636361
48853,STATE - NCT OF DELHI,"Manufacture of articles of concrete, cement and plaster",206,203,3,27,27,0,179,176,3,18,18,0,0,0,0,18,18,0,224,67.66666666666667,22.65423406060606,82.20022463636361
48854,STATE - NCT OF DELHI,"Cutting, shaping and finishing of stone",94,80,14,1,1,0,93,79,14,3,0,3,0,0,0,3,0,3,97,5.714285714285714,22.65423406060606,82.20022463636361
48855,STATE - NCT OF DELHI,Manufacture of other non-metallic mineral products n.e.c.,100,89,11,9,6,3,91,83,8,8,6,2,0,0,0,8,6,2,108,8.090909090909092,22.65423406060606,82.20022463636361
48856,STATE - NCT OF DELHI,Manufacture of basic metals,7166,6868,298,160,134,26,7006,6734,272,316,287,29,6,6,0,310,281,29,7482,23.046979865771814,22.65423406060606,82.20022463636361
48857,STATE - NCT OF DELHI,Manufacture of basic iron and steel,3262,3126,136,72,64,8,3190,3062,128,102,99,3,6,6,0,96,93,3,3364,22.985294117647054,22.65423406060606,82.20022463636361
48858,STATE - NCT OF DELHI,Manufacture of basic iron and steel,3262,3126,136,72,64,8,3190,3062,128,102,99,3,6,6,0,96,93,3,3364,22.985294117647054,22.65423406060606,82.20022463636361
48859,STATE - NCT OF DELHI,Manufacture of basic precious and other non-ferrous metals,718,673,45,6,0,6,712,673,39,27,19,8,0,0,0,27,19,8,745,14.955555555555556,22.65423406060606,82.20022463636361
48860,STATE - NCT OF DELHI,Manufacture of basic precious and other non-ferrous metals,718,673,45,6,0,6,712,673,39,27,19,8,0,0,0,27,19,8,745,14.955555555555556,22.65423406060606,82.20022463636361
48861,STATE - NCT OF DELHI,Casting of metals,3186,3069,117,82,70,12,3104,2999,105,187,169,18,0,0,0,187,169,18,3373,26.23076923076923,22.65423406060606,82.20022463636361
48862,STATE - NCT OF DELHI,Casting of iron and steel,2691,2594,97,74,62,12,2617,2532,85,154,138,16,0,0,0,154,138,16,2845,26.742268041237114,22.65423406060606,82.20022463636361
48863,STATE - NCT OF DELHI,Casting of non-ferrous metals,495,475,20,8,8,0,487,467,20,33,31,2,0,0,0,33,31,2,528,23.75,22.65423406060606,82.20022463636361
48864,STATE - NCT OF DELHI,"Manufacture of fabricated metal products, except machinery and equipment",9733,9044,689,216,210,6,9517,8834,683,427,368,59,1,1,0,426,367,59,10160,13.126269956458636,22.65423406060606,82.20022463636361
48865,STATE - NCT OF DELHI,"Manufacture of structural metal products, tanks, reservoirs and steam",4657,4476,181,88,84,4,4569,4392,177,147,139,8,1,1,0,146,138,8,4804,24.7292817679558,22.65423406060606,82.20022463636361
48866,STATE - NCT OF DELHI,Manufacture of structural metal products,4497,4324,173,88,84,4,4409,4240,169,141,133,8,1,1,0,140,132,8,4638,24.99421965317919,22.65423406060606,82.20022463636361
48867,STATE - NCT OF DELHI,"Manufacture of tanks, reservoirs and containers of metal",121,113,8,0,0,0,121,113,8,6,6,0,0,0,0,6,6,0,127,14.125,22.65423406060606,82.20022463636361
48868,STATE - NCT OF DELHI,"Manufacture of steam generators, except central heating hot water",39,39,0,0,0,0,39,39,0,0,0,0,0,0,0,0,0,0,39,39,22.65423406060606,82.20022463636361
48869,STATE - NCT OF DELHI,Manufacture of other fabricated metal products; metalworking service,5076,4568,508,128,126,2,4948,4442,506,280,229,51,0,0,0,280,229,51,5356,8.992125984251969,22.65423406060606,82.20022463636361
48870,STATE - NCT OF DELHI,"Forging, pressing, stamping and roll-forming of metal; powder",33,30,3,1,1,0,32,29,3,0,0,0,0,0,0,0,0,0,33,10,22.65423406060606,82.20022463636361
48871,STATE - NCT OF DELHI,Machining; treatment and coating of metals,560,548,12,0,0,0,560,548,12,24,21,3,0,0,0,24,21,3,584,45.66666666666666,22.65423406060606,82.20022463636361
48872,STATE - NCT OF DELHI,"Manufacture of cutlery, hand tools and general hardware",2051,1757,294,87,87,0,1964,1670,294,123,84,39,0,0,0,123,84,39,2174,5.976190476190476,22.65423406060606,82.20022463636361
48873,STATE - NCT OF DELHI,Manufacture of other fabricated metal products n.e.c.,2432,2233,199,40,38,2,2392,2195,197,133,124,9,0,0,0,133,124,9,2565,11.22110552763819,22.65423406060606,82.20022463636361
48874,STATE - NCT OF DELHI,"Manufacture of computer, electronic and optical products",2379,2154,225,46,16,30,2333,2138,195,102,72,30,0,0,0,102,72,30,2481,9.573333333333334,22.65423406060606,82.20022463636361
48875,STATE - NCT OF DELHI,Manufacture of electronic components,510,452,58,34,10,24,476,442,34,18,11,7,0,0,0,18,11,7,528,7.793103448275862,22.65423406060606,82.20022463636361
48876,STATE - NCT OF DELHI,Manufacture of electronic components,510,452,58,34,10,24,476,442,34,18,11,7,0,0,0,18,11,7,528,7.793103448275862,22.65423406060606,82.20022463636361
48877,STATE - NCT OF DELHI,Manufacture of communication equipment,429,365,64,0,0,0,429,365,64,26,15,11,0,0,0,26,15,11,455,5.703125,22.65423406060606,82.20022463636361
48878,STATE - NCT OF DELHI,Manufacture of communication equipment,429,365,64,0,0,0,429,365,64,26,15,11,0,0,0,26,15,11,455,5.703125,22.65423406060606,82.20022463636361
48879,STATE - NCT OF DELHI,Manufacture of consumer electronics,801,750,51,6,6,0,795,744,51,37,28,9,0,0,0,37,28,9,838,14.705882352941176,22.65423406060606,82.20022463636361
48880,STATE - NCT OF DELHI,Manufacture of consumer electronics,801,750,51,6,6,0,795,744,51,37,28,9,0,0,0,37,28,9,838,14.705882352941176,22.65423406060606,82.20022463636361
48881,STATE - NCT OF DELHI,"Manufacture of measuring, testing, navigating and control equipment;",293,249,44,6,0,6,287,249,38,3,3,0,0,0,0,3,3,0,296,5.659090909090909,22.65423406060606,82.20022463636361
48882,STATE - NCT OF DELHI,"Manufacture of measuring, testing, navigating and control equipment",141,125,16,0,0,0,141,125,16,0,0,0,0,0,0,0,0,0,141,7.8125,22.65423406060606,82.20022463636361
48883,STATE - NCT OF DELHI,Manufacture of watches and clocks,152,124,28,6,0,6,146,124,22,3,3,0,0,0,0,3,3,0,155,4.428571428571429,22.65423406060606,82.20022463636361
48884,STATE - NCT OF DELHI,"Manufacture of irradiation, electromedical and electrotherapeutic",14,14,0,0,0,0,14,14,0,0,0,0,0,0,0,0,0,0,14,14,22.65423406060606,82.20022463636361
48885,STATE - NCT OF DELHI,"Manufacture of irradiation, electromedical and electrotherapeutic",14,14,0,0,0,0,14,14,0,0,0,0,0,0,0,0,0,0,14,14,22.65423406060606,82.20022463636361
48886,STATE - NCT OF DELHI,Manufacture of optical instruments and equipment,108,102,6,0,0,0,108,102,6,0,0,0,0,0,0,0,0,0,108,17,22.65423406060606,82.20022463636361
48887,STATE - NCT OF DELHI,Manufacture of optical instruments and equipment,108,102,6,0,0,0,108,102,6,0,0,0,0,0,0,0,0,0,108,17,22.65423406060606,82.20022463636361
48888,STATE - NCT OF DELHI,Manufacture of magnetic and optical media,9,9,0,0,0,0,9,9,0,0,0,0,0,0,0,0,0,0,9,9,22.65423406060606,82.20022463636361
48889,STATE - NCT OF DELHI,Manufacture of magnetic and optical media,9,9,0,0,0,0,9,9,0,0,0,0,0,0,0,0,0,0,9,9,22.65423406060606,82.20022463636361
48890,STATE - NCT OF DELHI,Manufacture of electrical equipment,5041,4580,461,118,112,6,4923,4468,455,279,200,79,1,0,1,278,200,78,5320,9.934924078091106,22.65423406060606,82.20022463636361
48891,STATE - NCT OF DELHI,"Manufacture of electric motors, generators, transformers and electricity",1095,1077,18,19,19,0,1076,1058,18,45,41,4,0,0,0,45,41,4,1140,59.833333333333336,22.65423406060606,82.20022463636361
48892,STATE - NCT OF DELHI,"Manufacture of electric motors, generators, transformers and electricity",1095,1077,18,19,19,0,1076,1058,18,45,41,4,0,0,0,45,41,4,1140,59.833333333333336,22.65423406060606,82.20022463636361
48893,STATE - NCT OF DELHI,Manufacture of batteries and accumulators,341,311,30,44,44,0,297,267,30,14,9,5,0,0,0,14,9,5,355,10.366666666666667,22.65423406060606,82.20022463636361
48894,STATE - NCT OF DELHI,Manufacture of batteries and accumulators,341,311,30,44,44,0,297,267,30,14,9,5,0,0,0,14,9,5,355,10.366666666666667,22.65423406060606,82.20022463636361
48895,STATE - NCT OF DELHI,Manufacture of wiring and wiring devices,1437,1306,131,6,6,0,1431,1300,131,94,70,24,0,0,0,94,70,24,1531,9.969465648854962,22.65423406060606,82.20022463636361
48896,STATE - NCT OF DELHI,Manufacture of fibre optic cables for data transmission or live,0,0,0,0,0,0,0,0,0,3,3,0,0,0,0,3,3,0,3,0,22.65423406060606,82.20022463636361
48897,STATE - NCT OF DELHI,Manufacture of other electronic and electric wires and cables,752,691,61,6,6,0,746,685,61,37,33,4,0,0,0,37,33,4,789,11.327868852459016,22.65423406060606,82.20022463636361
48898,STATE - NCT OF DELHI,Manufacture of wiring devices,685,615,70,0,0,0,685,615,70,54,34,20,0,0,0,54,34,20,739,8.785714285714286,22.65423406060606,82.20022463636361
48899,STATE - NCT OF DELHI,Manufacture of electric lighting equipment,962,863,99,21,21,0,941,842,99,45,36,9,0,0,0,45,36,9,1007,8.717171717171718,22.65423406060606,82.20022463636361
48900,STATE - NCT OF DELHI,Manufacture of electric lighting equipment,962,863,99,21,21,0,941,842,99,45,36,9,0,0,0,45,36,9,1007,8.717171717171718,22.65423406060606,82.20022463636361
48901,STATE - NCT OF DELHI,Manufacture of domestic appliances,907,743,164,15,9,6,892,734,158,61,35,26,1,0,1,60,35,25,968,4.530487804878049,22.65423406060606,82.20022463636361
48902,STATE - NCT OF DELHI,Manufacture of domestic appliances,907,743,164,15,9,6,892,734,158,61,35,26,1,0,1,60,35,25,968,4.530487804878049,22.65423406060606,82.20022463636361
48903,STATE - NCT OF DELHI,Manufacture of other electrical equipment,299,280,19,13,13,0,286,267,19,20,9,11,0,0,0,20,9,11,319,14.736842105263158,22.65423406060606,82.20022463636361
48904,STATE - NCT OF DELHI,Manufacture of other electrical equipment,299,280,19,13,13,0,286,267,19,20,9,11,0,0,0,20,9,11,319,14.736842105263158,22.65423406060606,82.20022463636361
48905,STATE - NCT OF DELHI,Manufacture of machinery and equipment n.e.c.,2729,2519,210,43,43,0,2686,2476,210,149,139,10,6,6,0,143,133,10,2878,11.995238095238095,22.65423406060606,82.20022463636361
48906,STATE - NCT OF DELHI,Manufacture of general purpose machinery,895,862,33,25,25,0,870,837,33,47,47,0,6,6,0,41,41,0,942,26.12121212121212,22.65423406060606,82.20022463636361
48907,STATE - NCT OF DELHI,"Manufacture of engines and turbines, except aircraft, vehicle and cycle",6,6,0,0,0,0,6,6,0,0,0,0,0,0,0,0,0,0,6,6,22.65423406060606,82.20022463636361
48908,STATE - NCT OF DELHI,Manufacture of fluid power equipment,6,6,0,0,0,0,6,6,0,0,0,0,0,0,0,0,0,0,6,6,22.65423406060606,82.20022463636361
48909,STATE - NCT OF DELHI,"Manufacture of bearings, gears, gearing and driving elements",160,146,14,0,0,0,160,146,14,0,0,0,0,0,0,0,0,0,160,10.428571428571429,22.65423406060606,82.20022463636361
48910,STATE - NCT OF DELHI,"Manufacture of ovens, furnaces and furnace burners",41,41,0,0,0,0,41,41,0,3,3,0,0,0,0,3,3,0,44,41,22.65423406060606,82.20022463636361
48911,STATE - NCT OF DELHI,Manufacture of lifting and handling equipment,32,32,0,0,0,0,32,32,0,3,3,0,0,0,0,3,3,0,35,32,22.65423406060606,82.20022463636361
48912,STATE - NCT OF DELHI,Manufacture of office machinery and equipment,63,63,0,0,0,0,63,63,0,0,0,0,0,0,0,0,0,0,63,63,22.65423406060606,82.20022463636361
48913,STATE - NCT OF DELHI,Manufacture of power-driven hand tools,132,124,8,6,6,0,126,118,8,6,6,0,0,0,0,6,6,0,138,15.5,22.65423406060606,82.20022463636361
48914,STATE - NCT OF DELHI,Manufacture of other general-purpose machinery,312,301,11,19,19,0,293,282,11,24,24,0,6,6,0,18,18,0,336,27.363636363636363,22.65423406060606,82.20022463636361
48915,STATE - NCT OF DELHI,Manufacture of special-purpose machinery,1834,1657,177,18,18,0,1816,1639,177,102,92,10,0,0,0,102,92,10,1936,9.361581920903957,22.65423406060606,82.20022463636361
48916,STATE - NCT OF DELHI,Manufacture of agricultural and forestry machinery,37,30,7,0,0,0,37,30,7,3,3,0,0,0,0,3,3,0,40,4.285714285714286,22.65423406060606,82.20022463636361
48917,STATE - NCT OF DELHI,Manufacture of metal-forming machinery and machine tools,886,846,40,6,6,0,880,840,40,59,56,3,0,0,0,59,56,3,945,21.15,22.65423406060606,82.20022463636361
48918,STATE - NCT OF DELHI,Manufacture of machinery for metallurgy,11,9,2,0,0,0,11,9,2,3,3,0,0,0,0,3,3,0,14,4.5,22.65423406060606,82.20022463636361
48919,STATE - NCT OF DELHI,"Manufacture of machinery for mining, quarrying and construction",109,76,33,12,12,0,97,64,33,14,14,0,0,0,0,14,14,0,123,2.303030303030303,22.65423406060606,82.20022463636361
48920,STATE - NCT OF DELHI,"Manufacture of machinery for food, beverage and tobacco processing",65,37,28,0,0,0,65,37,28,3,3,0,0,0,0,3,3,0,68,1.3214285714285714,22.65423406060606,82.20022463636361
48921,STATE - NCT OF DELHI,"Manufacture of machinery for textile, apparel and leather production",363,317,46,0,0,0,363,317,46,15,10,5,0,0,0,15,10,5,378,6.891304347826087,22.65423406060606,82.20022463636361
48922,STATE - NCT OF DELHI,Manufacture of other special-purpose machinery,363,342,21,0,0,0,363,342,21,5,3,2,0,0,0,5,3,2,368,16.285714285714285,22.65423406060606,82.20022463636361
48923,STATE - NCT OF DELHI,"Manufacture of motor vehicles, trailers and semi-trailers",1054,987,67,42,42,0,1012,945,67,32,28,4,0,0,0,32,28,4,1086,14.73134328358209,22.65423406060606,82.20022463636361
48924,STATE - NCT OF DELHI,Manufacture of bodies (coachwork) for motor vehicles; manufacture of,462,416,46,6,6,0,456,410,46,16,16,0,0,0,0,16,16,0,478,9.043478260869565,22.65423406060606,82.20022463636361
48925,STATE - NCT OF DELHI,Manufacture of bodies (coachwork) for motor vehicles; manufacture of trailers and semi-trailers,462,416,46,6,6,0,456,410,46,16,16,0,0,0,0,16,16,0,478,9.043478260869565,22.65423406060606,82.20022463636361
48926,STATE - NCT OF DELHI,Manufacture of parts and accessories for motor vehicles,462,441,21,24,24,0,438,417,21,10,6,4,0,0,0,10,6,4,472,21,22.65423406060606,82.20022463636361
48927,STATE - NCT OF DELHI,Manufacture of parts and accessories for motor vehicles,462,441,21,24,24,0,438,417,21,10,6,4,0,0,0,10,6,4,472,21,22.65423406060606,82.20022463636361
48928,STATE - NCT OF DELHI,Manufacture of other transport equipment,1056,962,94,13,11,2,1043,951,92,69,61,8,0,0,0,69,61,8,1125,10.23404255319149,22.65423406060606,82.20022463636361
48929,STATE - NCT OF DELHI,Building of ships and boats,15,15,0,0,0,0,15,15,0,0,0,0,0,0,0,0,0,0,15,15,22.65423406060606,82.20022463636361
48930,STATE - NCT OF DELHI,Building of ships and floating structures,15,15,0,0,0,0,15,15,0,0,0,0,0,0,0,0,0,0,15,15,22.65423406060606,82.20022463636361
48931,STATE - NCT OF DELHI,Manufacture of railway locomotives and rolling stock,118,111,7,0,0,0,118,111,7,6,3,3,0,0,0,6,3,3,124,15.857142857142858,22.65423406060606,82.20022463636361
48932,STATE - NCT OF DELHI,Manufacture of railway locomotives and rolling stock,118,111,7,0,0,0,118,111,7,6,3,3,0,0,0,6,3,3,124,15.857142857142858,22.65423406060606,82.20022463636361
48933,STATE - NCT OF DELHI,Manufacture of air and spacecraft and related machinery,27,25,2,4,2,2,23,23,0,0,0,0,0,0,0,0,0,0,27,12.5,22.65423406060606,82.20022463636361
48934,STATE - NCT OF DELHI,Manufacture of air and spacecraft and related machinery,27,25,2,4,2,2,23,23,0,0,0,0,0,0,0,0,0,0,27,12.5,22.65423406060606,82.20022463636361
48935,STATE - NCT OF DELHI,Manufacture of transport equipment n.e.c.,896,811,85,9,9,0,887,802,85,63,58,5,0,0,0,63,58,5,959,9.541176470588235,22.65423406060606,82.20022463636361
48936,STATE - NCT OF DELHI,Manufacture of motorcycles,354,307,47,0,0,0,354,307,47,5,3,2,0,0,0,5,3,2,359,6.531914893617022,22.65423406060606,82.20022463636361
48937,STATE - NCT OF DELHI,Manufacture of bicycles and invalid carriages,247,219,28,3,3,0,244,216,28,10,10,0,0,0,0,10,10,0,257,7.821428571428571,22.65423406060606,82.20022463636361
48938,STATE - NCT OF DELHI,Manufacture of other transport equipment n.e.c.,295,285,10,6,6,0,289,279,10,48,45,3,0,0,0,48,45,3,343,28.5,22.65423406060606,82.20022463636361
48939,STATE - NCT OF DELHI,Manufacture of furniture,2291,2233,58,16,14,2,2275,2219,56,170,164,6,7,6,1,163,158,5,2461,38.5,22.65423406060606,82.20022463636361
48940,STATE - NCT OF DELHI,Manufacture of furniture,2291,2233,58,16,14,2,2275,2219,56,170,164,6,7,6,1,163,158,5,2461,38.5,22.65423406060606,82.20022463636361
48941,STATE - NCT OF DELHI,Manufacture of furniture,2291,2233,58,16,14,2,2275,2219,56,170,164,6,7,6,1,163,158,5,2461,38.5,22.65423406060606,82.20022463636361
48942,STATE - NCT OF DELHI,Other manufacturing,19838,17049,2789,743,643,100,19095,16406,2689,1732,1137,595,47,39,8,1685,1098,587,21570,6.112943707422015,22.65423406060606,82.20022463636361
48943,STATE - NCT OF DELHI,"Manufacture of jewellery, bijouterie and related articles",286,258,28,3,3,0,283,255,28,25,9,16,0,0,0,25,9,16,311,9.214285714285714,22.65423406060606,82.20022463636361
48944,STATE - NCT OF DELHI,Manufacture of jewellery and related articles,214,204,10,3,3,0,211,201,10,3,3,0,0,0,0,3,3,0,217,20.4,22.65423406060606,82.20022463636361
48945,STATE - NCT OF DELHI,Manufacture of imitation jewellery and related articles,72,54,18,0,0,0,72,54,18,22,6,16,0,0,0,22,6,16,94,3,22.65423406060606,82.20022463636361
48946,STATE - NCT OF DELHI,Manufacture of musical instruments,125,113,12,0,0,0,125,113,12,13,10,3,0,0,0,13,10,3,138,9.416666666666666,22.65423406060606,82.20022463636361
48947,STATE - NCT OF DELHI,Manufacture of musical instruments,125,113,12,0,0,0,125,113,12,13,10,3,0,0,0,13,10,3,138,9.416666666666666,22.65423406060606,82.20022463636361
48948,STATE - NCT OF DELHI,Manufacture of sports goods,67,62,5,0,0,0,67,62,5,6,0,6,0,0,0,6,0,6,73,12.4,22.65423406060606,82.20022463636361
48949,STATE - NCT OF DELHI,Manufacture of sports goods,67,62,5,0,0,0,67,62,5,6,0,6,0,0,0,6,0,6,73,12.4,22.65423406060606,82.20022463636361
48950,STATE - NCT OF DELHI,Manufacture of games and toys,850,664,186,9,9,0,841,655,186,94,34,60,0,0,0,94,34,60,944,3.5698924731182795,22.65423406060606,82.20022463636361
48951,STATE - NCT OF DELHI,Manufacture of games and toys,850,664,186,9,9,0,841,655,186,94,34,60,0,0,0,94,34,60,944,3.5698924731182795,22.65423406060606,82.20022463636361
48952,STATE - NCT OF DELHI,Manufacture of medical and dental instruments and supplies,115,110,5,18,18,0,97,92,5,0,0,0,0,0,0,0,0,0,115,22,22.65423406060606,82.20022463636361
48953,STATE - NCT OF DELHI,Manufacture of medical and dental instruments and supplies,115,110,5,18,18,0,97,92,5,0,0,0,0,0,0,0,0,0,115,22,22.65423406060606,82.20022463636361
48954,STATE - NCT OF DELHI,Other manufacturing n.e.c.,18395,15842,2553,713,613,100,17682,15229,2453,1594,1084,510,47,39,8,1547,1045,502,19989,6.205248726987858,22.65423406060606,82.20022463636361
48955,STATE - NCT OF DELHI,Other manufacturing n.e.c.,18395,15842,2553,713,613,100,17682,15229,2453,1594,1084,510,47,39,8,1547,1045,502,19989,6.205248726987858,22.65423406060606,82.20022463636361
48956,STATE - NCT OF DELHI,Repair and installation of machinery and equipment,3212,3180,32,38,38,0,3174,3142,32,180,177,3,6,6,0,174,171,3,3392,99.375,22.65423406060606,82.20022463636361
48957,STATE - NCT OF DELHI,Repair of machinery,356,350,6,7,7,0,349,343,6,15,15,0,0,0,0,15,15,0,371,58.333333333333336,22.65423406060606,82.20022463636361
48958,STATE - NCT OF DELHI,Repair of electronic and optical equipment,73,70,3,0,0,0,73,70,3,0,0,0,0,0,0,0,0,0,73,23.33333333333333,22.65423406060606,82.20022463636361
48959,STATE - NCT OF DELHI,Repair of other equipment,115,112,3,0,0,0,115,112,3,6,6,0,0,0,0,6,6,0,121,37.333333333333336,22.65423406060606,82.20022463636361
48960,STATE - NCT OF DELHI,Installation of industrial machinery and equipment,54,51,3,0,0,0,54,51,3,2,2,0,0,0,0,2,2,0,56,17,22.65423406060606,82.20022463636361
48961,STATE - NCT OF DELHI,Installation of industrial machinery and equipment,54,51,3,0,0,0,54,51,3,2,2,0,0,0,0,2,2,0,56,17,22.65423406060606,82.20022463636361
48962,STATE - NCT OF DELHI,"Electricity, gas, steam and air conditioning supply",4521,4311,210,175,173,2,4346,4138,208,128,128,0,18,18,0,110,110,0,4649,20.52857142857143,22.65423406060606,82.20022463636361
48963,STATE - NCT OF DELHI,"Electric power generation, transmission and distribution",3977,3789,188,136,136,0,3841,3653,188,104,104,0,18,18,0,86,86,0,4081,20.154255319148938,22.65423406060606,82.20022463636361
48964,STATE - NCT OF DELHI,"Electric power generation, transmission and distribution",3977,3789,188,136,136,0,3841,3653,188,104,104,0,18,18,0,86,86,0,4081,20.154255319148938,22.65423406060606,82.20022463636361
48965,STATE - NCT OF DELHI,Manufacture of gas; distribution of gaseous fuels through mains,539,517,22,39,37,2,500,480,20,24,24,0,0,0,0,24,24,0,563,23.5,22.65423406060606,82.20022463636361
48966,STATE - NCT OF DELHI,Manufacture of gas; distribution of gaseous fuels through mains,539,517,22,39,37,2,500,480,20,24,24,0,0,0,0,24,24,0,563,23.5,22.65423406060606,82.20022463636361
48967,STATE - NCT OF DELHI,Steam and air conditioning supply,5,5,0,0,0,0,5,5,0,0,0,0,0,0,0,0,0,0,5,5,22.65423406060606,82.20022463636361
48968,STATE - NCT OF DELHI,Steam and air conditioning supply,5,5,0,0,0,0,5,5,0,0,0,0,0,0,0,0,0,0,5,5,22.65423406060606,82.20022463636361
48969,STATE - NCT OF DELHI,"Water collection, treatment and supply",4122,3856,266,192,174,18,3930,3682,248,44,41,3,0,0,0,44,41,3,4166,14.49624060150376,22.65423406060606,82.20022463636361
48970,STATE - NCT OF DELHI,"Water collection, treatment and supply",4122,3856,266,192,174,18,3930,3682,248,44,41,3,0,0,0,44,41,3,4166,14.49624060150376,22.65423406060606,82.20022463636361
48971,STATE - NCT OF DELHI,"Water collection, treatment and supply",4122,3856,266,192,174,18,3930,3682,248,44,41,3,0,0,0,44,41,3,4166,14.49624060150376,22.65423406060606,82.20022463636361
48972,STATE - NCT OF DELHI,Sewerage,178,175,3,1,0,1,177,175,2,14,14,0,0,0,0,14,14,0,192,58.333333333333336,22.65423406060606,82.20022463636361
48973,STATE - NCT OF DELHI,Sewerage,178,175,3,1,0,1,177,175,2,14,14,0,0,0,0,14,14,0,192,58.333333333333336,22.65423406060606,82.20022463636361
48974,STATE - NCT OF DELHI,Sewerage,178,175,3,1,0,1,177,175,2,14,14,0,0,0,0,14,14,0,192,58.333333333333336,22.65423406060606,82.20022463636361
48975,STATE - NCT OF DELHI,"Waste collection, treatment and disposal activities; materials recovery",6504,5533,971,82,70,12,6422,5463,959,594,430,164,6,6,0,588,424,164,7098,5.698249227600412,22.65423406060606,82.20022463636361
48976,STATE - NCT OF DELHI,Waste collection,6472,5506,966,82,70,12,6390,5436,954,594,430,164,6,6,0,588,424,164,7066,5.699792960662526,22.65423406060606,82.20022463636361
48977,STATE - NCT OF DELHI,Collection of non-hazardous waste,5943,5048,895,76,64,12,5867,4984,883,526,372,154,6,6,0,520,366,154,6469,5.640223463687151,22.65423406060606,82.20022463636361
48978,STATE - NCT OF DELHI,Collection of hazardous waste,529,458,71,6,6,0,523,452,71,68,58,10,0,0,0,68,58,10,597,6.450704225352113,22.65423406060606,82.20022463636361
48979,STATE - NCT OF DELHI,Waste treatment and disposal,32,27,5,0,0,0,32,27,5,0,0,0,0,0,0,0,0,0,32,5.4,22.65423406060606,82.20022463636361
48980,STATE - NCT OF DELHI,Treatment and disposal of non-hazardous waste,17,15,2,0,0,0,17,15,2,0,0,0,0,0,0,0,0,0,17,7.5,22.65423406060606,82.20022463636361
48981,STATE - NCT OF DELHI,Treatment and disposal of hazardous waste,15,12,3,0,0,0,15,12,3,0,0,0,0,0,0,0,0,0,15,4,22.65423406060606,82.20022463636361
48982,STATE - NCT OF DELHI,Remediation activities and other waste management services,21,19,2,0,0,0,21,19,2,6,3,3,0,0,0,6,3,3,27,9.5,22.65423406060606,82.20022463636361
48983,STATE - NCT OF DELHI,Remediation activities and other waste management services,21,19,2,0,0,0,21,19,2,6,3,3,0,0,0,6,3,3,27,9.5,22.65423406060606,82.20022463636361
48984,STATE - NCT OF DELHI,Remediation activities and other waste management services,21,19,2,0,0,0,21,19,2,6,3,3,0,0,0,6,3,3,27,9.5,22.65423406060606,82.20022463636361
48985,STATE - NCT OF DELHI,Civil engineering,1980,1794,186,61,59,2,1919,1735,184,292,265,27,0,0,0,292,265,27,2272,9.64516129032258,22.65423406060606,82.20022463636361
48986,STATE - NCT OF DELHI,Construction of roads and railways,1468,1298,170,43,41,2,1425,1257,168,252,225,27,0,0,0,252,225,27,1720,7.635294117647059,22.65423406060606,82.20022463636361
48987,STATE - NCT OF DELHI,Construction roads and railways,1468,1298,170,43,41,2,1425,1257,168,252,225,27,0,0,0,252,225,27,1720,7.635294117647059,22.65423406060606,82.20022463636361
48988,STATE - NCT OF DELHI,Construction of utility projects,317,307,10,12,12,0,305,295,10,29,29,0,0,0,0,29,29,0,346,30.7,22.65423406060606,82.20022463636361
48989,STATE - NCT OF DELHI,Construction of utility projects,317,307,10,12,12,0,305,295,10,29,29,0,0,0,0,29,29,0,346,30.7,22.65423406060606,82.20022463636361
48990,STATE - NCT OF DELHI,Construction of other civil engineering projects,195,189,6,6,6,0,189,183,6,11,11,0,0,0,0,11,11,0,206,31.5,22.65423406060606,82.20022463636361
48991,STATE - NCT OF DELHI,Construction of other civil engineering projects,195,189,6,6,6,0,189,183,6,11,11,0,0,0,0,11,11,0,206,31.5,22.65423406060606,82.20022463636361
48992,STATE - NCT OF DELHI,Specialized construction activities,18378,18079,299,384,375,9,17994,17704,290,2187,2104,83,95,89,6,2092,2015,77,20565,60.46488294314381,22.65423406060606,82.20022463636361
48993,STATE - NCT OF DELHI,Demolition and site preparation,41,41,0,0,0,0,41,41,0,5,2,3,0,0,0,5,2,3,46,41,22.65423406060606,82.20022463636361
48994,STATE - NCT OF DELHI,Site preparation,41,41,0,0,0,0,41,41,0,5,2,3,0,0,0,5,2,3,46,41,22.65423406060606,82.20022463636361
48995,STATE - NCT OF DELHI,"Electrical, plumbing and other construction installation activities",7172,7015,157,194,187,7,6978,6828,150,755,706,49,50,50,0,705,656,49,7927,44.681528662420384,22.65423406060606,82.20022463636361
48996,STATE - NCT OF DELHI,"Plumbing, heat and air-conditioning installation",4290,4241,49,105,105,0,4185,4136,49,382,374,8,36,36,0,346,338,8,4672,86.55102040816327,22.65423406060606,82.20022463636361
48997,STATE - NCT OF DELHI,Other construction installation,1498,1397,101,42,35,7,1456,1362,94,262,221,41,7,7,0,255,214,41,1760,13.831683168316832,22.65423406060606,82.20022463636361
48998,STATE - NCT OF DELHI,Building completion and finishing,11091,10952,139,190,188,2,10901,10764,137,1427,1396,31,45,39,6,1382,1357,25,12518,78.79136690647482,22.65423406060606,82.20022463636361
48999,STATE - NCT OF DELHI,Building completion and finishing,11091,10952,139,190,188,2,10901,10764,137,1427,1396,31,45,39,6,1382,1357,25,12518,78.79136690647482,22.65423406060606,82.20022463636361
49000,STATE - NCT OF DELHI,Other specialized construction activities,74,71,3,0,0,0,74,71,3,0,0,0,0,0,0,0,0,0,74,23.666666666666668,22.65423406060606,82.20022463636361
49001,STATE - NCT OF DELHI,Other specialized construction activities,74,71,3,0,0,0,74,71,3,0,0,0,0,0,0,0,0,0,74,23.666666666666668,22.65423406060606,82.20022463636361
49002,STATE - NCT OF DELHI,Wholesale and retail trade and repair of motor vehicles and motorcycles,13130,12891,239,209,205,4,12921,12686,235,510,494,16,14,14,0,496,480,16,13640,53.93723849372385,22.65423406060606,82.20022463636361
49003,STATE - NCT OF DELHI,Sale of motor vehicles,1265,1200,65,19,15,4,1246,1185,61,50,44,6,0,0,0,50,44,6,1315,18.46153846153846,22.65423406060606,82.20022463636361
49004,STATE - NCT OF DELHI,Sale of motor vehicles,1265,1200,65,19,15,4,1246,1185,61,50,44,6,0,0,0,50,44,6,1315,18.46153846153846,22.65423406060606,82.20022463636361
49005,STATE - NCT OF DELHI,Sale of motor vehicle parts and accessories,1745,1663,82,12,12,0,1733,1651,82,61,58,3,0,0,0,61,58,3,1806,20.28048780487805,22.65423406060606,82.20022463636361
49006,STATE - NCT OF DELHI,Sale of motor vehicle parts and accessories,1745,1663,82,12,12,0,1733,1651,82,61,58,3,0,0,0,61,58,3,1806,20.28048780487805,22.65423406060606,82.20022463636361
49007,STATE - NCT OF DELHI,"Sale, maintenance and repair of motorcycles and related parts and",1775,1749,26,21,21,0,1754,1728,26,98,96,2,6,6,0,92,90,2,1873,67.26923076923077,22.65423406060606,82.20022463636361
49008,STATE - NCT OF DELHI,"Sale, maintenance and repair of motorcycles and related parts and",1775,1749,26,21,21,0,1754,1728,26,98,96,2,6,6,0,92,90,2,1873,67.26923076923077,22.65423406060606,82.20022463636361
49009,STATE - NCT OF DELHI,"Wholesale trade, except of motor vehicles and motorcycles",19775,18482,1293,264,248,16,19511,18234,1277,801,684,117,7,7,0,794,677,117,20576,14.293890177880897,22.65423406060606,82.20022463636361
49010,STATE - NCT OF DELHI,Wholesale on a fee or contract basis,500,470,30,3,3,0,497,467,30,15,9,6,0,0,0,15,9,6,515,15.666666666666666,22.65423406060606,82.20022463636361
49011,STATE - NCT OF DELHI,Wholesale on a fee or contract basis,500,470,30,3,3,0,497,467,30,15,9,6,0,0,0,15,9,6,515,15.666666666666666,22.65423406060606,82.20022463636361
49012,STATE - NCT OF DELHI,Wholesale of agricultural raw materials and live animals,288,265,23,17,16,1,271,249,22,15,15,0,0,0,0,15,15,0,303,11.521739130434783,22.65423406060606,82.20022463636361
49013,STATE - NCT OF DELHI,Wholesale of agricultural raw materials and live animals,288,265,23,17,16,1,271,249,22,15,15,0,0,0,0,15,15,0,303,11.521739130434783,22.65423406060606,82.20022463636361
49014,STATE - NCT OF DELHI,"Wholesale of food, beverages and tobacco",4550,4341,209,37,37,0,4513,4304,209,213,194,19,0,0,0,213,194,19,4763,20.770334928229666,22.65423406060606,82.20022463636361
49015,STATE - NCT OF DELHI,"Wholesale of food, beverages and tobacco",4550,4341,209,37,37,0,4513,4304,209,213,194,19,0,0,0,213,194,19,4763,20.770334928229666,22.65423406060606,82.20022463636361
49016,STATE - NCT OF DELHI,Wholesale of household goods,3853,3622,231,43,43,0,3810,3579,231,135,113,22,0,0,0,135,113,22,3988,15.67965367965368,22.65423406060606,82.20022463636361
49017,STATE - NCT OF DELHI,"Wholesale of textiles, clothing and footwear",1769,1624,145,18,18,0,1751,1606,145,77,68,9,0,0,0,77,68,9,1846,11.2,22.65423406060606,82.20022463636361
49018,STATE - NCT OF DELHI,Wholesale of other household goods,2084,1998,86,25,25,0,2059,1973,86,58,45,13,0,0,0,58,45,13,2142,23.232558139534884,22.65423406060606,82.20022463636361
49019,STATE - NCT OF DELHI,"Wholesale of machinery, equipment and supplies",1148,1096,52,12,11,1,1136,1085,51,56,51,5,0,0,0,56,51,5,1204,21.07692307692308,22.65423406060606,82.20022463636361
49020,STATE - NCT OF DELHI,"Wholesale of computers, computer peripheral equipment and software",71,68,3,0,0,0,71,68,3,0,0,0,0,0,0,0,0,0,71,22.666666666666668,22.65423406060606,82.20022463636361
49021,STATE - NCT OF DELHI,Wholesale of electronic and telecommunications equipment and parts,568,530,38,4,4,0,564,526,38,34,29,5,0,0,0,34,29,5,602,13.947368421052632,22.65423406060606,82.20022463636361
49022,STATE - NCT OF DELHI,"Wholesale of agricultural machinery, equipment and supplies",20,18,2,0,0,0,20,18,2,0,0,0,0,0,0,0,0,0,20,9,22.65423406060606,82.20022463636361
49023,STATE - NCT OF DELHI,Wholesale of other machinery and equipment,489,480,9,8,7,1,481,473,8,22,22,0,0,0,0,22,22,0,511,53.333333333333336,22.65423406060606,82.20022463636361
49024,STATE - NCT OF DELHI,Other specialized wholesale,2862,2640,222,20,12,8,2842,2628,214,79,62,17,0,0,0,79,62,17,2941,11.891891891891891,22.65423406060606,82.20022463636361
49025,STATE - NCT OF DELHI,"Wholesale of solid, liquid and gaseous fuels and related products",184,164,20,6,0,6,178,164,14,9,6,3,0,0,0,9,6,3,193,8.2,22.65423406060606,82.20022463636361
49026,STATE - NCT OF DELHI,"Wholesale of construction materials, hardware, plumbing and heating",371,363,8,1,1,0,370,362,8,9,9,0,0,0,0,9,9,0,380,45.375,22.65423406060606,82.20022463636361
49027,STATE - NCT OF DELHI,Wholesale of waste and scrap and other products n.e.c.,2108,1914,194,13,11,2,2095,1903,192,52,38,14,0,0,0,52,38,14,2160,9.8659793814433,22.65423406060606,82.20022463636361
49028,STATE - NCT OF DELHI,Non-specialized wholesale trade,6574,6048,526,132,126,6,6442,5922,520,288,240,48,7,7,0,281,233,48,6862,11.49809885931559,22.65423406060606,82.20022463636361
49029,STATE - NCT OF DELHI,Non-specialized wholesale trade,6574,6048,526,132,126,6,6442,5922,520,288,240,48,7,7,0,281,233,48,6862,11.49809885931559,22.65423406060606,82.20022463636361
49030,STATE - NCT OF DELHI,Retail sale in non-specialized stores,1102,1034,68,13,13,0,1089,1021,68,62,62,0,0,0,0,62,62,0,1164,15.205882352941176,22.65423406060606,82.20022463636361
49031,STATE - NCT OF DELHI,"Retail sale in non-specialized stores with food, beverages or tobacco",251,228,23,0,0,0,251,228,23,8,8,0,0,0,0,8,8,0,259,9.91304347826087,22.65423406060606,82.20022463636361
49032,STATE - NCT OF DELHI,Other retail sale in non-specialized stores,851,806,45,13,13,0,838,793,45,54,54,0,0,0,0,54,54,0,905,17.91111111111111,22.65423406060606,82.20022463636361
49033,STATE - NCT OF DELHI,"Retail sale of food, beverages and tobacco in specialized stores",18936,17254,1682,415,323,92,18521,16931,1590,872,655,217,39,21,18,833,634,199,19808,10.258026159334126,22.65423406060606,82.20022463636361
49034,STATE - NCT OF DELHI,Retail sale of food in specialized stores,18738,17069,1669,403,311,92,18335,16758,1577,858,643,215,39,21,18,819,622,197,19596,10.227082085080887,22.65423406060606,82.20022463636361
49035,STATE - NCT OF DELHI,Retail sale of beverages in specialized stores,90,88,2,0,0,0,90,88,2,3,3,0,0,0,0,3,3,0,93,44,22.65423406060606,82.20022463636361
49036,STATE - NCT OF DELHI,Retail sale of tobacco products in specialized stores,108,97,11,12,12,0,96,85,11,11,9,2,0,0,0,11,9,2,119,8.818181818181818,22.65423406060606,82.20022463636361
49037,STATE - NCT OF DELHI,Retail sale of automotive fuel in specialized stores,972,936,36,25,23,2,947,913,34,57,57,0,0,0,0,57,57,0,1029,26,22.65423406060606,82.20022463636361
49038,STATE - NCT OF DELHI,Retail sale of automotive fuel in specialized stores,972,936,36,25,23,2,947,913,34,57,57,0,0,0,0,57,57,0,1029,26,22.65423406060606,82.20022463636361
49039,STATE - NCT OF DELHI,Retail sale of information and communications equipment in specialized,2812,2689,123,34,34,0,2778,2655,123,165,144,21,8,8,0,157,136,21,2977,21.86178861788618,22.65423406060606,82.20022463636361
49040,STATE - NCT OF DELHI,"Retail sale of computers, peripheral units, software and",2731,2611,120,34,34,0,2697,2577,120,159,138,21,8,8,0,151,130,21,2890,21.758333333333333,22.65423406060606,82.20022463636361
49041,STATE - NCT OF DELHI,Retail sale of audio and video equipment in specialized stores,81,78,3,0,0,0,81,78,3,6,6,0,0,0,0,6,6,0,87,26,22.65423406060606,82.20022463636361
49042,STATE - NCT OF DELHI,Retail sale of other household equipment in specialized stores,12431,12127,304,211,210,1,12220,11917,303,608,579,29,19,19,0,589,560,29,13039,39.891447368421055,22.65423406060606,82.20022463636361
49043,STATE - NCT OF DELHI,Retail sale of textiles in specialized stores,1004,929,75,7,7,0,997,922,75,52,50,2,0,0,0,52,50,2,1056,12.386666666666668,22.65423406060606,82.20022463636361
49044,STATE - NCT OF DELHI,"Retail sale of hardware, paints and glass in specialized stores",3458,3397,61,53,53,0,3405,3344,61,179,170,9,0,0,0,179,170,9,3637,55.68852459016394,22.65423406060606,82.20022463636361
49045,STATE - NCT OF DELHI,"Retail sale of carpets, rugs, wall and floor coverings in specialized",41,41,0,0,0,0,41,41,0,9,9,0,0,0,0,9,9,0,50,41,22.65423406060606,82.20022463636361
49046,STATE - NCT OF DELHI,"Retail sale of electrical household appliances, furniture, lighting",7928,7760,168,151,150,1,7777,7610,167,368,350,18,19,19,0,349,331,18,8296,46.19047619047619,22.65423406060606,82.20022463636361
49047,STATE - NCT OF DELHI,Retail sale of cultural and recreation goods in specialized stores,2079,1944,135,34,34,0,2045,1910,135,88,70,18,0,0,0,88,70,18,2167,14.4,22.65423406060606,82.20022463636361
49048,STATE - NCT OF DELHI,"Retail sale of books, newspapers and stationary in specialized stores",1500,1461,39,34,34,0,1466,1427,39,65,55,10,0,0,0,65,55,10,1565,37.46153846153846,22.65423406060606,82.20022463636361
49049,STATE - NCT OF DELHI,Retail sale of music and video recordings in specialized stores,17,17,0,0,0,0,17,17,0,0,0,0,0,0,0,0,0,0,17,17,22.65423406060606,82.20022463636361
49050,STATE - NCT OF DELHI,Retail sale of sporting equipment in specialized stores,17,15,2,0,0,0,17,15,2,0,0,0,0,0,0,0,0,0,17,7.5,22.65423406060606,82.20022463636361
49051,STATE - NCT OF DELHI,Retail sale of games and toys in specialized stores,545,451,94,0,0,0,545,451,94,23,15,8,0,0,0,23,15,8,568,4.797872340425532,22.65423406060606,82.20022463636361
49052,STATE - NCT OF DELHI,Retail sale of other goods in specialized stores,18967,17684,1283,201,169,32,18766,17515,1251,836,724,112,14,12,2,822,712,110,19803,13.78332034294622,22.65423406060606,82.20022463636361
49053,STATE - NCT OF DELHI,"Retail sale of clothing, footwear and leather articles in specialized",10642,10260,382,71,65,6,10571,10195,376,418,391,27,1,0,1,417,391,26,11060,26.858638743455497,22.65423406060606,82.20022463636361
49054,STATE - NCT OF DELHI,"Retail sale of pharmaceutical and medical goods, cosmetic and toilet",2537,2210,327,49,34,15,2488,2176,312,91,66,25,6,6,0,85,60,25,2628,6.758409785932722,22.65423406060606,82.20022463636361
49055,STATE - NCT OF DELHI,Other retail sale of new goods in specialized stores,5618,5057,561,81,70,11,5537,4987,550,324,264,60,7,6,1,317,258,59,5942,9.014260249554368,22.65423406060606,82.20022463636361
49056,STATE - NCT OF DELHI,Retail sale of second-hand goods,170,157,13,0,0,0,170,157,13,3,3,0,0,0,0,3,3,0,173,12.076923076923077,22.65423406060606,82.20022463636361
49057,STATE - NCT OF DELHI,Retail sale via stalls and markets,25958,24240,1718,228,201,27,25730,24039,1691,1621,1396,225,9,9,0,1612,1387,225,27579,14.10942956926659,22.65423406060606,82.20022463636361
49058,STATE - NCT OF DELHI,"Retail sale via stalls and markets of food, beverages and tobacco",2119,1971,148,22,18,4,2097,1953,144,123,103,20,0,0,0,123,103,20,2242,13.317567567567568,22.65423406060606,82.20022463636361
49059,STATE - NCT OF DELHI,"Retail sale via stalls and markets of textiles, clothing and footwear",6384,6102,282,19,18,1,6365,6084,281,314,294,20,1,1,0,313,293,20,6698,21.638297872340427,22.65423406060606,82.20022463636361
49060,STATE - NCT OF DELHI,Retail sale via stalls and markets of other goods,17455,16167,1288,187,165,22,17268,16002,1266,1184,999,185,8,8,0,1176,991,185,18639,12.552018633540373,22.65423406060606,82.20022463636361
49061,STATE - NCT OF DELHI,"Retail trade not in stores, stalls or markets",15744,14395,1349,196,171,25,15548,14224,1324,1147,1006,141,11,9,2,1136,997,139,16891,10.670867309117863,22.65423406060606,82.20022463636361
49062,STATE - NCT OF DELHI,Retail sale via mail order houses or via Internet,32,32,0,0,0,0,32,32,0,0,0,0,0,0,0,0,0,0,32,32,22.65423406060606,82.20022463636361
49063,STATE - NCT OF DELHI,"Other retail sale not in stores, stalls or markets",15712,14363,1349,196,171,25,15516,14192,1324,1147,1006,141,11,9,2,1136,997,139,16859,10.647146034099332,22.65423406060606,82.20022463636361
49064,STATE - NCT OF DELHI,Land transport and transport via pipelines,63869,62874,995,1784,1771,13,62085,61103,982,3234,3142,92,105,99,6,3129,3043,86,67103,63.18994974874372,22.65423406060606,82.20022463636361
49065,STATE - NCT OF DELHI,Transport via railways,5381,4999,382,110,110,0,5271,4889,382,130,110,20,0,0,0,130,110,20,5511,13.086387434554974,22.65423406060606,82.20022463636361
49066,STATE - NCT OF DELHI,Passenger rail transport,4928,4576,352,98,98,0,4830,4478,352,121,101,20,0,0,0,121,101,20,5049,13,22.65423406060606,82.20022463636361
49067,STATE - NCT OF DELHI,Freight rail transport,453,423,30,12,12,0,441,411,30,9,9,0,0,0,0,9,9,0,462,14.1,22.65423406060606,82.20022463636361
49068,STATE - NCT OF DELHI,Other land transport,58488,57875,613,1674,1661,13,56814,56214,600,3104,3032,72,105,99,6,2999,2933,66,61592,94.41272430668842,22.65423406060606,82.20022463636361
49069,STATE - NCT OF DELHI,Urban or suburban passenger land transport,21058,20853,205,586,581,5,20472,20272,200,943,926,17,51,51,0,892,875,17,22001,101.7219512195122,22.65423406060606,82.20022463636361
49070,STATE - NCT OF DELHI,Other passenger land transport,29367,29071,296,789,781,8,28578,28290,288,1745,1703,42,48,42,6,1697,1661,36,31112,98.21283783783784,22.65423406060606,82.20022463636361
49071,STATE - NCT OF DELHI,Freight transport by road,8063,7951,112,299,299,0,7764,7652,112,416,403,13,6,6,0,410,397,13,8479,70.99107142857143,22.65423406060606,82.20022463636361
49072,STATE - NCT OF DELHI,Water transport,81,81,0,18,18,0,63,63,0,3,3,0,0,0,0,3,3,0,84,81,22.65423406060606,82.20022463636361
49073,STATE - NCT OF DELHI,Sea and coastal water transport,24,24,0,6,6,0,18,18,0,3,3,0,0,0,0,3,3,0,27,24,22.65423406060606,82.20022463636361
49074,STATE - NCT OF DELHI,Sea and coastal passenger water transport,24,24,0,6,6,0,18,18,0,3,3,0,0,0,0,3,3,0,27,24,22.65423406060606,82.20022463636361
49075,STATE - NCT OF DELHI,Inland water transport,57,57,0,12,12,0,45,45,0,0,0,0,0,0,0,0,0,0,57,57,22.65423406060606,82.20022463636361
49076,STATE - NCT OF DELHI,Inland passenger water transport,51,51,0,6,6,0,45,45,0,0,0,0,0,0,0,0,0,0,51,51,22.65423406060606,82.20022463636361
49077,STATE - NCT OF DELHI,Inland freight water transport,6,6,0,6,6,0,0,0,0,0,0,0,0,0,0,0,0,0,6,6,22.65423406060606,82.20022463636361
49078,STATE - NCT OF DELHI,Air transport,3827,3545,282,215,208,7,3612,3337,275,154,138,16,12,12,0,142,126,16,3981,12.570921985815604,22.65423406060606,82.20022463636361
49079,STATE - NCT OF DELHI,Passenger air transport,3451,3191,260,202,195,7,3249,2996,253,136,123,13,0,0,0,136,123,13,3587,12.273076923076925,22.65423406060606,82.20022463636361
49080,STATE - NCT OF DELHI,Passenger air transport,3451,3191,260,202,195,7,3249,2996,253,136,123,13,0,0,0,136,123,13,3587,12.273076923076925,22.65423406060606,82.20022463636361
49081,STATE - NCT OF DELHI,Freight air transport,376,354,22,13,13,0,363,341,22,18,15,3,12,12,0,6,3,3,394,16.09090909090909,22.65423406060606,82.20022463636361
49082,STATE - NCT OF DELHI,Freight air transport,376,354,22,13,13,0,363,341,22,18,15,3,12,12,0,6,3,3,394,16.09090909090909,22.65423406060606,82.20022463636361
49083,STATE - NCT OF DELHI,Warehousing and support activities for transportation,4497,4205,292,126,119,7,4371,4086,285,207,169,38,0,0,0,207,169,38,4704,14.400684931506849,22.65423406060606,82.20022463636361
49084,STATE - NCT OF DELHI,Warehousing and storage,773,648,125,62,58,4,711,590,121,58,37,21,0,0,0,58,37,21,831,5.184,22.65423406060606,82.20022463636361
49085,STATE - NCT OF DELHI,Warehousing and storage,773,648,125,62,58,4,711,590,121,58,37,21,0,0,0,58,37,21,831,5.184,22.65423406060606,82.20022463636361
49086,STATE - NCT OF DELHI,Support activities for transportation,3724,3557,167,64,61,3,3660,3496,164,149,132,17,0,0,0,149,132,17,3873,21.29940119760479,22.65423406060606,82.20022463636361
49087,STATE - NCT OF DELHI,Service activities incidental to land transportation,2008,1952,56,48,45,3,1960,1907,53,77,74,3,0,0,0,77,74,3,2085,34.857142857142854,22.65423406060606,82.20022463636361
49088,STATE - NCT OF DELHI,Service activities incidental to water transportation,3,3,0,0,0,0,3,3,0,0,0,0,0,0,0,0,0,0,3,3,22.65423406060606,82.20022463636361
49089,STATE - NCT OF DELHI,Service activities incidental to air transportation,280,251,29,2,2,0,278,249,29,15,12,3,0,0,0,15,12,3,295,8.655172413793103,22.65423406060606,82.20022463636361
49090,STATE - NCT OF DELHI,Cargo handling,217,211,6,6,6,0,211,205,6,10,10,0,0,0,0,10,10,0,227,35.166666666666664,22.65423406060606,82.20022463636361
49091,STATE - NCT OF DELHI,Other transportation support activities,1216,1140,76,8,8,0,1208,1132,76,47,36,11,0,0,0,47,36,11,1263,15,22.65423406060606,82.20022463636361
49092,STATE - NCT OF DELHI,Postal and courier activities,3543,3404,139,118,118,0,3425,3286,139,118,111,7,0,0,0,118,111,7,3661,24.48920863309353,22.65423406060606,82.20022463636361
49093,STATE - NCT OF DELHI,Postal activities,1234,1142,92,73,73,0,1161,1069,92,24,21,3,0,0,0,24,21,3,1258,12.41304347826087,22.65423406060606,82.20022463636361
49094,STATE - NCT OF DELHI,Postal activities,1234,1142,92,73,73,0,1161,1069,92,24,21,3,0,0,0,24,21,3,1258,12.41304347826087,22.65423406060606,82.20022463636361
49095,STATE - NCT OF DELHI,Courier activities,2309,2262,47,45,45,0,2264,2217,47,94,90,4,0,0,0,94,90,4,2403,48.12765957446808,22.65423406060606,82.20022463636361
49096,STATE - NCT OF DELHI,Courier activities,2309,2262,47,45,45,0,2264,2217,47,94,90,4,0,0,0,94,90,4,2403,48.12765957446808,22.65423406060606,82.20022463636361
49097,STATE - NCT OF DELHI,Accommodation,7267,6686,581,326,289,37,6941,6397,544,435,399,36,16,9,7,419,390,29,7702,11.507745266781413,22.65423406060606,82.20022463636361
49098,STATE - NCT OF DELHI,Short term accommodation activities,7075,6553,522,318,282,36,6757,6271,486,420,393,27,9,8,1,411,385,26,7495,12.553639846743296,22.65423406060606,82.20022463636361
49099,STATE - NCT OF DELHI,Short term accommodation activities,7075,6553,522,318,282,36,6757,6271,486,420,393,27,9,8,1,411,385,26,7495,12.553639846743296,22.65423406060606,82.20022463636361
49100,STATE - NCT OF DELHI,"Camping grounds, recreational vehicle parks and trailer parks",31,27,4,2,1,1,29,26,3,3,3,0,0,0,0,3,3,0,34,6.75,22.65423406060606,82.20022463636361
49101,STATE - NCT OF DELHI,"Camping grounds, recreational vehicle parks and trailer parks",31,27,4,2,1,1,29,26,3,3,3,0,0,0,0,3,3,0,34,6.75,22.65423406060606,82.20022463636361
49102,STATE - NCT OF DELHI,Other accommodation,161,106,55,6,6,0,155,100,55,12,3,9,7,1,6,5,2,3,173,1.9272727272727272,22.65423406060606,82.20022463636361
49103,STATE - NCT OF DELHI,Other accommodation,161,106,55,6,6,0,155,100,55,12,3,9,7,1,6,5,2,3,173,1.9272727272727272,22.65423406060606,82.20022463636361
49104,STATE - NCT OF DELHI,Food and beverage service activities,5546,5094,452,107,97,10,5439,4997,442,529,474,55,44,44,0,485,430,55,6075,11.269911504424778,22.65423406060606,82.20022463636361
49105,STATE - NCT OF DELHI,Restaurants and mobile food service activities,371,347,24,0,0,0,371,347,24,26,23,3,0,0,0,26,23,3,397,14.458333333333334,22.65423406060606,82.20022463636361
49106,STATE - NCT OF DELHI,Restaurants and mobile food service activities,371,347,24,0,0,0,371,347,24,26,23,3,0,0,0,26,23,3,397,14.458333333333334,22.65423406060606,82.20022463636361
49107,STATE - NCT OF DELHI,Event catering and other food service activities,2126,2010,116,50,49,1,2076,1961,115,327,299,28,38,38,0,289,261,28,2453,17.32758620689655,22.65423406060606,82.20022463636361
49108,STATE - NCT OF DELHI,Event catering,1980,1877,103,43,42,1,1937,1835,102,321,299,22,38,38,0,283,261,22,2301,18.223300970873787,22.65423406060606,82.20022463636361
49109,STATE - NCT OF DELHI,Other food service activities,146,133,13,7,7,0,139,126,13,6,0,6,0,0,0,6,0,6,152,10.23076923076923,22.65423406060606,82.20022463636361
49110,STATE - NCT OF DELHI,Beverage serving activities,3049,2737,312,57,48,9,2992,2689,303,176,152,24,6,6,0,170,146,24,3225,8.772435897435898,22.65423406060606,82.20022463636361
49111,STATE - NCT OF DELHI,Beverage serving activities,3049,2737,312,57,48,9,2992,2689,303,176,152,24,6,6,0,170,146,24,3225,8.772435897435898,22.65423406060606,82.20022463636361
49112,STATE - NCT OF DELHI,Publishing activities,559,509,50,8,8,0,551,501,50,9,6,3,0,0,0,9,6,3,568,10.18,22.65423406060606,82.20022463636361
49113,STATE - NCT OF DELHI,"Publishing of books, periodicals and other publishing activities",495,456,39,2,2,0,493,454,39,9,6,3,0,0,0,9,6,3,504,11.692307692307692,22.65423406060606,82.20022463636361
49114,STATE - NCT OF DELHI,Book publishing,205,189,16,0,0,0,205,189,16,3,0,3,0,0,0,3,0,3,208,11.8125,22.65423406060606,82.20022463636361
49115,STATE - NCT OF DELHI,Publishing of directories and mailing lists,6,3,3,0,0,0,6,3,3,0,0,0,0,0,0,0,0,0,6,1,22.65423406060606,82.20022463636361
49116,STATE - NCT OF DELHI,"Publishing of newspapers, journals and periodicals",225,205,20,2,2,0,223,203,20,6,6,0,0,0,0,6,6,0,231,10.25,22.65423406060606,82.20022463636361
49117,STATE - NCT OF DELHI,Other publishing activities,59,59,0,0,0,0,59,59,0,0,0,0,0,0,0,0,0,0,59,59,22.65423406060606,82.20022463636361
49118,STATE - NCT OF DELHI,Software publishing,64,53,11,6,6,0,58,47,11,0,0,0,0,0,0,0,0,0,64,4.818181818181818,22.65423406060606,82.20022463636361
49119,STATE - NCT OF DELHI,Software publishing,64,53,11,6,6,0,58,47,11,0,0,0,0,0,0,0,0,0,64,4.818181818181818,22.65423406060606,82.20022463636361
49120,STATE - NCT OF DELHI,"Motion picture, video and television programme production, sound recording",452,428,24,1,1,0,451,427,24,64,64,0,0,0,0,64,64,0,516,17.833333333333332,22.65423406060606,82.20022463636361
49121,STATE - NCT OF DELHI,"Motion picture, video and television programme activities",361,342,19,0,0,0,361,342,19,43,43,0,0,0,0,43,43,0,404,18,22.65423406060606,82.20022463636361
49122,STATE - NCT OF DELHI,"Motion picture, video and television programme production activities",114,109,5,0,0,0,114,109,5,12,12,0,0,0,0,12,12,0,126,21.8,22.65423406060606,82.20022463636361
49123,STATE - NCT OF DELHI,"Motion picture, video and television programme post-production",19,17,2,0,0,0,19,17,2,3,3,0,0,0,0,3,3,0,22,8.5,22.65423406060606,82.20022463636361
49124,STATE - NCT OF DELHI,"Motion picture, video and television programme distribution activities",38,32,6,0,0,0,38,32,6,5,5,0,0,0,0,5,5,0,43,5.333333333333333,22.65423406060606,82.20022463636361
49125,STATE - NCT OF DELHI,Motion picture projection activities,190,184,6,0,0,0,190,184,6,23,23,0,0,0,0,23,23,0,213,30.666666666666668,22.65423406060606,82.20022463636361
49126,STATE - NCT OF DELHI,Sound recording and music publishing activities,91,86,5,1,1,0,90,85,5,21,21,0,0,0,0,21,21,0,112,17.2,22.65423406060606,82.20022463636361
49127,STATE - NCT OF DELHI,Sound recording and music publishing activitiesT,91,86,5,1,1,0,90,85,5,21,21,0,0,0,0,21,21,0,112,17.2,22.65423406060606,82.20022463636361
49128,STATE - NCT OF DELHI,Broadcasting and programming activities,886,776,110,8,6,2,878,770,108,26,26,0,0,0,0,26,26,0,912,7.054545454545455,22.65423406060606,82.20022463636361
49129,STATE - NCT OF DELHI,Radio broadcasting,255,204,51,8,6,2,247,198,49,8,8,0,0,0,0,8,8,0,263,4,22.65423406060606,82.20022463636361
49130,STATE - NCT OF DELHI,Radio broadcasting,255,204,51,8,6,2,247,198,49,8,8,0,0,0,0,8,8,0,263,4,22.65423406060606,82.20022463636361
49131,STATE - NCT OF DELHI,Television programming and broadcasting activities,631,572,59,0,0,0,631,572,59,18,18,0,0,0,0,18,18,0,649,9.694915254237287,22.65423406060606,82.20022463636361
49132,STATE - NCT OF DELHI,Television programming and broadcasting activities,631,572,59,0,0,0,631,572,59,18,18,0,0,0,0,18,18,0,649,9.694915254237287,22.65423406060606,82.20022463636361
49133,STATE - NCT OF DELHI,Telecommunications,4838,4438,400,135,135,0,4703,4303,400,172,151,21,0,0,0,172,151,21,5010,11.095,22.65423406060606,82.20022463636361
49134,STATE - NCT OF DELHI,Wired telecommunications activities,2453,2340,113,64,64,0,2389,2276,113,119,101,18,0,0,0,119,101,18,2572,20.707964601769916,22.65423406060606,82.20022463636361
49135,STATE - NCT OF DELHI,Wired telecommunications activities,2453,2340,113,64,64,0,2389,2276,113,119,101,18,0,0,0,119,101,18,2572,20.707964601769916,22.65423406060606,82.20022463636361
49136,STATE - NCT OF DELHI,Wireless telecommunications activities,125,114,11,0,0,0,125,114,11,6,6,0,0,0,0,6,6,0,131,10.363636363636363,22.65423406060606,82.20022463636361
49137,STATE - NCT OF DELHI,Wireless telecommunications activities,125,114,11,0,0,0,125,114,11,6,6,0,0,0,0,6,6,0,131,10.363636363636363,22.65423406060606,82.20022463636361
49138,STATE - NCT OF DELHI,Satellite telecommunications activities,43,36,7,0,0,0,43,36,7,0,0,0,0,0,0,0,0,0,43,5.142857142857143,22.65423406060606,82.20022463636361
49139,STATE - NCT OF DELHI,Satellite telecommunications activities,43,36,7,0,0,0,43,36,7,0,0,0,0,0,0,0,0,0,43,5.142857142857143,22.65423406060606,82.20022463636361
49140,STATE - NCT OF DELHI,Other telecommunications activities,2217,1948,269,71,71,0,2146,1877,269,47,44,3,0,0,0,47,44,3,2264,7.241635687732342,22.65423406060606,82.20022463636361
49141,STATE - NCT OF DELHI,Other telecommunications activities,2217,1948,269,71,71,0,2146,1877,269,47,44,3,0,0,0,47,44,3,2264,7.241635687732342,22.65423406060606,82.20022463636361
49142,STATE - NCT OF DELHI,"Computer programming, consultancy and related activities",1884,1678,206,20,19,1,1864,1659,205,78,69,9,0,0,0,78,69,9,1962,8.145631067961165,22.65423406060606,82.20022463636361
49143,STATE - NCT OF DELHI,"Computer programming, consultancy and related activities",1884,1678,206,20,19,1,1864,1659,205,78,69,9,0,0,0,78,69,9,1962,8.145631067961165,22.65423406060606,82.20022463636361
49144,STATE - NCT OF DELHI,Computer programming activities,238,230,8,1,1,0,237,229,8,0,0,0,0,0,0,0,0,0,238,28.75,22.65423406060606,82.20022463636361
49145,STATE - NCT OF DELHI,Computer consultancy and computer facilities management activities,346,307,39,0,0,0,346,307,39,18,15,3,0,0,0,18,15,3,364,7.871794871794871,22.65423406060606,82.20022463636361
49146,STATE - NCT OF DELHI,Other information technology and computer service activities,1300,1141,159,19,18,1,1281,1123,158,60,54,6,0,0,0,60,54,6,1360,7.176100628930818,22.65423406060606,82.20022463636361
49147,STATE - NCT OF DELHI,Information service activities,2267,2017,250,36,36,0,2231,1981,250,93,78,15,0,0,0,93,78,15,2360,8.068,22.65423406060606,82.20022463636361
49148,STATE - NCT OF DELHI,"Data processing, hosting and related activities; web portals",112,103,9,1,1,0,111,102,9,5,5,0,0,0,0,5,5,0,117,11.444444444444445,22.65423406060606,82.20022463636361
49149,STATE - NCT OF DELHI,"Data processing, hosting and related activities",100,91,9,1,1,0,99,90,9,5,5,0,0,0,0,5,5,0,105,10.11111111111111,22.65423406060606,82.20022463636361
49150,STATE - NCT OF DELHI,Web portals,12,12,0,0,0,0,12,12,0,0,0,0,0,0,0,0,0,0,12,12,22.65423406060606,82.20022463636361
49151,STATE - NCT OF DELHI,Other information service activities,2155,1914,241,35,35,0,2120,1879,241,88,73,15,0,0,0,88,73,15,2243,7.941908713692946,22.65423406060606,82.20022463636361
49152,STATE - NCT OF DELHI,News agency activities,260,221,39,2,2,0,258,219,39,5,5,0,0,0,0,5,5,0,265,5.666666666666667,22.65423406060606,82.20022463636361
49153,STATE - NCT OF DELHI,Other information service activities n.e.c.,1895,1693,202,33,33,0,1862,1660,202,83,68,15,0,0,0,83,68,15,1978,8.381188118811881,22.65423406060606,82.20022463636361
49154,STATE - NCT OF DELHI,"Financial service activities, except insurance and pension funding",9620,8459,1161,202,184,18,9418,8275,1143,242,203,39,2,2,0,240,201,39,9862,7.285960378983635,22.65423406060606,82.20022463636361
49155,STATE - NCT OF DELHI,Monetary intermediation,9181,8059,1122,188,176,12,8993,7883,1110,219,183,36,2,2,0,217,181,36,9400,7.18270944741533,22.65423406060606,82.20022463636361
49156,STATE - NCT OF DELHI,Central banking,8768,7681,1087,176,164,12,8592,7517,1075,213,177,36,2,2,0,211,175,36,8981,7.06623735050598,22.65423406060606,82.20022463636361
49157,STATE - NCT OF DELHI,Other monetary intermediation,413,378,35,12,12,0,401,366,35,6,6,0,0,0,0,6,6,0,419,10.8,22.65423406060606,82.20022463636361
49158,STATE - NCT OF DELHI,Activities of holding companies,19,16,3,0,0,0,19,16,3,3,0,3,0,0,0,3,0,3,22,5.333333333333333,22.65423406060606,82.20022463636361
49159,STATE - NCT OF DELHI,Activities of holding companies,19,16,3,0,0,0,19,16,3,3,0,3,0,0,0,3,0,3,22,5.333333333333333,22.65423406060606,82.20022463636361
49160,STATE - NCT OF DELHI,"Trusts, funds and other financial vehicles",103,99,4,0,0,0,103,99,4,2,2,0,0,0,0,2,2,0,105,24.75,22.65423406060606,82.20022463636361
49161,STATE - NCT OF DELHI,"Trusts, funds and other financial vehicles",103,99,4,0,0,0,103,99,4,2,2,0,0,0,0,2,2,0,105,24.75,22.65423406060606,82.20022463636361
49162,STATE - NCT OF DELHI,"Other financial service activities, except insurance and pension funding",317,285,32,14,8,6,303,277,26,18,18,0,0,0,0,18,18,0,335,8.90625,22.65423406060606,82.20022463636361
49163,STATE - NCT OF DELHI,Financial leasing,109,94,15,6,0,6,103,94,9,6,6,0,0,0,0,6,6,0,115,6.266666666666667,22.65423406060606,82.20022463636361
49164,STATE - NCT OF DELHI,Other credit granting,33,24,9,0,0,0,33,24,9,3,3,0,0,0,0,3,3,0,36,2.6666666666666665,22.65423406060606,82.20022463636361
49165,STATE - NCT OF DELHI,"Other financial service activities, except insurance and pension funding",175,167,8,8,8,0,167,159,8,9,9,0,0,0,0,9,9,0,184,20.875,22.65423406060606,82.20022463636361
49166,STATE - NCT OF DELHI,"Insurance, reinsurance and pension funding, except compulsory social",2772,2414,358,112,98,14,2660,2316,344,63,48,15,12,12,0,51,36,15,2835,6.743016759776537,22.65423406060606,82.20022463636361
49167,STATE - NCT OF DELHI,Insurance,2749,2394,355,112,98,14,2637,2296,341,60,45,15,12,12,0,48,33,15,2809,6.743661971830986,22.65423406060606,82.20022463636361
49168,STATE - NCT OF DELHI,Life insurance,2442,2129,313,94,86,8,2348,2043,305,52,37,15,6,6,0,46,31,15,2494,6.801916932907348,22.65423406060606,82.20022463636361
49169,STATE - NCT OF DELHI,Non-life insurance,307,265,42,18,12,6,289,253,36,8,8,0,6,6,0,2,2,0,315,6.309523809523809,22.65423406060606,82.20022463636361
49170,STATE - NCT OF DELHI,Reinsurance,3,0,3,0,0,0,3,0,3,0,0,0,0,0,0,0,0,0,3,0,22.65423406060606,82.20022463636361
49171,STATE - NCT OF DELHI,Reinsurance,3,0,3,0,0,0,3,0,3,0,0,0,0,0,0,0,0,0,3,0,22.65423406060606,82.20022463636361
49172,STATE - NCT OF DELHI,Pension funding,20,20,0,0,0,0,20,20,0,3,3,0,0,0,0,3,3,0,23,20,22.65423406060606,82.20022463636361
49173,STATE - NCT OF DELHI,Pension funding,20,20,0,0,0,0,20,20,0,3,3,0,0,0,0,3,3,0,23,20,22.65423406060606,82.20022463636361
49174,STATE - NCT OF DELHI,Other financial activities,909,836,73,17,11,6,892,825,67,35,29,6,2,2,0,33,27,6,944,11.452054794520548,22.65423406060606,82.20022463636361
49175,STATE - NCT OF DELHI,"Activities auxiliary to financial service activities, except insurance and",394,360,34,2,2,0,392,358,34,11,8,3,2,2,0,9,6,3,405,10.588235294117649,22.65423406060606,82.20022463636361
49176,STATE - NCT OF DELHI,Administration of financial markets,11,8,3,0,0,0,11,8,3,0,0,0,0,0,0,0,0,0,11,2.6666666666666665,22.65423406060606,82.20022463636361
49177,STATE - NCT OF DELHI,Security and commodity contracts brokerage,238,222,16,1,1,0,237,221,16,8,5,3,2,2,0,6,3,3,246,13.875,22.65423406060606,82.20022463636361
49178,STATE - NCT OF DELHI,Activities auxiliary to financial service activities n.e.c.,145,130,15,1,1,0,144,129,15,3,3,0,0,0,0,3,3,0,148,8.666666666666666,22.65423406060606,82.20022463636361
49179,STATE - NCT OF DELHI,Activities auxiliary to insurance and pension funding,430,395,35,15,9,6,415,386,29,18,18,0,0,0,0,18,18,0,448,11.285714285714286,22.65423406060606,82.20022463636361
49180,STATE - NCT OF DELHI,Risk and damage evaluation,3,3,0,0,0,0,3,3,0,0,0,0,0,0,0,0,0,0,3,3,22.65423406060606,82.20022463636361
49181,STATE - NCT OF DELHI,Activities of insurance agents and brokers,188,174,14,0,0,0,188,174,14,6,6,0,0,0,0,6,6,0,194,12.428571428571429,22.65423406060606,82.20022463636361
49182,STATE - NCT OF DELHI,Other activities auxiliary to insurance and pension funding,239,218,21,15,9,6,224,209,15,12,12,0,0,0,0,12,12,0,251,10.38095238095238,22.65423406060606,82.20022463636361
49183,STATE - NCT OF DELHI,Fund management activities,85,81,4,0,0,0,85,81,4,6,3,3,0,0,0,6,3,3,91,20.25,22.65423406060606,82.20022463636361
49184,STATE - NCT OF DELHI,Fund management activities,85,81,4,0,0,0,85,81,4,6,3,3,0,0,0,6,3,3,91,20.25,22.65423406060606,82.20022463636361
49185,STATE - NCT OF DELHI,Real estate activities,3214,3140,74,24,24,0,3190,3116,74,150,150,0,6,6,0,144,144,0,3364,42.43243243243244,22.65423406060606,82.20022463636361
49186,STATE - NCT OF DELHI,Real estate activities with own or leased property,2643,2581,62,23,23,0,2620,2558,62,118,118,0,6,6,0,112,112,0,2761,41.62903225806452,22.65423406060606,82.20022463636361
49187,STATE - NCT OF DELHI,Real estate activities with own or leased property,2643,2581,62,23,23,0,2620,2558,62,118,118,0,6,6,0,112,112,0,2761,41.62903225806452,22.65423406060606,82.20022463636361
49188,STATE - NCT OF DELHI,Real estate activities on a fee or contract basis,571,559,12,1,1,0,570,558,12,32,32,0,0,0,0,32,32,0,603,46.583333333333336,22.65423406060606,82.20022463636361
49189,STATE - NCT OF DELHI,Real estate activities on a fee or contract basis,571,559,12,1,1,0,570,558,12,32,32,0,0,0,0,32,32,0,603,46.583333333333336,22.65423406060606,82.20022463636361
49190,STATE - NCT OF DELHI,Legal and accounting activities,1454,1320,134,17,10,7,1437,1310,127,50,41,9,1,1,0,49,40,9,1504,9.850746268656716,22.65423406060606,82.20022463636361
49191,STATE - NCT OF DELHI,Legal activities,787,708,79,8,7,1,779,701,78,19,13,6,1,1,0,18,12,6,806,8.962025316455696,22.65423406060606,82.20022463636361
49192,STATE - NCT OF DELHI,Legal activities,787,708,79,8,7,1,779,701,78,19,13,6,1,1,0,18,12,6,806,8.962025316455696,22.65423406060606,82.20022463636361
49193,STATE - NCT OF DELHI,"Accounting, bookkeeping and auditing activities; tax consultancy",667,612,55,9,3,6,658,609,49,31,28,3,0,0,0,31,28,3,698,11.127272727272729,22.65423406060606,82.20022463636361
49194,STATE - NCT OF DELHI,"Accounting, bookkeeping and auditing activities; tax consultancy",667,612,55,9,3,6,658,609,49,31,28,3,0,0,0,31,28,3,698,11.127272727272729,22.65423406060606,82.20022463636361
49195,STATE - NCT OF DELHI,Activities of head offices; management consultancy activities,538,491,47,26,26,0,512,465,47,9,9,0,0,0,0,9,9,0,547,10.4468085106383,22.65423406060606,82.20022463636361
49196,STATE - NCT OF DELHI,Activities of head offices,463,431,32,26,26,0,437,405,32,6,6,0,0,0,0,6,6,0,469,13.46875,22.65423406060606,82.20022463636361
49197,STATE - NCT OF DELHI,Activities of head offices,463,431,32,26,26,0,437,405,32,6,6,0,0,0,0,6,6,0,469,13.46875,22.65423406060606,82.20022463636361
49198,STATE - NCT OF DELHI,Management consultancy activities,75,60,15,0,0,0,75,60,15,3,3,0,0,0,0,3,3,0,78,4,22.65423406060606,82.20022463636361
49199,STATE - NCT OF DELHI,Management consultancy activities,75,60,15,0,0,0,75,60,15,3,3,0,0,0,0,3,3,0,78,4,22.65423406060606,82.20022463636361
49200,STATE - NCT OF DELHI,Architecture and engineering activities; technical testing and analysis,452,409,43,13,13,0,439,396,43,14,12,2,0,0,0,14,12,2,466,9.511627906976743,22.65423406060606,82.20022463636361
49201,STATE - NCT OF DELHI,Architectural and engineering activities and related technical consultancy,444,401,43,13,13,0,431,388,43,14,12,2,0,0,0,14,12,2,458,9.325581395348838,22.65423406060606,82.20022463636361
49202,STATE - NCT OF DELHI,Architectural and engineering activities and related technical,444,401,43,13,13,0,431,388,43,14,12,2,0,0,0,14,12,2,458,9.325581395348838,22.65423406060606,82.20022463636361
49203,STATE - NCT OF DELHI,Technical testing and analysis,8,8,0,0,0,0,8,8,0,0,0,0,0,0,0,0,0,0,8,8,22.65423406060606,82.20022463636361
49204,STATE - NCT OF DELHI,Technical testing and analysis,8,8,0,0,0,0,8,8,0,0,0,0,0,0,0,0,0,0,8,8,22.65423406060606,82.20022463636361
49205,STATE - NCT OF DELHI,Scientific research and development,108,78,30,0,0,0,108,78,30,3,3,0,0,0,0,3,3,0,111,2.6,22.65423406060606,82.20022463636361
49206,STATE - NCT OF DELHI,Research and experimental development on natural sciences and,99,75,24,0,0,0,99,75,24,0,0,0,0,0,0,0,0,0,99,3.125,22.65423406060606,82.20022463636361
49207,STATE - NCT OF DELHI,Research and experimental development on natural sciences and,99,75,24,0,0,0,99,75,24,0,0,0,0,0,0,0,0,0,99,3.125,22.65423406060606,82.20022463636361
49208,STATE - NCT OF DELHI,Research and experimental development on social sciences and humanities,9,3,6,0,0,0,9,3,6,3,3,0,0,0,0,3,3,0,12,0.5,22.65423406060606,82.20022463636361
49209,STATE - NCT OF DELHI,Research and experimental development on social sciences and,9,3,6,0,0,0,9,3,6,3,3,0,0,0,0,3,3,0,12,0.5,22.65423406060606,82.20022463636361
49210,STATE - NCT OF DELHI,Advertising and market research,256,242,14,0,0,0,256,242,14,27,18,9,0,0,0,27,18,9,283,17.285714285714285,22.65423406060606,82.20022463636361
49211,STATE - NCT OF DELHI,Advertising,228,217,11,0,0,0,228,217,11,27,18,9,0,0,0,27,18,9,255,19.727272727272727,22.65423406060606,82.20022463636361
49212,STATE - NCT OF DELHI,Advertising,228,217,11,0,0,0,228,217,11,27,18,9,0,0,0,27,18,9,255,19.727272727272727,22.65423406060606,82.20022463636361
49213,STATE - NCT OF DELHI,Market research and public opinion polling,28,25,3,0,0,0,28,25,3,0,0,0,0,0,0,0,0,0,28,8.333333333333334,22.65423406060606,82.20022463636361
49214,STATE - NCT OF DELHI,Market research and public opinion polling,28,25,3,0,0,0,28,25,3,0,0,0,0,0,0,0,0,0,28,8.333333333333334,22.65423406060606,82.20022463636361
49215,STATE - NCT OF DELHI,"Other professional, scientific and technical activities",3933,3752,181,88,88,0,3845,3664,181,277,251,26,14,14,0,263,237,26,4210,20.7292817679558,22.65423406060606,82.20022463636361
49216,STATE - NCT OF DELHI,Specialized design activities,777,657,120,11,11,0,766,646,120,58,47,11,6,6,0,52,41,11,835,5.475,22.65423406060606,82.20022463636361
49217,STATE - NCT OF DELHI,Specialized design activities,777,657,120,11,11,0,766,646,120,58,47,11,6,6,0,52,41,11,835,5.475,22.65423406060606,82.20022463636361
49218,STATE - NCT OF DELHI,Photographic activities,2829,2802,27,77,77,0,2752,2725,27,199,192,7,8,8,0,191,184,7,3028,103.77777777777776,22.65423406060606,82.20022463636361
49219,STATE - NCT OF DELHI,Photographic activities,2829,2802,27,77,77,0,2752,2725,27,199,192,7,8,8,0,191,184,7,3028,103.77777777777776,22.65423406060606,82.20022463636361
49220,STATE - NCT OF DELHI,"Other professional, scientific and technical activities n.e.c.",327,293,34,0,0,0,327,293,34,20,12,8,0,0,0,20,12,8,347,8.617647058823529,22.65423406060606,82.20022463636361
49221,STATE - NCT OF DELHI,"Other professional, scientific and technical activities n.e.c.",327,293,34,0,0,0,327,293,34,20,12,8,0,0,0,20,12,8,347,8.617647058823529,22.65423406060606,82.20022463636361
49222,STATE - NCT OF DELHI,Veterinary activities,63,50,13,1,1,0,62,49,13,0,0,0,0,0,0,0,0,0,63,3.8461538461538463,22.65423406060606,82.20022463636361
49223,STATE - NCT OF DELHI,Veterinary activities,63,50,13,1,1,0,62,49,13,0,0,0,0,0,0,0,0,0,63,3.8461538461538463,22.65423406060606,82.20022463636361
49224,STATE - NCT OF DELHI,Veterinary activities,63,50,13,1,1,0,62,49,13,0,0,0,0,0,0,0,0,0,63,3.8461538461538463,22.65423406060606,82.20022463636361
49225,STATE - NCT OF DELHI,Rental and leasing activities,1468,1436,32,25,25,0,1443,1411,32,150,150,0,0,0,0,150,150,0,1618,44.875,22.65423406060606,82.20022463636361
49226,STATE - NCT OF DELHI,Renting and leasing of motor vehicles,58,58,0,0,0,0,58,58,0,0,0,0,0,0,0,0,0,0,58,58,22.65423406060606,82.20022463636361
49227,STATE - NCT OF DELHI,Renting and leasing of motor vehicles,58,58,0,0,0,0,58,58,0,0,0,0,0,0,0,0,0,0,58,58,22.65423406060606,82.20022463636361
49228,STATE - NCT OF DELHI,Renting and leasing of personal and household goods,1290,1271,19,24,24,0,1266,1247,19,150,150,0,0,0,0,150,150,0,1440,66.89473684210526,22.65423406060606,82.20022463636361
49229,STATE - NCT OF DELHI,Renting and leasing of recreational and sports goods,3,3,0,0,0,0,3,3,0,0,0,0,0,0,0,0,0,0,3,3,22.65423406060606,82.20022463636361
49230,STATE - NCT OF DELHI,Renting of video tapes and disks,3,3,0,0,0,0,3,3,0,0,0,0,0,0,0,0,0,0,3,3,22.65423406060606,82.20022463636361
49231,STATE - NCT OF DELHI,Renting and leasing of other personal and household goods n.e.c.,1284,1265,19,24,24,0,1260,1241,19,150,150,0,0,0,0,150,150,0,1434,66.57894736842105,22.65423406060606,82.20022463636361
49232,STATE - NCT OF DELHI,"Renting and leasing of other machinery, equipment and tangible goods",120,107,13,1,1,0,119,106,13,0,0,0,0,0,0,0,0,0,120,8.23076923076923,22.65423406060606,82.20022463636361
49233,STATE - NCT OF DELHI,"Renting and leasing of other machinery, equipment and tangible goods",120,107,13,1,1,0,119,106,13,0,0,0,0,0,0,0,0,0,120,8.23076923076923,22.65423406060606,82.20022463636361
49234,STATE - NCT OF DELHI,Employment activities,148,139,9,0,0,0,148,139,9,9,9,0,0,0,0,9,9,0,157,15.444444444444445,22.65423406060606,82.20022463636361
49235,STATE - NCT OF DELHI,Activities of employment placement agencies,127,121,6,0,0,0,127,121,6,6,6,0,0,0,0,6,6,0,133,20.166666666666668,22.65423406060606,82.20022463636361
49236,STATE - NCT OF DELHI,Activities of employment placement agencies,127,121,6,0,0,0,127,121,6,6,6,0,0,0,0,6,6,0,133,20.166666666666668,22.65423406060606,82.20022463636361
49237,STATE - NCT OF DELHI,Temporary employment agency activities,15,15,0,0,0,0,15,15,0,3,3,0,0,0,0,3,3,0,18,15,22.65423406060606,82.20022463636361
49238,STATE - NCT OF DELHI,Temporary employment agency activities,15,15,0,0,0,0,15,15,0,3,3,0,0,0,0,3,3,0,18,15,22.65423406060606,82.20022463636361
49239,STATE - NCT OF DELHI,Human resources provision and management of human resources functions,6,3,3,0,0,0,6,3,3,0,0,0,0,0,0,0,0,0,6,1,22.65423406060606,82.20022463636361
49240,STATE - NCT OF DELHI,Human resources provision and management of human resources,6,3,3,0,0,0,6,3,3,0,0,0,0,0,0,0,0,0,6,1,22.65423406060606,82.20022463636361
49241,STATE - NCT OF DELHI,"Travel agency, tour operator and other reservation service activities",1022,957,65,15,15,0,1007,942,65,46,43,3,12,12,0,34,31,3,1068,14.723076923076922,22.65423406060606,82.20022463636361
49242,STATE - NCT OF DELHI,Travel agency and tour operator activities,983,918,65,15,15,0,968,903,65,46,43,3,12,12,0,34,31,3,1029,14.123076923076924,22.65423406060606,82.20022463636361
49243,STATE - NCT OF DELHI,Travel agency activities,759,711,48,9,9,0,750,702,48,35,32,3,12,12,0,23,20,3,794,14.8125,22.65423406060606,82.20022463636361
49244,STATE - NCT OF DELHI,Tour operator activities,224,207,17,6,6,0,218,201,17,11,11,0,0,0,0,11,11,0,235,12.176470588235292,22.65423406060606,82.20022463636361
49245,STATE - NCT OF DELHI,Other reservation service activities,39,39,0,0,0,0,39,39,0,0,0,0,0,0,0,0,0,0,39,39,22.65423406060606,82.20022463636361
49246,STATE - NCT OF DELHI,Other reservation service and related activities,39,39,0,0,0,0,39,39,0,0,0,0,0,0,0,0,0,0,39,39,22.65423406060606,82.20022463636361
49247,STATE - NCT OF DELHI,Security and investigation activities,1554,1505,49,31,31,0,1523,1474,49,57,51,6,0,0,0,57,51,6,1611,30.714285714285715,22.65423406060606,82.20022463636361
49248,STATE - NCT OF DELHI,Private security activities,1140,1105,35,27,27,0,1113,1078,35,42,36,6,0,0,0,42,36,6,1182,31.571428571428573,22.65423406060606,82.20022463636361
49249,STATE - NCT OF DELHI,Private security activities,1140,1105,35,27,27,0,1113,1078,35,42,36,6,0,0,0,42,36,6,1182,31.571428571428573,22.65423406060606,82.20022463636361
49250,STATE - NCT OF DELHI,Security systems service activities,411,397,14,4,4,0,407,393,14,15,15,0,0,0,0,15,15,0,426,28.357142857142858,22.65423406060606,82.20022463636361
49251,STATE - NCT OF DELHI,Security systems service activities,411,397,14,4,4,0,407,393,14,15,15,0,0,0,0,15,15,0,426,28.357142857142858,22.65423406060606,82.20022463636361
49252,STATE - NCT OF DELHI,Investigation activities,3,3,0,0,0,0,3,3,0,0,0,0,0,0,0,0,0,0,3,3,22.65423406060606,82.20022463636361
49253,STATE - NCT OF DELHI,Investigation activities,3,3,0,0,0,0,3,3,0,0,0,0,0,0,0,0,0,0,3,3,22.65423406060606,82.20022463636361
49254,STATE - NCT OF DELHI,Services to buildings and landscape activities,128,117,11,0,0,0,128,117,11,3,3,0,0,0,0,3,3,0,131,10.636363636363637,22.65423406060606,82.20022463636361
49255,STATE - NCT OF DELHI,Combined facilities support activities,20,15,5,0,0,0,20,15,5,0,0,0,0,0,0,0,0,0,20,3,22.65423406060606,82.20022463636361
49256,STATE - NCT OF DELHI,Combined facilities support activities,20,15,5,0,0,0,20,15,5,0,0,0,0,0,0,0,0,0,20,3,22.65423406060606,82.20022463636361
49257,STATE - NCT OF DELHI,Cleaning activities,108,102,6,0,0,0,108,102,6,3,3,0,0,0,0,3,3,0,111,17,22.65423406060606,82.20022463636361
49258,STATE - NCT OF DELHI,General cleaning of buildings,29,26,3,0,0,0,29,26,3,0,0,0,0,0,0,0,0,0,29,8.666666666666666,22.65423406060606,82.20022463636361
49259,STATE - NCT OF DELHI,Other building and industrial cleaning activities,79,76,3,0,0,0,79,76,3,3,3,0,0,0,0,3,3,0,82,25.33333333333333,22.65423406060606,82.20022463636361
49260,STATE - NCT OF DELHI,"Office administrative, office support and other business support activities",53967,48437,5530,993,928,65,52974,47509,5465,2839,2389,450,77,65,12,2762,2324,438,56806,8.758951175406871,22.65423406060606,82.20022463636361
49261,STATE - NCT OF DELHI,Office administrative and support activities,838,795,43,1,1,0,837,794,43,44,39,5,8,8,0,36,31,5,882,18.48837209302325,22.65423406060606,82.20022463636361
49262,STATE - NCT OF DELHI,Combined office administrative service activities,197,176,21,1,1,0,196,175,21,11,6,5,0,0,0,11,6,5,208,8.380952380952381,22.65423406060606,82.20022463636361
49263,STATE - NCT OF DELHI,"Photocopying, document preparation and other specialized office",641,619,22,0,0,0,641,619,22,33,33,0,8,8,0,25,25,0,674,28.13636363636364,22.65423406060606,82.20022463636361
49264,STATE - NCT OF DELHI,Activities of call centres,2000,1674,326,38,32,6,1962,1642,320,93,71,22,0,0,0,93,71,22,2093,5.134969325153374,22.65423406060606,82.20022463636361
49265,STATE - NCT OF DELHI,Activities of call centres,2000,1674,326,38,32,6,1962,1642,320,93,71,22,0,0,0,93,71,22,2093,5.134969325153374,22.65423406060606,82.20022463636361
49266,STATE - NCT OF DELHI,Organization of conventions and trade shows,3,3,0,0,0,0,3,3,0,0,0,0,0,0,0,0,0,0,3,3,22.65423406060606,82.20022463636361
49267,STATE - NCT OF DELHI,Organization of conventions and trade shows,3,3,0,0,0,0,3,3,0,0,0,0,0,0,0,0,0,0,3,3,22.65423406060606,82.20022463636361
49268,STATE - NCT OF DELHI,Business support service activities n.e.c.,51126,45965,5161,954,895,59,50172,45070,5102,2702,2279,423,69,57,12,2633,2222,411,53828,8.906219724859524,22.65423406060606,82.20022463636361
49269,STATE - NCT OF DELHI,Activities of collection agencies and credit bureaus,34,29,5,0,0,0,34,29,5,0,0,0,0,0,0,0,0,0,34,5.8,22.65423406060606,82.20022463636361
49270,STATE - NCT OF DELHI,Packaging activities,1709,1171,538,14,14,0,1695,1157,538,170,91,79,0,0,0,170,91,79,1879,2.176579925650558,22.65423406060606,82.20022463636361
49271,STATE - NCT OF DELHI,Other business support service activities n.e.c.,49383,44765,4618,940,881,59,48443,43884,4559,2532,2188,344,69,57,12,2463,2131,332,51915,9.693590298830662,22.65423406060606,82.20022463636361
49272,STATE - NCT OF DELHI,"Regulation of the activities of providing health care, education, cultural",169,129,40,13,13,0,156,116,40,6,3,3,0,0,0,6,3,3,175,3.225,22.65423406060606,82.20022463636361
49273,STATE - NCT OF DELHI,Regulation of and contribution to more efficient operation of,15,12,3,6,6,0,9,6,3,0,0,0,0,0,0,0,0,0,15,4,22.65423406060606,82.20022463636361
49274,STATE - NCT OF DELHI,Provision of services to the community as a whole,8379,7704,675,433,411,22,7946,7293,653,151,141,10,12,12,0,139,129,10,8530,11.413333333333334,22.65423406060606,82.20022463636361
49275,STATE - NCT OF DELHI,Foreign affairs,55,50,5,0,0,0,55,50,5,3,3,0,0,0,0,3,3,0,58,10,22.65423406060606,82.20022463636361
49276,STATE - NCT OF DELHI,Defence activities,3249,2997,252,107,103,4,3142,2894,248,55,53,2,0,0,0,55,53,2,3304,11.892857142857142,22.65423406060606,82.20022463636361
49277,STATE - NCT OF DELHI,Public order and safety activities,5075,4657,418,326,308,18,4749,4349,400,93,85,8,12,12,0,81,73,8,5168,11.141148325358852,22.65423406060606,82.20022463636361
49278,STATE - NCT OF DELHI,Compulsory social security activities,215,203,12,14,14,0,201,189,12,5,3,2,0,0,0,5,3,2,220,16.916666666666668,22.65423406060606,82.20022463636361
49279,STATE - NCT OF DELHI,Compulsory social security activities,215,203,12,14,14,0,201,189,12,5,3,2,0,0,0,5,3,2,220,16.916666666666668,22.65423406060606,82.20022463636361
49280,STATE - NCT OF DELHI,Education,27865,16469,11396,864,553,311,27001,15916,11085,1381,665,716,38,32,6,1343,633,710,29246,1.445156195156195,22.65423406060606,82.20022463636361
49281,STATE - NCT OF DELHI,Primary education,12747,6181,6566,482,265,217,12265,5916,6349,496,205,291,12,12,0,484,193,291,13243,0.94136460554371,22.65423406060606,82.20022463636361
49282,STATE - NCT OF DELHI,Primary education,12747,6181,6566,482,265,217,12265,5916,6349,496,205,291,12,12,0,484,193,291,13243,0.94136460554371,22.65423406060606,82.20022463636361
49283,STATE - NCT OF DELHI,Secondary education,3005,1763,1242,64,46,18,2941,1717,1224,71,40,31,0,0,0,71,40,31,3076,1.4194847020933978,22.65423406060606,82.20022463636361
49284,STATE - NCT OF DELHI,General secondary education,2968,1734,1234,64,46,18,2904,1688,1216,68,40,28,0,0,0,68,40,28,3036,1.4051863857374391,22.65423406060606,82.20022463636361
49285,STATE - NCT OF DELHI,Technical and vocational secondary education,37,29,8,0,0,0,37,29,8,3,0,3,0,0,0,3,0,3,40,3.625,22.65423406060606,82.20022463636361
49286,STATE - NCT OF DELHI,Higher education,3345,2668,677,88,85,3,3257,2583,674,88,59,29,0,0,0,88,59,29,3433,3.940915805022157,22.65423406060606,82.20022463636361
49287,STATE - NCT OF DELHI,Higher education,3345,2668,677,88,85,3,3257,2583,674,88,59,29,0,0,0,88,59,29,3433,3.940915805022157,22.65423406060606,82.20022463636361
49288,STATE - NCT OF DELHI,Other education,3656,2428,1228,61,39,22,3595,2389,1206,490,207,283,14,8,6,476,199,277,4146,1.977198697068404,22.65423406060606,82.20022463636361
49289,STATE - NCT OF DELHI,Sports and recreation education,145,136,9,0,0,0,145,136,9,0,0,0,0,0,0,0,0,0,145,15.11111111111111,22.65423406060606,82.20022463636361
49290,STATE - NCT OF DELHI,Cultural education,92,83,9,1,1,0,91,82,9,9,6,3,0,0,0,9,6,3,101,9.22222222222222,22.65423406060606,82.20022463636361
49291,STATE - NCT OF DELHI,Other education n.e.c.,3419,2209,1210,60,38,22,3359,2171,1188,481,201,280,14,8,6,467,193,274,3900,1.825619834710744,22.65423406060606,82.20022463636361
49292,STATE - NCT OF DELHI,Educational support services,5112,3429,1683,169,118,51,4943,3311,1632,236,154,82,12,12,0,224,142,82,5348,2.037433155080214,22.65423406060606,82.20022463636361
49293,STATE - NCT OF DELHI,Educational support services,5112,3429,1683,169,118,51,4943,3311,1632,236,154,82,12,12,0,224,142,82,5348,2.037433155080214,22.65423406060606,82.20022463636361
49294,STATE - NCT OF DELHI,Human health activities,20521,14995,5526,544,446,98,19977,14549,5428,629,423,206,4,2,2,625,421,204,21150,2.7135360115816143,22.65423406060606,82.20022463636361
49295,STATE - NCT OF DELHI,Hospital activities,12328,9499,2829,335,294,41,11993,9205,2788,369,255,114,2,2,0,367,253,114,12697,3.3577235772357725,22.65423406060606,82.20022463636361
49296,STATE - NCT OF DELHI,Hospital activities,12328,9499,2829,335,294,41,11993,9205,2788,369,255,114,2,2,0,367,253,114,12697,3.3577235772357725,22.65423406060606,82.20022463636361
49297,STATE - NCT OF DELHI,Medical and dental practice activities,478,396,82,13,13,0,465,383,82,11,9,2,0,0,0,11,9,2,489,4.829268292682927,22.65423406060606,82.20022463636361
49298,STATE - NCT OF DELHI,Medical and dental practice activities,478,396,82,13,13,0,465,383,82,11,9,2,0,0,0,11,9,2,489,4.829268292682927,22.65423406060606,82.20022463636361
49299,STATE - NCT OF DELHI,Other human health activities,7715,5100,2615,196,139,57,7519,4961,2558,249,159,90,2,0,2,247,159,88,7964,1.9502868068833648,22.65423406060606,82.20022463636361
49300,STATE - NCT OF DELHI,Other human health activities,7715,5100,2615,196,139,57,7519,4961,2558,249,159,90,2,0,2,247,159,88,7964,1.9502868068833648,22.65423406060606,82.20022463636361
49301,STATE - NCT OF DELHI,Residential care activities,107,61,46,0,0,0,107,61,46,3,0,3,0,0,0,3,0,3,110,1.326086956521739,22.65423406060606,82.20022463636361
49302,STATE - NCT OF DELHI,Nursing care facilities,69,46,23,0,0,0,69,46,23,3,0,3,0,0,0,3,0,3,72,2,22.65423406060606,82.20022463636361
49303,STATE - NCT OF DELHI,Nursing care facilities,69,46,23,0,0,0,69,46,23,3,0,3,0,0,0,3,0,3,72,2,22.65423406060606,82.20022463636361
49304,STATE - NCT OF DELHI,"Residential care activities for mental retardation, mental health and substance",6,3,3,0,0,0,6,3,3,0,0,0,0,0,0,0,0,0,6,1,22.65423406060606,82.20022463636361
49305,STATE - NCT OF DELHI,"Residential care activities for mental retardation, mental health and",6,3,3,0,0,0,6,3,3,0,0,0,0,0,0,0,0,0,6,1,22.65423406060606,82.20022463636361
49306,STATE - NCT OF DELHI,Residential care activities for the elderly and disabled,3,0,3,0,0,0,3,0,3,0,0,0,0,0,0,0,0,0,3,0,22.65423406060606,82.20022463636361
49307,STATE - NCT OF DELHI,Residential care activities for the elderly and disabled,3,0,3,0,0,0,3,0,3,0,0,0,0,0,0,0,0,0,3,0,22.65423406060606,82.20022463636361
49308,STATE - NCT OF DELHI,Other residential care activities n.e.c.,29,12,17,0,0,0,29,12,17,0,0,0,0,0,0,0,0,0,29,0.7058823529411765,22.65423406060606,82.20022463636361
49309,STATE - NCT OF DELHI,Other residential care activities n.e.c.,29,12,17,0,0,0,29,12,17,0,0,0,0,0,0,0,0,0,29,0.7058823529411765,22.65423406060606,82.20022463636361
49310,STATE - NCT OF DELHI,Social work activities without accommodation,1294,374,920,41,11,30,1253,363,890,76,28,48,2,2,0,74,26,48,1370,0.4065217391304347,22.65423406060606,82.20022463636361
49311,STATE - NCT OF DELHI,Social work activities without accommodation for the elderly and disabled,84,36,48,0,0,0,84,36,48,6,6,0,0,0,0,6,6,0,90,0.75,22.65423406060606,82.20022463636361
49312,STATE - NCT OF DELHI,Social work activities without accommodation for the elderly and,84,36,48,0,0,0,84,36,48,6,6,0,0,0,0,6,6,0,90,0.75,22.65423406060606,82.20022463636361
49313,STATE - NCT OF DELHI,Other social work activities without accommodation n.e.c.,1210,338,872,41,11,30,1169,327,842,70,22,48,2,2,0,68,20,48,1280,0.3876146788990826,22.65423406060606,82.20022463636361
49314,STATE - NCT OF DELHI,Other social work activities without accommodation n.e.c.,1210,338,872,41,11,30,1169,327,842,70,22,48,2,2,0,68,20,48,1280,0.3876146788990826,22.65423406060606,82.20022463636361
49315,STATE - NCT OF DELHI,"Creative, arts and entertainment activities",4590,4451,139,89,89,0,4501,4362,139,643,631,12,43,43,0,600,588,12,5233,32.02158273381295,22.65423406060606,82.20022463636361
49316,STATE - NCT OF DELHI,"Creative, arts and entertainment activities",4590,4451,139,89,89,0,4501,4362,139,643,631,12,43,43,0,600,588,12,5233,32.02158273381295,22.65423406060606,82.20022463636361
49317,STATE - NCT OF DELHI,"Dramatic arts, music and other arts activities",4590,4451,139,89,89,0,4501,4362,139,643,631,12,43,43,0,600,588,12,5233,32.02158273381295,22.65423406060606,82.20022463636361
49318,STATE - NCT OF DELHI,"Libraries, archives, museums and other cultural activities",400,346,54,9,6,3,391,340,51,14,11,3,0,0,0,14,11,3,414,6.407407407407407,22.65423406060606,82.20022463636361
49319,STATE - NCT OF DELHI,"Libraries, archives, museums and other cultural activities",400,346,54,9,6,3,391,340,51,14,11,3,0,0,0,14,11,3,414,6.407407407407407,22.65423406060606,82.20022463636361
49320,STATE - NCT OF DELHI,Library and archives activities,196,164,32,2,0,2,194,164,30,6,3,3,0,0,0,6,3,3,202,5.125,22.65423406060606,82.20022463636361
49321,STATE - NCT OF DELHI,Museums activities and operation of historical sites and buildings,115,102,13,1,0,1,114,102,12,8,8,0,0,0,0,8,8,0,123,7.846153846153846,22.65423406060606,82.20022463636361
49322,STATE - NCT OF DELHI,Botanical and zoological gardens and nature reserves activities,89,80,9,6,6,0,83,74,9,0,0,0,0,0,0,0,0,0,89,8.88888888888889,22.65423406060606,82.20022463636361
49323,STATE - NCT OF DELHI,Gambling and betting activities,9,9,0,0,0,0,9,9,0,3,3,0,0,0,0,3,3,0,12,9,22.65423406060606,82.20022463636361
49324,STATE - NCT OF DELHI,Gambling and betting activities,9,9,0,0,0,0,9,9,0,3,3,0,0,0,0,3,3,0,12,9,22.65423406060606,82.20022463636361
49325,STATE - NCT OF DELHI,Gambling and betting activities,9,9,0,0,0,0,9,9,0,3,3,0,0,0,0,3,3,0,12,9,22.65423406060606,82.20022463636361
49326,STATE - NCT OF DELHI,Sports activities and amusement and recreation activities,1713,1613,100,14,14,0,1699,1599,100,161,149,12,0,0,0,161,149,12,1874,16.13,22.65423406060606,82.20022463636361
49327,STATE - NCT OF DELHI,Sports activities,1046,960,86,2,2,0,1044,958,86,56,48,8,0,0,0,56,48,8,1102,11.16279069767442,22.65423406060606,82.20022463636361
49328,STATE - NCT OF DELHI,Operation of sports facilities,26,26,0,0,0,0,26,26,0,3,3,0,0,0,0,3,3,0,29,26,22.65423406060606,82.20022463636361
49329,STATE - NCT OF DELHI,Activities of sports clubs,678,630,48,2,2,0,676,628,48,27,24,3,0,0,0,27,24,3,705,13.125,22.65423406060606,82.20022463636361
49330,STATE - NCT OF DELHI,Other sports activities,342,304,38,0,0,0,342,304,38,26,21,5,0,0,0,26,21,5,368,8,22.65423406060606,82.20022463636361
49331,STATE - NCT OF DELHI,Other amusement and recreation activities,667,653,14,12,12,0,655,641,14,105,101,4,0,0,0,105,101,4,772,46.642857142857146,22.65423406060606,82.20022463636361
49332,STATE - NCT OF DELHI,Activities of amusement parks and theme parks,6,6,0,0,0,0,6,6,0,0,0,0,0,0,0,0,0,0,6,6,22.65423406060606,82.20022463636361
49333,STATE - NCT OF DELHI,Other amusement and recreation activities n.e.c.,661,647,14,12,12,0,649,635,14,105,101,4,0,0,0,105,101,4,766,46.21428571428572,22.65423406060606,82.20022463636361
49334,STATE - NCT OF DELHI,Activities of membership organizations,1411,1247,164,46,40,6,1365,1207,158,100,89,11,0,0,0,100,89,11,1511,7.603658536585366,22.65423406060606,82.20022463636361
49335,STATE - NCT OF DELHI,"Activities of business, employers and professional membership",33,33,0,6,6,0,27,27,0,3,3,0,0,0,0,3,3,0,36,33,22.65423406060606,82.20022463636361
49336,STATE - NCT OF DELHI,Activities of business and employers membership organizations,24,24,0,6,6,0,18,18,0,3,3,0,0,0,0,3,3,0,27,24,22.65423406060606,82.20022463636361
49337,STATE - NCT OF DELHI,Activities of professional membership organizations,9,9,0,0,0,0,9,9,0,0,0,0,0,0,0,0,0,0,9,9,22.65423406060606,82.20022463636361
49338,STATE - NCT OF DELHI,Activities of trade unions,12,12,0,0,0,0,12,12,0,0,0,0,0,0,0,0,0,0,12,12,22.65423406060606,82.20022463636361
49339,STATE - NCT OF DELHI,Activities of trade unions,12,12,0,0,0,0,12,12,0,0,0,0,0,0,0,0,0,0,12,12,22.65423406060606,82.20022463636361
49340,STATE - NCT OF DELHI,Activities of other membership organizations,1366,1202,164,40,34,6,1326,1168,158,97,86,11,0,0,0,97,86,11,1463,7.329268292682927,22.65423406060606,82.20022463636361
49341,STATE - NCT OF DELHI,Activities of religious organizations,1094,974,120,28,28,0,1066,946,120,89,78,11,0,0,0,89,78,11,1183,8.116666666666667,22.65423406060606,82.20022463636361
49342,STATE - NCT OF DELHI,Activities of political organizations,104,85,19,0,0,0,104,85,19,0,0,0,0,0,0,0,0,0,104,4.473684210526316,22.65423406060606,82.20022463636361
49343,STATE - NCT OF DELHI,Activities of other membership organizations n.e.c.,168,143,25,12,6,6,156,137,19,8,8,0,0,0,0,8,8,0,176,5.72,22.65423406060606,82.20022463636361
49344,STATE - NCT OF DELHI,Repair of computers and personal and household goods,15878,15269,609,337,336,1,15541,14933,608,1060,949,111,30,29,1,1030,920,110,16938,25.07224958949097,22.65423406060606,82.20022463636361
49345,STATE - NCT OF DELHI,Repair of computers and communication equipment,1692,1661,31,21,21,0,1671,1640,31,97,97,0,1,1,0,96,96,0,1789,53.58064516129032,22.65423406060606,82.20022463636361
49346,STATE - NCT OF DELHI,Repair of computers and peripheral equipment,893,879,14,7,7,0,886,872,14,45,45,0,0,0,0,45,45,0,938,62.785714285714285,22.65423406060606,82.20022463636361
49347,STATE - NCT OF DELHI,Repair of communication equipment,799,782,17,14,14,0,785,768,17,52,52,0,1,1,0,51,51,0,851,46,22.65423406060606,82.20022463636361
49348,STATE - NCT OF DELHI,Repair of personal and household goods,14186,13608,578,316,315,1,13870,13293,577,963,852,111,29,28,1,934,824,110,15149,23.54325259515571,22.65423406060606,82.20022463636361
49349,STATE - NCT OF DELHI,Repair of consumer electronics,1633,1470,163,27,26,1,1606,1444,162,112,81,31,1,0,1,111,81,30,1745,9.01840490797546,22.65423406060606,82.20022463636361
49350,STATE - NCT OF DELHI,Repair of household appliances and home and garden equipment,3052,3003,49,81,81,0,2971,2922,49,201,191,10,20,20,0,181,171,10,3253,61.285714285714285,22.65423406060606,82.20022463636361
49351,STATE - NCT OF DELHI,Repair of footwear and leather goods,1612,1587,25,21,21,0,1591,1566,25,81,79,2,6,6,0,75,73,2,1693,63.48,22.65423406060606,82.20022463636361
49352,STATE - NCT OF DELHI,Repair of furniture and home furnishings,352,347,5,0,0,0,352,347,5,23,23,0,0,0,0,23,23,0,375,69.4,22.65423406060606,82.20022463636361
49353,STATE - NCT OF DELHI,"Repair of personal and household goods, n.e.c.",7537,7201,336,187,187,0,7350,7014,336,546,478,68,2,2,0,544,476,68,8083,21.43154761904762,22.65423406060606,82.20022463636361
49354,STATE - NCT OF DELHI,Other personal service activities,25228,17395,7833,129,107,22,25099,17288,7811,1624,790,834,27,14,13,1597,776,821,26852,2.220732797140304,22.65423406060606,82.20022463636361
49355,STATE - NCT OF DELHI,Other personal service activities,25228,17395,7833,129,107,22,25099,17288,7811,1624,790,834,27,14,13,1597,776,821,26852,2.220732797140304,22.65423406060606,82.20022463636361
49356,STATE - NCT OF DELHI,Washing and (dry-) cleaning of textile and fur products,19717,14577,5140,69,63,6,19648,14514,5134,1001,527,474,13,6,7,988,521,467,20718,2.835992217898833,22.65423406060606,82.20022463636361
49357,STATE - NCT OF DELHI,Hairdressing and other beauty treatment,3570,1309,2261,38,26,12,3532,1283,2249,375,86,289,12,6,6,363,80,283,3945,0.5789473684210527,22.65423406060606,82.20022463636361
49358,STATE - NCT OF DELHI,Funeral and related activities,5,5,0,0,0,0,5,5,0,0,0,0,0,0,0,0,0,0,5,5,22.65423406060606,82.20022463636361
49359,STATE - NCT OF DELHI,Other personal service activities n.e.c.,1936,1504,432,22,18,4,1914,1486,428,248,177,71,2,2,0,246,175,71,2184,3.4814814814814814,22.65423406060606,82.20022463636361
49360,STATE - NCT OF DELHI,Undifferentiated goods- and services-producing activities of private,53,37,16,0,0,0,53,37,16,15,12,3,0,0,0,15,12,3,68,2.3125,22.65423406060606,82.20022463636361
49361,STATE - NCT OF DELHI,Undifferentiated goods-producing activities of private households for own,26,15,11,0,0,0,26,15,11,12,9,3,0,0,0,12,9,3,38,1.3636363636363635,22.65423406060606,82.20022463636361
49362,STATE - NCT OF DELHI,Undifferentiated goods-producing activities of private households for own,26,15,11,0,0,0,26,15,11,12,9,3,0,0,0,12,9,3,38,1.3636363636363635,22.65423406060606,82.20022463636361
49363,STATE - NCT OF DELHI,Undifferentiated service-producing activities of private households for own,27,22,5,0,0,0,27,22,5,3,3,0,0,0,0,3,3,0,30,4.4,22.65423406060606,82.20022463636361
49364,STATE - NCT OF DELHI,Undifferentiated service-producing activities of private households for own,27,22,5,0,0,0,27,22,5,3,3,0,0,0,0,3,3,0,30,4.4,22.65423406060606,82.20022463636361
49365,STATE - NCT OF DELHI,Activities of extraterritorial organizations and bodies,12244,7290,4954,219,178,41,12025,7112,4913,7185,3280,3905,104,32,72,7081,3248,3833,19429,1.4715381509890997,22.65423406060606,82.20022463636361
49366,STATE - NCT OF DELHI,Activities of extraterritorial organizations and bodies,673,628,45,12,12,0,661,616,45,47,44,3,0,0,0,47,44,3,720,13.955555555555556,22.65423406060606,82.20022463636361
49367,STATE - NCT OF DELHI,Activities of extraterritorial organizations and bodies,673,628,45,12,12,0,661,616,45,47,44,3,0,0,0,47,44,3,720,13.955555555555556,22.65423406060606,82.20022463636361
49368,STATE - NCT OF DELHI,Blank,8712,4869,3843,131,96,35,8581,4773,3808,5667,2682,2985,74,24,50,5593,2658,2935,14379,1.2669789227166277,22.65423406060606,82.20022463636361
49369,STATE - NCT OF DELHI,Blank,8712,4869,3843,131,96,35,8581,4773,3808,5667,2682,2985,74,24,50,5593,2658,2935,14379,1.2669789227166277,22.65423406060606,82.20022463636361
49370,STATE - NCT OF DELHI,Incomplete description/ Wrongly Classifed,2859,1793,1066,76,70,6,2783,1723,1060,1471,554,917,30,8,22,1441,546,895,4330,1.6819887429643527,22.65423406060606,82.20022463636361
49371,STATE - NCT OF DELHI,Incomplete description/ Wrongly Classifed,2859,1793,1066,76,70,6,2783,1723,1060,1471,554,917,30,8,22,1441,546,895,4330,1.6819887429643527,22.65423406060606,82.20022463636361
