,IndiaStates,NIC_Name,Main_Workers__Total___Persons,Main_Workers__Total__Males,Main_Workers__Total__Females,Main_Workers__Rural___Persons,Main_Workers__Rural__Males,Main_Workers__Rural__Females,Main_Workers__Urban___Persons,Main_Workers__Urban__Males,Main_Workers__Urban__Females,Marginal_Workers__Total___Persons,Marginal_Workers__Total__Males,Marginal_Workers__Total__Females,Marginal_Workers__Rural___Persons,Marginal_Workers__Rural__Males,Marginal_Workers__Rural__Females,Marginal_Workers__Urban___Persons,Marginal_Workers__Urban__Males,Marginal_Workers__Urban__Females,TotalWorkers,MaleFemaleRatio,Latitude,Longitude
94742,STATE - KARNATAKA,Growing of non-perennial crops,17862,10992,6870,12786,7631,5155,5076,3361,1715,11453,5409,6044,9980,4696,5284,1473,713,760,29315,1.6,27.100399,93.616601
94743,STATE - KARNATAKA,"Growing of cereals (except rice), leguminous crops and oil seeds",13755,8496,5259,9729,5827,3902,4026,2669,1357,8852,4188,4664,7872,3723,4149,980,465,515,22607,1.6155162578436966,26.749981,94.216667
94744,STATE - KARNATAKA,Growing of rice,2746,1693,1053,1961,1159,802,785,534,251,1905,877,1028,1558,694,864,347,183,164,4651,1.6077872744539412,25.785414,87.479973
94745,STATE - KARNATAKA,"Growing of vegetables and melons, roots and tubers",509,299,210,307,181,126,202,118,84,255,96,159,231,93,138,24,3,21,764,1.423809523809524,30.719997,76.780006
94746,STATE - KARNATAKA,Growing of sugar cane,710,455,255,672,429,243,38,26,12,336,212,124,217,153,64,119,59,60,1046,1.7843137254901962,22.09042,82.159987
94747,STATE - KARNATAKA,Growing of tobacco,0,0,0,0,0,0,0,0,0,3,3,0,0,0,0,3,3,0,3,0,20.266578,73.016618
94748,STATE - KARNATAKA,Growing of fibre crops,10,2,8,2,0,2,8,2,6,0,0,0,0,0,0,0,0,0,10,0.25,28.669993,77.230004
94749,STATE - KARNATAKA,Growing of other non-perennial crop,132,47,85,115,35,80,17,12,5,102,33,69,102,33,69,0,0,0,234,0.5529411764705883,15.491997,73.818001
94750,STATE - KARNATAKA,Growing of grapes,192,105,87,179,102,77,13,3,10,70,40,30,70,40,30,0,0,0,262,1.206896551724138,31.100025,77.166597
94751,STATE - KARNATAKA,Growing of tropical and subtropical fruits,71,45,26,65,39,26,6,6,0,36,12,24,36,12,24,0,0,0,107,1.7307692307692308,34.299959,74.466658
94752,STATE - KARNATAKA,Growing of citrus fruits,5,0,5,3,0,3,2,0,2,0,0,0,0,0,0,0,0,0,5,0,23.800393,86.419986
94753,STATE - KARNATAKA,Growing of pome fruits and stone fruits,0,0,0,0,0,0,0,0,0,6,0,6,6,0,6,0,0,0,6,0,12.570381,76.919997
94754,STATE - KARNATAKA,Growing of other tree and bush fruits and nuts,23158,15609,7549,22179,15056,7123,979,553,426,2939,1071,1868,2701,986,1715,238,85,153,26097,2.067691084911909,8.900373,76.569993
94755,STATE - KARNATAKA,Growing of oleaginous fruits,2723,1983,740,2388,1748,640,335,235,100,402,276,126,374,261,113,28,15,13,3125,2.6797297297297296,10.562573,72.636867
94756,STATE - KARNATAKA,"Growing of spices, aromatic, drug and pharmaceutical crops",210,106,104,178,100,78,32,6,26,44,14,30,32,8,24,12,6,6,254,1.0192307692307692,19.250232,73.160175
94757,STATE - KARNATAKA,Growing of other perennial crops,2038,1372,666,1955,1322,633,83,50,33,250,118,132,234,104,130,16,14,2,2288,2.06006006006006,24.799971,93.950017
94758,STATE - KARNATAKA,Plant propagation,1536,971,565,1023,612,411,513,359,154,279,157,122,213,122,91,66,35,31,1815,1.71858407079646,25.570492,91.880014
94759,STATE - KARNATAKA,Plant propagation,1536,971,565,1023,612,411,513,359,154,279,157,122,213,122,91,66,35,31,1815,1.71858407079646,23.710399,92.720015
94760,STATE - KARNATAKA,Animal production,21102,13123,7979,18910,11608,7302,2192,1515,677,7826,3689,4137,7400,3436,3964,426,253,173,28928,1.644692317332999,25.666998,94.11657
94761,STATE - KARNATAKA,Raising of cattle and buffaloes,8887,4732,4155,8068,4202,3866,819,530,289,4133,1734,2399,3904,1608,2296,229,126,103,13020,1.1388688327316483,19.82043,85.900017
94762,STATE - KARNATAKA,Raising of horses and other equines,82,60,22,52,36,16,30,24,6,17,12,5,17,12,5,0,0,0,99,2.727272727272727,11.934994,79.83
94763,STATE - KARNATAKA,Raising and breeding of camels and camelids,12,12,0,12,12,0,0,0,0,2,0,2,2,0,2,0,0,0,14,12,31.519974,75.980003
94764,STATE - KARNATAKA,Raising of sheep and goats,8523,5934,2589,8014,5600,2414,509,334,175,2788,1557,1231,2653,1476,1177,135,81,54,11311,2.292004634994206,26.449999,74.639981
94765,STATE - KARNATAKA,Raising of swine/pigs,694,550,144,379,275,104,315,275,40,86,56,30,74,44,30,12,12,0,780,3.8194444444444446,27.33333,88.616647
94766,STATE - KARNATAKA,Raising of poultry,1692,1077,615,1460,902,558,232,175,57,488,191,297,460,169,291,28,22,6,2180,1.751219512195122,12.920386,79.150042
94767,STATE - KARNATAKA,Raising of other animals,1212,758,454,925,581,344,287,177,110,312,139,173,290,127,163,22,12,10,1524,1.669603524229075,23.835404,91.279999
94768,STATE - KARNATAKA,Mixed farming,16,10,6,14,8,6,2,2,0,0,0,0,0,0,0,0,0,0,16,1.6666666666666667,27.599981,78.050006
94769,STATE - KARNATAKA,Mixed farming,16,10,6,14,8,6,2,2,0,0,0,0,0,0,0,0,0,0,16,1.6666666666666667,30.320409,78.050006
94770,STATE - KARNATAKA,Support activities for crop production,25200,14734,10466,20128,11712,8416,5072,3022,2050,16485,7761,8724,14746,6985,7761,1739,776,963,41685,1.4077966749474489,22.65423406060606,82.20022463636361
94771,STATE - KARNATAKA,Support activities for animal production,13,9,4,9,9,0,4,0,4,18,0,18,18,0,18,0,0,0,31,2.25,22.65423406060606,82.20022463636361
94772,STATE - KARNATAKA,Post-harvest crop activities,29611,16684,12927,22616,12753,9863,6995,3931,3064,17423,8033,9390,15007,6969,8038,2416,1064,1352,47034,1.2906320105206155,22.65423406060606,82.20022463636361
94773,STATE - KARNATAKA,Seed processing for propagation,185,88,97,105,30,75,80,58,22,33,12,21,33,12,21,0,0,0,218,0.9072164948453608,22.65423406060606,82.20022463636361
94774,STATE - KARNATAKA,"Hunting, trapping and related service activities",9,9,0,9,9,0,0,0,0,12,12,0,12,12,0,0,0,0,21,9,22.65423406060606,82.20022463636361
94775,STATE - KARNATAKA,"Hunting, trapping and related service activities",9,9,0,9,9,0,0,0,0,12,12,0,12,12,0,0,0,0,21,9,22.65423406060606,82.20022463636361
94776,STATE - KARNATAKA,Forestry and logging,5278,4657,621,3828,3361,467,1450,1296,154,1290,958,332,1048,753,295,242,205,37,6568,7.499194847020934,22.65423406060606,82.20022463636361
94777,STATE - KARNATAKA,Silviculture and other forestry activities,177,135,42,115,92,23,62,43,19,35,23,12,33,21,12,2,2,0,212,3.2142857142857144,22.65423406060606,82.20022463636361
94778,STATE - KARNATAKA,Silviculture and other forestry activities,177,135,42,115,92,23,62,43,19,35,23,12,33,21,12,2,2,0,212,3.2142857142857144,22.65423406060606,82.20022463636361
94779,STATE - KARNATAKA,Logging,3445,3017,428,2547,2204,343,898,813,85,1073,779,294,885,626,259,188,153,35,4518,7.049065420560748,22.65423406060606,82.20022463636361
94780,STATE - KARNATAKA,Logging,3445,3017,428,2547,2204,343,898,813,85,1073,779,294,885,626,259,188,153,35,4518,7.049065420560748,22.65423406060606,82.20022463636361
94781,STATE - KARNATAKA,Gathering of non-wood forest products,233,185,48,174,136,38,59,49,10,49,39,10,35,27,8,14,12,2,282,3.8541666666666665,22.65423406060606,82.20022463636361
94782,STATE - KARNATAKA,Gathering of non-wood forest products,233,185,48,174,136,38,59,49,10,49,39,10,35,27,8,14,12,2,282,3.8541666666666665,22.65423406060606,82.20022463636361
94783,STATE - KARNATAKA,Support services to forestry,1423,1320,103,992,929,63,431,391,40,133,117,16,95,79,16,38,38,0,1556,12.815533980582524,22.65423406060606,82.20022463636361
94784,STATE - KARNATAKA,Support services to forestry,1423,1320,103,992,929,63,431,391,40,133,117,16,95,79,16,38,38,0,1556,12.815533980582524,22.65423406060606,82.20022463636361
94785,STATE - KARNATAKA,Fishing and aquaculture,6253,5717,536,5517,5045,472,736,672,64,589,486,103,460,389,71,129,97,32,6842,10.666044776119405,22.65423406060606,82.20022463636361
94786,STATE - KARNATAKA,Fishing,6002,5512,490,5316,4866,450,686,646,40,541,455,86,421,367,54,120,88,32,6543,11.248979591836736,22.65423406060606,82.20022463636361
94787,STATE - KARNATAKA,Marine fishing,4168,4034,134,3777,3663,114,391,371,20,233,218,15,206,200,6,27,18,9,4401,30.104477611940297,22.65423406060606,82.20022463636361
94788,STATE - KARNATAKA,Freash water fishing,1834,1478,356,1539,1203,336,295,275,20,308,237,71,215,167,48,93,70,23,2142,4.151685393258427,22.65423406060606,82.20022463636361
94789,STATE - KARNATAKA,Aquaculture,251,205,46,201,179,22,50,26,24,48,31,17,39,22,17,9,9,0,299,4.456521739130435,22.65423406060606,82.20022463636361
94790,STATE - KARNATAKA,Marine aquaculture,95,73,22,71,67,4,24,6,18,12,3,9,9,0,9,3,3,0,107,3.3181818181818183,22.65423406060606,82.20022463636361
94791,STATE - KARNATAKA,Freshwater aquaculture,156,132,24,130,112,18,26,20,6,36,28,8,30,22,8,6,6,0,192,5.5,22.65423406060606,82.20022463636361
94792,STATE - KARNATAKA,Mining of coal and lignite,99,92,7,82,78,4,17,14,3,9,6,3,6,6,0,3,0,3,108,13.142857142857142,22.65423406060606,82.20022463636361
94793,STATE - KARNATAKA,Mining of hard coal,79,74,5,64,62,2,15,12,3,0,0,0,0,0,0,0,0,0,79,14.8,22.65423406060606,82.20022463636361
94794,STATE - KARNATAKA,Mining of hard coal,79,74,5,64,62,2,15,12,3,0,0,0,0,0,0,0,0,0,79,14.8,22.65423406060606,82.20022463636361
94795,STATE - KARNATAKA,Mining of lignite,20,18,2,18,16,2,2,2,0,9,6,3,6,6,0,3,0,3,29,9,22.65423406060606,82.20022463636361
94796,STATE - KARNATAKA,Mining of lignite,20,18,2,18,16,2,2,2,0,9,6,3,6,6,0,3,0,3,29,9,22.65423406060606,82.20022463636361
94797,STATE - KARNATAKA,Extraction of crude petroleum and natural gas,232,176,56,202,156,46,30,20,10,24,12,12,24,12,12,0,0,0,256,3.142857142857143,22.65423406060606,82.20022463636361
94798,STATE - KARNATAKA,Extraction of crude petroleum,230,174,56,202,156,46,28,18,10,24,12,12,24,12,12,0,0,0,254,3.107142857142857,22.65423406060606,82.20022463636361
94799,STATE - KARNATAKA,Extraction of crude petroleum,230,174,56,202,156,46,28,18,10,24,12,12,24,12,12,0,0,0,254,3.107142857142857,22.65423406060606,82.20022463636361
94800,STATE - KARNATAKA,Extraction of natural gas,2,2,0,0,0,0,2,2,0,0,0,0,0,0,0,0,0,0,2,2,22.65423406060606,82.20022463636361
94801,STATE - KARNATAKA,Extraction of natural gas,2,2,0,0,0,0,2,2,0,0,0,0,0,0,0,0,0,0,2,2,22.65423406060606,82.20022463636361
94802,STATE - KARNATAKA,Mining of metal ores,2677,2345,332,1087,891,196,1590,1454,136,262,210,52,156,128,28,106,82,24,2939,7.063253012048193,22.65423406060606,82.20022463636361
94803,STATE - KARNATAKA,Mining of iron ores,1825,1576,249,846,692,154,979,884,95,149,131,18,90,84,6,59,47,12,1974,6.329317269076305,22.65423406060606,82.20022463636361
94804,STATE - KARNATAKA,Mining of iron ores,1825,1576,249,846,692,154,979,884,95,149,131,18,90,84,6,59,47,12,1974,6.329317269076305,22.65423406060606,82.20022463636361
94805,STATE - KARNATAKA,Mining of non-ferrous metal ores,852,769,83,241,199,42,611,570,41,113,79,34,66,44,22,47,35,12,965,9.265060240963855,22.65423406060606,82.20022463636361
94806,STATE - KARNATAKA,Mining of other non-ferrous metal ores,852,769,83,241,199,42,611,570,41,113,79,34,66,44,22,47,35,12,965,9.265060240963855,22.65423406060606,82.20022463636361
94807,STATE - KARNATAKA,Other mining and quarrying,53824,38907,14917,41207,30019,11188,12617,8888,3729,10034,6032,4002,7462,4398,3064,2572,1634,938,63858,2.608232218274452,22.65423406060606,82.20022463636361
94808,STATE - KARNATAKA,"Quarrying of stone, sand and clay",51832,37426,14406,39594,28832,10762,12238,8594,3644,9762,5847,3915,7218,4239,2979,2544,1608,936,61594,2.5979453005692075,22.65423406060606,82.20022463636361
94809,STATE - KARNATAKA,"Quarrying of stone, sand and clay",51832,37426,14406,39594,28832,10762,12238,8594,3644,9762,5847,3915,7218,4239,2979,2544,1608,936,61594,2.5979453005692075,22.65423406060606,82.20022463636361
94810,STATE - KARNATAKA,Mining and quarrying n.e.c.,1992,1481,511,1613,1187,426,379,294,85,272,185,87,244,159,85,28,26,2,2264,2.898238747553816,22.65423406060606,82.20022463636361
94811,STATE - KARNATAKA,Mining of chemical and fertilizer minerals,17,14,3,11,11,0,6,3,3,0,0,0,0,0,0,0,0,0,17,4.666666666666667,22.65423406060606,82.20022463636361
94812,STATE - KARNATAKA,Extraction and agglomeration of peat,279,220,59,210,168,42,69,52,17,14,12,2,6,6,0,8,6,2,293,3.7288135593220337,22.65423406060606,82.20022463636361
94813,STATE - KARNATAKA,Extraction of salt,232,118,114,218,104,114,14,14,0,48,28,20,48,28,20,0,0,0,280,1.0350877192982455,22.65423406060606,82.20022463636361
94814,STATE - KARNATAKA,Other mining and quarrying n.e.c.,1464,1129,335,1174,904,270,290,225,65,210,145,65,190,125,65,20,20,0,1674,3.370149253731343,22.65423406060606,82.20022463636361
94815,STATE - KARNATAKA,Mining support service activities,66,54,12,60,48,12,6,6,0,0,0,0,0,0,0,0,0,0,66,4.5,22.65423406060606,82.20022463636361
94816,STATE - KARNATAKA,Support activities for petroleum and natural gas mining,12,12,0,6,6,0,6,6,0,0,0,0,0,0,0,0,0,0,12,12,22.65423406060606,82.20022463636361
94817,STATE - KARNATAKA,Support activities for petroleum and natural gas mining,12,12,0,6,6,0,6,6,0,0,0,0,0,0,0,0,0,0,12,12,22.65423406060606,82.20022463636361
94818,STATE - KARNATAKA,Support activities for other mining and quarrying,54,42,12,54,42,12,0,0,0,0,0,0,0,0,0,0,0,0,54,3.5,22.65423406060606,82.20022463636361
94819,STATE - KARNATAKA,Support activities for other mining and quarrying,54,42,12,54,42,12,0,0,0,0,0,0,0,0,0,0,0,0,54,3.5,22.65423406060606,82.20022463636361
94820,STATE - KARNATAKA,Manufacture of food products,29430,17499,11931,18826,10743,8083,10604,6756,3848,9137,4404,4733,7145,3381,3764,1992,1023,969,38567,1.466683429720895,22.65423406060606,82.20022463636361
94821,STATE - KARNATAKA,Processing and preserving of meat,183,132,51,108,67,41,75,65,10,63,28,35,63,28,35,0,0,0,246,2.588235294117647,22.65423406060606,82.20022463636361
94822,STATE - KARNATAKA,Processing and preserving of meat,183,132,51,108,67,41,75,65,10,63,28,35,63,28,35,0,0,0,246,2.588235294117647,22.65423406060606,82.20022463636361
94823,STATE - KARNATAKA,"Processing and preserving of fish, crustaceans and molluscs",448,342,106,365,287,78,83,55,28,97,68,29,88,68,20,9,0,9,545,3.2264150943396226,22.65423406060606,82.20022463636361
94824,STATE - KARNATAKA,"Processing and preserving of fish, crustaceans and molluscs and",448,342,106,365,287,78,83,55,28,97,68,29,88,68,20,9,0,9,545,3.2264150943396226,22.65423406060606,82.20022463636361
94825,STATE - KARNATAKA,Processing and preserving of fruit and vegetables,1071,569,502,548,293,255,523,276,247,234,124,110,123,46,77,111,78,33,1305,1.1334661354581674,22.65423406060606,82.20022463636361
94826,STATE - KARNATAKA,Processing and preserving of fruit and vegetables,1071,569,502,548,293,255,523,276,247,234,124,110,123,46,77,111,78,33,1305,1.1334661354581674,22.65423406060606,82.20022463636361
94827,STATE - KARNATAKA,Manufacture of vegetable and animal oils and fats,1056,671,385,526,329,197,530,342,188,312,173,139,215,136,79,97,37,60,1368,1.7428571428571429,22.65423406060606,82.20022463636361
94828,STATE - KARNATAKA,Manufacture of vegetable and animal oils and fats,1056,671,385,526,329,197,530,342,188,312,173,139,215,136,79,97,37,60,1368,1.7428571428571429,22.65423406060606,82.20022463636361
94829,STATE - KARNATAKA,Manufacture of dairy products,3420,2317,1103,2025,1343,682,1395,974,421,1689,704,985,1340,518,822,349,186,163,5109,2.100634632819583,22.65423406060606,82.20022463636361
94830,STATE - KARNATAKA,Manufacture of dairy products,3420,2317,1103,2025,1343,682,1395,974,421,1689,704,985,1340,518,822,349,186,163,5109,2.100634632819583,22.65423406060606,82.20022463636361
94831,STATE - KARNATAKA,"Manufacture of grain mill products, starches and starch products",8928,6060,2868,5424,3644,1780,3504,2416,1088,4478,1993,2485,3850,1692,2158,628,301,327,13406,2.1129707112970717,22.65423406060606,82.20022463636361
94832,STATE - KARNATAKA,Manufacture of grain mill products,8865,6015,2850,5406,3632,1774,3459,2383,1076,4470,1993,2477,3844,1692,2152,626,301,325,13335,2.110526315789474,22.65423406060606,82.20022463636361
94833,STATE - KARNATAKA,Manufacture of starches and starch products,63,45,18,18,12,6,45,33,12,8,0,8,6,0,6,2,0,2,71,2.5,22.65423406060606,82.20022463636361
94834,STATE - KARNATAKA,Manufacture of other food products,14258,7350,6908,9798,4748,5050,4460,2602,1858,2252,1302,950,1454,881,573,798,421,377,16510,1.0639837869137232,22.65423406060606,82.20022463636361
94835,STATE - KARNATAKA,Manufacture of bakery products,1537,1299,238,765,691,74,772,608,164,218,156,62,93,75,18,125,81,44,1755,5.457983193277311,22.65423406060606,82.20022463636361
94836,STATE - KARNATAKA,Manufacture of sugar,3224,2976,248,2490,2303,187,734,673,61,586,478,108,470,388,82,116,90,26,3810,12,22.65423406060606,82.20022463636361
94837,STATE - KARNATAKA,"Manufacture of cocoa, chocolate and sugar confectionery",579,442,137,352,295,57,227,147,80,62,51,11,54,48,6,8,3,5,641,3.2262773722627736,22.65423406060606,82.20022463636361
94838,STATE - KARNATAKA,"Manufacture of macaroni, noodles, couscous and similar farinaceous",40,13,27,3,0,3,37,13,24,3,0,3,0,0,0,3,0,3,43,0.4814814814814814,22.65423406060606,82.20022463636361
94839,STATE - KARNATAKA,Manufacture of prepared meals and dishes,1555,971,584,718,448,270,837,523,314,461,247,214,221,135,86,240,112,128,2016,1.6626712328767124,22.65423406060606,82.20022463636361
94840,STATE - KARNATAKA,Manufacture of other food products n.e.c.,7323,1649,5674,5470,1011,4459,1853,638,1215,922,370,552,616,235,381,306,135,171,8245,0.2906238984843144,22.65423406060606,82.20022463636361
94841,STATE - KARNATAKA,Manufacture of prepared animal feeds,66,58,8,32,32,0,34,26,8,12,12,0,12,12,0,0,0,0,78,7.25,22.65423406060606,82.20022463636361
94842,STATE - KARNATAKA,Manufacture of prepared animal feeds,66,58,8,32,32,0,34,26,8,12,12,0,12,12,0,0,0,0,78,7.25,22.65423406060606,82.20022463636361
94843,STATE - KARNATAKA,Manufacture of beverages,1652,1081,571,942,535,407,710,546,164,158,107,51,91,51,40,67,56,11,1810,1.893169877408056,22.65423406060606,82.20022463636361
94844,STATE - KARNATAKA,Manufacture of beverages,1652,1081,571,942,535,407,710,546,164,158,107,51,91,51,40,67,56,11,1810,1.893169877408056,22.65423406060606,82.20022463636361
94845,STATE - KARNATAKA,"Distilling, rectifying and blending of spirits; ethyl alcohol production",408,218,190,272,138,134,136,80,56,22,12,10,20,10,10,2,2,0,430,1.1473684210526316,22.65423406060606,82.20022463636361
94846,STATE - KARNATAKA,Manufacture of wines,48,24,24,36,12,24,12,12,0,14,8,6,8,2,6,6,6,0,62,1,22.65423406060606,82.20022463636361
94847,STATE - KARNATAKA,Manufacture of malt liquors and malt,309,166,143,198,84,114,111,82,29,15,9,6,6,6,0,9,3,6,324,1.1608391608391608,22.65423406060606,82.20022463636361
94848,STATE - KARNATAKA,Manufacture of soft drinks; production of mineral waters and other,887,673,214,436,301,135,451,372,79,107,78,29,57,33,24,50,45,5,994,3.1448598130841123,22.65423406060606,82.20022463636361
94849,STATE - KARNATAKA,Manufacture of textiles,24455,14798,9657,12790,7288,5502,11665,7510,4155,8227,3987,4240,5574,2500,3074,2653,1487,1166,32682,1.5323599461530495,22.65423406060606,82.20022463636361
94850,STATE - KARNATAKA,"Spinning, weaving and finishing of textiles",20205,12821,7384,10047,6125,3922,10158,6696,3462,6692,3608,3084,4483,2276,2207,2209,1332,877,26897,1.7363217768147343,22.65423406060606,82.20022463636361
94851,STATE - KARNATAKA,Preparation and spinning of textile fibres,9719,5955,3764,5351,3222,2129,4368,2733,1635,5138,2774,2364,3579,1827,1752,1559,947,612,14857,1.5820935175345376,22.65423406060606,82.20022463636361
94852,STATE - KARNATAKA,Weaving of textiles,7842,5312,2530,3474,2261,1213,4368,3051,1317,1073,597,476,637,346,291,436,251,185,8915,2.099604743083004,22.65423406060606,82.20022463636361
94853,STATE - KARNATAKA,Finishing of textiles,2644,1554,1090,1222,642,580,1422,912,510,481,237,244,267,103,164,214,134,80,3125,1.4256880733944954,22.65423406060606,82.20022463636361
94854,STATE - KARNATAKA,Manufacture of other textiles,4250,1977,2273,2743,1163,1580,1507,814,693,1535,379,1156,1091,224,867,444,155,289,5785,0.8697756269247691,22.65423406060606,82.20022463636361
94855,STATE - KARNATAKA,Manufacture of knitted and crocheted fabrics,25,12,13,17,9,8,8,3,5,44,28,16,44,28,16,0,0,0,69,0.9230769230769232,22.65423406060606,82.20022463636361
94856,STATE - KARNATAKA,"Manufacture of made-up textile articles, except apparel",927,297,630,575,116,459,352,181,171,389,14,375,287,2,285,102,12,90,1316,0.4714285714285714,22.65423406060606,82.20022463636361
94857,STATE - KARNATAKA,Manufacture of carpets and rugs,397,195,202,183,70,113,214,125,89,148,67,81,64,33,31,84,34,50,545,0.9653465346534652,22.65423406060606,82.20022463636361
94858,STATE - KARNATAKA,"Manufacture of cordage, rope, twine and netting",2010,1050,960,1463,734,729,547,316,231,698,212,486,521,121,400,177,91,86,2708,1.09375,22.65423406060606,82.20022463636361
94859,STATE - KARNATAKA,Manufacture of other textiles n.e.c.,891,423,468,505,234,271,386,189,197,256,58,198,175,40,135,81,18,63,1147,0.903846153846154,22.65423406060606,82.20022463636361
94860,STATE - KARNATAKA,Manufacture of articles of fur,77,64,13,58,52,6,19,12,7,0,0,0,0,0,0,0,0,0,77,4.923076923076923,22.65423406060606,82.20022463636361
94861,STATE - KARNATAKA,Manufacture of articles of fur,77,64,13,58,52,6,19,12,7,0,0,0,0,0,0,0,0,0,77,4.923076923076923,22.65423406060606,82.20022463636361
94862,STATE - KARNATAKA,Manufacture of knitted and crocheted apparel,51,51,0,24,24,0,27,27,0,10,4,6,8,2,6,2,2,0,61,51,22.65423406060606,82.20022463636361
94863,STATE - KARNATAKA,Manufacture of knitted and crocheted apparel,51,51,0,24,24,0,27,27,0,10,4,6,8,2,6,2,2,0,61,51,22.65423406060606,82.20022463636361
94864,STATE - KARNATAKA,Manufacture of leather and related products,7883,6292,1591,3254,2610,644,4629,3682,947,989,663,326,589,346,243,400,317,83,8872,3.954745443117536,22.65423406060606,82.20022463636361
94865,STATE - KARNATAKA,"Tanning and dressing of leather; manufacture of luggage, handbags, saddlery",754,525,229,337,240,97,417,285,132,101,58,43,60,33,27,41,25,16,855,2.2925764192139737,22.65423406060606,82.20022463636361
94866,STATE - KARNATAKA,Tanning and dressing of leather; dressing and dyeing of fur,276,198,78,150,95,55,126,103,23,27,6,21,21,6,15,6,0,6,303,2.5384615384615383,22.65423406060606,82.20022463636361
94867,STATE - KARNATAKA,"Manufacture of luggage, handbags and the like, saddlery and harness",478,327,151,187,145,42,291,182,109,74,52,22,39,27,12,35,25,10,552,2.165562913907285,22.65423406060606,82.20022463636361
94868,STATE - KARNATAKA,Manufacture of footwear,7129,5767,1362,2917,2370,547,4212,3397,815,888,605,283,529,313,216,359,292,67,8017,4.234214390602056,22.65423406060606,82.20022463636361
94869,STATE - KARNATAKA,Manufacture of footwear,7129,5767,1362,2917,2370,547,4212,3397,815,888,605,283,529,313,216,359,292,67,8017,4.234214390602056,22.65423406060606,82.20022463636361
94870,STATE - KARNATAKA,"Manufacture of wood and products of wood and cork, except furniture;",31454,21426,10028,18892,11596,7296,12562,9830,2732,6521,3582,2939,4806,2433,2373,1715,1149,566,37975,2.136617471080973,22.65423406060606,82.20022463636361
94871,STATE - KARNATAKA,Sawmilling and planing of wood,2027,1822,205,886,812,74,1141,1010,131,263,211,52,147,119,28,116,92,24,2290,8.887804878048781,22.65423406060606,82.20022463636361
94872,STATE - KARNATAKA,Saw milling and planing of wood,2027,1822,205,886,812,74,1141,1010,131,263,211,52,147,119,28,116,92,24,2290,8.887804878048781,22.65423406060606,82.20022463636361
94873,STATE - KARNATAKA,"Manufacture of products of wood, cork, straw and plaiting materials",29427,19604,9823,18006,10784,7222,11421,8820,2601,6258,3371,2887,4659,2314,2345,1599,1057,542,35685,1.9957243204723607,22.65423406060606,82.20022463636361
94874,STATE - KARNATAKA,"Manufacture of veneer sheets; manufacture of plywood, laminboard,",322,251,71,166,119,47,156,132,24,25,25,0,6,6,0,19,19,0,347,3.535211267605634,22.65423406060606,82.20022463636361
94875,STATE - KARNATAKA,Manufacture of builders carpentry and joinery,2973,2907,66,1227,1203,24,1746,1704,42,396,384,12,190,188,2,206,196,10,3369,44.04545454545455,22.65423406060606,82.20022463636361
94876,STATE - KARNATAKA,Manufacture of wooden containers,13321,6980,6341,10731,5606,5125,2590,1374,1216,3007,1319,1688,2651,1177,1474,356,142,214,16328,1.1007727487777954,22.65423406060606,82.20022463636361
94877,STATE - KARNATAKA,"Manufacture of other products of wood; manufacture of articles of cork,",12811,9466,3345,5882,3856,2026,6929,5610,1319,2830,1643,1187,1812,943,869,1018,700,318,15641,2.829895366218236,22.65423406060606,82.20022463636361
94878,STATE - KARNATAKA,Manufacture of paper and paper products,2280,1845,435,505,401,104,1775,1444,331,388,339,49,89,69,20,299,270,29,2668,4.241379310344827,22.65423406060606,82.20022463636361
94879,STATE - KARNATAKA,Manufacture of paper and paper products,2280,1845,435,505,401,104,1775,1444,331,388,339,49,89,69,20,299,270,29,2668,4.241379310344827,22.65423406060606,82.20022463636361
94880,STATE - KARNATAKA,"Manufacture of pulp, paper and paperboard",878,764,114,169,125,44,709,639,70,142,135,7,26,24,2,116,111,5,1020,6.701754385964913,22.65423406060606,82.20022463636361
94881,STATE - KARNATAKA,Manufacture of corrugated paper and paperboard and containers of,395,269,126,118,88,30,277,181,96,21,18,3,5,5,0,16,13,3,416,2.134920634920635,22.65423406060606,82.20022463636361
94882,STATE - KARNATAKA,Manufacture of other articles of paper and paperboard,1007,812,195,218,188,30,789,624,165,225,186,39,58,40,18,167,146,21,1232,4.164102564102564,22.65423406060606,82.20022463636361
94883,STATE - KARNATAKA,Printing and reproduction of recorded media,3720,2983,737,470,376,94,3250,2607,643,279,205,74,70,47,23,209,158,51,3999,4.047489823609227,22.65423406060606,82.20022463636361
94884,STATE - KARNATAKA,Printing and service activities related to printing,3717,2983,734,470,376,94,3247,2607,640,279,205,74,70,47,23,209,158,51,3996,4.064032697547684,22.65423406060606,82.20022463636361
94885,STATE - KARNATAKA,Printing,1189,955,234,172,154,18,1017,801,216,87,72,15,29,29,0,58,43,15,1276,4.081196581196581,22.65423406060606,82.20022463636361
94886,STATE - KARNATAKA,Service activities related to printing,2528,2028,500,298,222,76,2230,1806,424,192,133,59,41,18,23,151,115,36,2720,4.056,22.65423406060606,82.20022463636361
94887,STATE - KARNATAKA,Reproduction of recorded media,3,0,3,0,0,0,3,0,3,0,0,0,0,0,0,0,0,0,3,0,22.65423406060606,82.20022463636361
94888,STATE - KARNATAKA,Reproduction of recorded media,3,0,3,0,0,0,3,0,3,0,0,0,0,0,0,0,0,0,3,0,22.65423406060606,82.20022463636361
94889,STATE - KARNATAKA,Manufacture of coke and refined petroleum products,550,444,106,208,168,40,342,276,66,68,49,19,28,14,14,40,35,5,618,4.188679245283019,22.65423406060606,82.20022463636361
94890,STATE - KARNATAKA,Manufacture of coke oven products,62,48,14,56,42,14,6,6,0,10,4,6,10,4,6,0,0,0,72,3.4285714285714284,22.65423406060606,82.20022463636361
94891,STATE - KARNATAKA,Manufacture of coke oven products,62,48,14,56,42,14,6,6,0,10,4,6,10,4,6,0,0,0,72,3.4285714285714284,22.65423406060606,82.20022463636361
94892,STATE - KARNATAKA,Manufacture of refined petroleum products,488,396,92,152,126,26,336,270,66,58,45,13,18,10,8,40,35,5,546,4.304347826086956,22.65423406060606,82.20022463636361
94893,STATE - KARNATAKA,Manufacture of refined petroleum products,488,396,92,152,126,26,336,270,66,58,45,13,18,10,8,40,35,5,546,4.304347826086956,22.65423406060606,82.20022463636361
94894,STATE - KARNATAKA,Manufacture of chemicals and chemical products,6181,2503,3678,1365,755,610,4816,1748,3068,1319,362,957,429,125,304,890,237,653,7500,0.6805328983143013,22.65423406060606,82.20022463636361
94895,STATE - KARNATAKA,"Manufacture of basic chemicals, fertilizer and nitrogen compounds, plastics",528,420,108,247,190,57,281,230,51,101,73,28,59,45,14,42,28,14,629,3.888888888888889,22.65423406060606,82.20022463636361
94896,STATE - KARNATAKA,Manufacture of basic chemicals,306,234,72,103,75,28,203,159,44,50,31,19,17,9,8,33,22,11,356,3.25,22.65423406060606,82.20022463636361
94897,STATE - KARNATAKA,Manufacture of fertilizers and nitrogen compounds,204,178,26,128,107,21,76,71,5,51,42,9,42,36,6,9,6,3,255,6.846153846153846,22.65423406060606,82.20022463636361
94898,STATE - KARNATAKA,Manufacture of plastics and synthetic rubber in primary forms,18,8,10,16,8,8,2,0,2,0,0,0,0,0,0,0,0,0,18,0.8,22.65423406060606,82.20022463636361
94899,STATE - KARNATAKA,Manufacture of other chemical products,5638,2074,3564,1106,559,547,4532,1515,3017,1209,280,929,364,74,290,845,206,639,6847,0.5819304152637486,22.65423406060606,82.20022463636361
94900,STATE - KARNATAKA,Manufacture of pesticides and other agrochemical products,70,68,2,6,6,0,64,62,2,6,0,6,0,0,0,6,0,6,76,34,22.65423406060606,82.20022463636361
94901,STATE - KARNATAKA,"Manufacture of paints, varnishes and similar coatings, printing ink and",439,362,77,95,81,14,344,281,63,48,36,12,14,6,8,34,30,4,487,4.701298701298701,22.65423406060606,82.20022463636361
94902,STATE - KARNATAKA,"Manufacture of soap and detergents, cleaning and polishing preparations,",4672,1290,3382,821,319,502,3851,971,2880,1114,209,905,332,50,282,782,159,623,5786,0.3814311058545239,22.65423406060606,82.20022463636361
94903,STATE - KARNATAKA,Manufacture of other chemical products n.e.c.,457,354,103,184,153,31,273,201,72,41,35,6,18,18,0,23,17,6,498,3.436893203883495,22.65423406060606,82.20022463636361
94904,STATE - KARNATAKA,Manufacture of man-made fibres,15,9,6,12,6,6,3,3,0,9,9,0,6,6,0,3,3,0,24,1.5,22.65423406060606,82.20022463636361
94905,STATE - KARNATAKA,Manufacture of man-made fibres,3,3,0,0,0,0,3,3,0,9,9,0,6,6,0,3,3,0,12,3,22.65423406060606,82.20022463636361
94906,STATE - KARNATAKA,Manufacture of anti-sprouting products,12,6,6,12,6,6,0,0,0,0,0,0,0,0,0,0,0,0,12,1,22.65423406060606,82.20022463636361
94907,STATE - KARNATAKA,"Manufacture of pharmaceuticals, medicinal chemical and botanical products",2020,1543,477,953,740,213,1067,803,264,165,99,66,81,51,30,84,48,36,2185,3.234800838574424,22.65423406060606,82.20022463636361
94908,STATE - KARNATAKA,"Manufacture of pharmaceuticals, medicinal chemical and botanical products",2020,1543,477,953,740,213,1067,803,264,165,99,66,81,51,30,84,48,36,2185,3.234800838574424,22.65423406060606,82.20022463636361
94909,STATE - KARNATAKA,"Manufacture of pharmaceuticals, medicinal chemical and botanical",2020,1543,477,953,740,213,1067,803,264,165,99,66,81,51,30,84,48,36,2185,3.234800838574424,22.65423406060606,82.20022463636361
94910,STATE - KARNATAKA,Manufacture of rubber and plastics products,2988,2212,776,1207,896,311,1781,1316,465,403,254,149,210,123,87,193,131,62,3391,2.850515463917526,22.65423406060606,82.20022463636361
94911,STATE - KARNATAKA,Manufacture of rubber products,1113,1043,70,362,334,28,751,709,42,125,123,2,32,32,0,93,91,2,1238,14.9,22.65423406060606,82.20022463636361
94912,STATE - KARNATAKA,Manufacture of rubber tyres and tubes; retreading and rebuilding of,797,754,43,213,199,14,584,555,29,94,94,0,30,30,0,64,64,0,891,17.53488372093023,22.65423406060606,82.20022463636361
94913,STATE - KARNATAKA,Manufacture of other rubber products,316,289,27,149,135,14,167,154,13,31,29,2,2,2,0,29,27,2,347,10.703703703703704,22.65423406060606,82.20022463636361
94914,STATE - KARNATAKA,Manufacture of plastics products,1875,1169,706,845,562,283,1030,607,423,278,131,147,178,91,87,100,40,60,2153,1.6558073654390937,22.65423406060606,82.20022463636361
94915,STATE - KARNATAKA,Manufacture of plastics products,1875,1169,706,845,562,283,1030,607,423,278,131,147,178,91,87,100,40,60,2153,1.6558073654390937,22.65423406060606,82.20022463636361
94916,STATE - KARNATAKA,Manufacture of other non-metallic mineral products,26190,18233,7957,16287,11160,5127,9903,7073,2830,6899,4108,2791,4797,2773,2024,2102,1335,767,33089,2.2914414980520297,22.65423406060606,82.20022463636361
94917,STATE - KARNATAKA,Manufacture of glass and glass products,692,464,228,222,132,90,470,332,138,74,37,37,38,10,28,36,27,9,766,2.0350877192982457,22.65423406060606,82.20022463636361
94918,STATE - KARNATAKA,Manufacture of glass and glass products,692,464,228,222,132,90,470,332,138,74,37,37,38,10,28,36,27,9,766,2.0350877192982457,22.65423406060606,82.20022463636361
94919,STATE - KARNATAKA,Manufacture of non-metallic mineral products n.e.c.,25498,17769,7729,16065,11028,5037,9433,6741,2692,6825,4071,2754,4759,2763,1996,2066,1308,758,32323,2.2990037521024718,22.65423406060606,82.20022463636361
94920,STATE - KARNATAKA,Manufacture of refractory products,4805,3251,1554,3431,2304,1127,1374,947,427,1512,901,611,1059,625,434,453,276,177,6317,2.092020592020592,22.65423406060606,82.20022463636361
94921,STATE - KARNATAKA,Manufacture of clay building materials,11633,7110,4523,8237,5114,3123,3396,1996,1400,3696,1986,1710,2708,1445,1263,988,541,447,15329,1.5719655096175105,22.65423406060606,82.20022463636361
94922,STATE - KARNATAKA,Manufacture of other porcelain and ceramic products,836,640,196,471,340,131,365,300,65,92,54,38,55,29,26,37,25,12,928,3.26530612244898,22.65423406060606,82.20022463636361
94923,STATE - KARNATAKA,"Manufacture of cement, lime and plaster",2512,2221,291,1010,886,124,1502,1335,167,427,344,83,169,121,48,258,223,35,2939,7.632302405498282,22.65423406060606,82.20022463636361
94924,STATE - KARNATAKA,"Manufacture of articles of concrete, cement and plaster",1117,899,218,482,363,119,635,536,99,104,77,27,70,52,18,34,25,9,1221,4.123853211009174,22.65423406060606,82.20022463636361
94925,STATE - KARNATAKA,"Cutting, shaping and finishing of stone",3939,3046,893,2092,1703,389,1847,1343,504,806,553,253,594,401,193,212,152,60,4745,3.4109742441209407,22.65423406060606,82.20022463636361
94926,STATE - KARNATAKA,Manufacture of other non-metallic mineral products n.e.c.,656,602,54,342,318,24,314,284,30,188,156,32,104,90,14,84,66,18,844,11.148148148148149,22.65423406060606,82.20022463636361
94927,STATE - KARNATAKA,Manufacture of basic metals,8240,7081,1159,3772,3072,700,4468,4009,459,766,528,238,422,254,168,344,274,70,9006,6.109577221742882,22.65423406060606,82.20022463636361
94928,STATE - KARNATAKA,Manufacture of basic iron and steel,5172,4551,621,2551,2167,384,2621,2384,237,486,336,150,275,161,114,211,175,36,5658,7.328502415458937,22.65423406060606,82.20022463636361
94929,STATE - KARNATAKA,Manufacture of basic iron and steel,5172,4551,621,2551,2167,384,2621,2384,237,486,336,150,275,161,114,211,175,36,5658,7.328502415458937,22.65423406060606,82.20022463636361
94930,STATE - KARNATAKA,Manufacture of basic precious and other non-ferrous metals,583,534,49,209,196,13,374,338,36,75,60,15,28,26,2,47,34,13,658,10.89795918367347,22.65423406060606,82.20022463636361
94931,STATE - KARNATAKA,Manufacture of basic precious and other non-ferrous metals,583,534,49,209,196,13,374,338,36,75,60,15,28,26,2,47,34,13,658,10.89795918367347,22.65423406060606,82.20022463636361
94932,STATE - KARNATAKA,Casting of metals,2485,1996,489,1012,709,303,1473,1287,186,205,132,73,119,67,52,86,65,21,2690,4.081799591002045,22.65423406060606,82.20022463636361
94933,STATE - KARNATAKA,Casting of iron and steel,1900,1433,467,933,635,298,967,798,169,178,109,69,110,58,52,68,51,17,2078,3.068522483940043,22.65423406060606,82.20022463636361
94934,STATE - KARNATAKA,Casting of non-ferrous metals,585,563,22,79,74,5,506,489,17,27,23,4,9,9,0,18,14,4,612,25.59090909090909,22.65423406060606,82.20022463636361
94935,STATE - KARNATAKA,"Manufacture of fabricated metal products, except machinery and equipment",8140,7601,539,2102,1897,205,6038,5704,334,847,788,59,336,306,30,511,482,29,8987,14.10204081632653,22.65423406060606,82.20022463636361
94936,STATE - KARNATAKA,"Manufacture of structural metal products, tanks, reservoirs and steam",4306,4145,161,723,692,31,3583,3453,130,354,340,14,75,75,0,279,265,14,4660,25.74534161490683,22.65423406060606,82.20022463636361
94937,STATE - KARNATAKA,Manufacture of structural metal products,3891,3755,136,622,600,22,3269,3155,114,283,269,14,45,45,0,238,224,14,4174,27.610294117647054,22.65423406060606,82.20022463636361
94938,STATE - KARNATAKA,"Manufacture of tanks, reservoirs and containers of metal",385,360,25,95,86,9,290,274,16,68,68,0,30,30,0,38,38,0,453,14.4,22.65423406060606,82.20022463636361
94939,STATE - KARNATAKA,"Manufacture of steam generators, except central heating hot water",30,30,0,6,6,0,24,24,0,3,3,0,0,0,0,3,3,0,33,30,22.65423406060606,82.20022463636361
94940,STATE - KARNATAKA,Manufacture of weapons and ammunition,18,9,9,12,6,6,6,3,3,6,0,6,0,0,0,6,0,6,24,1,22.65423406060606,82.20022463636361
94941,STATE - KARNATAKA,Manufacture of weapons and ammunition,18,9,9,12,6,6,6,3,3,6,0,6,0,0,0,6,0,6,24,1,22.65423406060606,82.20022463636361
94942,STATE - KARNATAKA,Manufacture of other fabricated metal products; metalworking service,3816,3447,369,1367,1199,168,2449,2248,201,487,448,39,261,231,30,226,217,9,4303,9.341463414634148,22.65423406060606,82.20022463636361
94943,STATE - KARNATAKA,"Forging, pressing, stamping and roll-forming of metal; powder",138,112,26,66,56,10,72,56,16,29,23,6,21,21,0,8,2,6,167,4.307692307692308,22.65423406060606,82.20022463636361
94944,STATE - KARNATAKA,Machining; treatment and coating of metals,70,68,2,23,23,0,47,45,2,72,58,14,72,58,14,0,0,0,142,34,22.65423406060606,82.20022463636361
94945,STATE - KARNATAKA,"Manufacture of cutlery, hand tools and general hardware",1662,1524,138,645,573,72,1017,951,66,207,202,5,79,77,2,128,125,3,1869,11.043478260869565,22.65423406060606,82.20022463636361
94946,STATE - KARNATAKA,Manufacture of other fabricated metal products n.e.c.,1946,1743,203,633,547,86,1313,1196,117,179,165,14,89,75,14,90,90,0,2125,8.586206896551724,22.65423406060606,82.20022463636361
94947,STATE - KARNATAKA,"Manufacture of computer, electronic and optical products",3678,2944,734,663,552,111,3015,2392,623,237,173,64,84,76,8,153,97,56,3915,4.010899182561308,22.65423406060606,82.20022463636361
94948,STATE - KARNATAKA,Manufacture of electronic components,1246,948,298,187,163,24,1059,785,274,72,45,27,12,12,0,60,33,27,1318,3.1812080536912752,22.65423406060606,82.20022463636361
94949,STATE - KARNATAKA,Manufacture of electronic components,1246,948,298,187,163,24,1059,785,274,72,45,27,12,12,0,60,33,27,1318,3.1812080536912752,22.65423406060606,82.20022463636361
94950,STATE - KARNATAKA,Manufacture of computers and peripheral equipment,367,304,63,109,99,10,258,205,53,24,15,9,12,6,6,12,9,3,391,4.825396825396825,22.65423406060606,82.20022463636361
94951,STATE - KARNATAKA,Manufacture of computers and peripheral equipment,367,304,63,109,99,10,258,205,53,24,15,9,12,6,6,12,9,3,391,4.825396825396825,22.65423406060606,82.20022463636361
94952,STATE - KARNATAKA,Manufacture of communication equipment,739,658,81,178,168,10,561,490,71,65,52,13,28,26,2,37,26,11,804,8.123456790123457,22.65423406060606,82.20022463636361
94953,STATE - KARNATAKA,Manufacture of communication equipment,739,658,81,178,168,10,561,490,71,65,52,13,28,26,2,37,26,11,804,8.123456790123457,22.65423406060606,82.20022463636361
94954,STATE - KARNATAKA,Manufacture of consumer electronics,405,317,88,42,34,8,363,283,80,34,24,10,6,6,0,28,18,10,439,3.602272727272727,22.65423406060606,82.20022463636361
94955,STATE - KARNATAKA,Manufacture of consumer electronics,405,317,88,42,34,8,363,283,80,34,24,10,6,6,0,28,18,10,439,3.602272727272727,22.65423406060606,82.20022463636361
94956,STATE - KARNATAKA,"Manufacture of measuring, testing, navigating and control equipment;",902,701,201,139,80,59,763,621,142,42,37,5,26,26,0,16,11,5,944,3.487562189054726,22.65423406060606,82.20022463636361
94957,STATE - KARNATAKA,"Manufacture of measuring, testing, navigating and control equipment",313,266,47,21,12,9,292,254,38,23,20,3,12,12,0,11,8,3,336,5.659574468085107,22.65423406060606,82.20022463636361
94958,STATE - KARNATAKA,Manufacture of watches and clocks,589,435,154,118,68,50,471,367,104,19,17,2,14,14,0,5,3,2,608,2.824675324675325,22.65423406060606,82.20022463636361
94959,STATE - KARNATAKA,"Manufacture of irradiation, electromedical and electrotherapeutic",3,0,3,0,0,0,3,0,3,0,0,0,0,0,0,0,0,0,3,0,22.65423406060606,82.20022463636361
94960,STATE - KARNATAKA,"Manufacture of irradiation, electromedical and electrotherapeutic",3,0,3,0,0,0,3,0,3,0,0,0,0,0,0,0,0,0,3,0,22.65423406060606,82.20022463636361
94961,STATE - KARNATAKA,Manufacture of optical instruments and equipment,8,8,0,6,6,0,2,2,0,0,0,0,0,0,0,0,0,0,8,8,22.65423406060606,82.20022463636361
94962,STATE - KARNATAKA,Manufacture of optical instruments and equipment,8,8,0,6,6,0,2,2,0,0,0,0,0,0,0,0,0,0,8,8,22.65423406060606,82.20022463636361
94963,STATE - KARNATAKA,Manufacture of magnetic and optical media,8,8,0,2,2,0,6,6,0,0,0,0,0,0,0,0,0,0,8,8,22.65423406060606,82.20022463636361
94964,STATE - KARNATAKA,Manufacture of magnetic and optical media,8,8,0,2,2,0,6,6,0,0,0,0,0,0,0,0,0,0,8,8,22.65423406060606,82.20022463636361
94965,STATE - KARNATAKA,Manufacture of electrical equipment,2673,2241,432,1019,825,194,1654,1416,238,253,213,40,97,80,17,156,133,23,2926,5.1875,22.65423406060606,82.20022463636361
94966,STATE - KARNATAKA,"Manufacture of electric motors, generators, transformers and electricity",993,905,88,265,243,22,728,662,66,85,77,8,23,20,3,62,57,5,1078,10.284090909090908,22.65423406060606,82.20022463636361
94967,STATE - KARNATAKA,"Manufacture of electric motors, generators, transformers and electricity",993,905,88,265,243,22,728,662,66,85,77,8,23,20,3,62,57,5,1078,10.284090909090908,22.65423406060606,82.20022463636361
94968,STATE - KARNATAKA,Manufacture of batteries and accumulators,220,202,18,95,87,8,125,115,10,33,30,3,12,12,0,21,18,3,253,11.22222222222222,22.65423406060606,82.20022463636361
94969,STATE - KARNATAKA,Manufacture of batteries and accumulators,220,202,18,95,87,8,125,115,10,33,30,3,12,12,0,21,18,3,253,11.22222222222222,22.65423406060606,82.20022463636361
94970,STATE - KARNATAKA,Manufacture of wiring and wiring devices,392,318,74,125,111,14,267,207,60,30,22,8,6,6,0,24,16,8,422,4.297297297297297,22.65423406060606,82.20022463636361
94971,STATE - KARNATAKA,Manufacture of fibre optic cables for data transmission or live,31,16,15,0,0,0,31,16,15,6,0,6,0,0,0,6,0,6,37,1.0666666666666669,22.65423406060606,82.20022463636361
94972,STATE - KARNATAKA,Manufacture of other electronic and electric wires and cables,262,242,20,113,105,8,149,137,12,16,14,2,0,0,0,16,14,2,278,12.1,22.65423406060606,82.20022463636361
94973,STATE - KARNATAKA,Manufacture of wiring devices,99,60,39,12,6,6,87,54,33,8,8,0,6,6,0,2,2,0,107,1.5384615384615383,22.65423406060606,82.20022463636361
94974,STATE - KARNATAKA,Manufacture of electric lighting equipment,361,280,81,126,104,22,235,176,59,43,36,7,14,14,0,29,22,7,404,3.45679012345679,22.65423406060606,82.20022463636361
94975,STATE - KARNATAKA,Manufacture of electric lighting equipment,361,280,81,126,104,22,235,176,59,43,36,7,14,14,0,29,22,7,404,3.45679012345679,22.65423406060606,82.20022463636361
94976,STATE - KARNATAKA,Manufacture of domestic appliances,650,487,163,372,250,122,278,237,41,62,48,14,42,28,14,20,20,0,712,2.9877300613496933,22.65423406060606,82.20022463636361
94977,STATE - KARNATAKA,Manufacture of domestic appliances,650,487,163,372,250,122,278,237,41,62,48,14,42,28,14,20,20,0,712,2.9877300613496933,22.65423406060606,82.20022463636361
94978,STATE - KARNATAKA,Manufacture of other electrical equipment,57,49,8,36,30,6,21,19,2,0,0,0,0,0,0,0,0,0,57,6.125,22.65423406060606,82.20022463636361
94979,STATE - KARNATAKA,Manufacture of other electrical equipment,57,49,8,36,30,6,21,19,2,0,0,0,0,0,0,0,0,0,57,6.125,22.65423406060606,82.20022463636361
94980,STATE - KARNATAKA,Manufacture of machinery and equipment n.e.c.,5751,5394,357,806,744,62,4945,4650,295,354,329,25,77,75,2,277,254,23,6105,15.109243697478991,22.65423406060606,82.20022463636361
94981,STATE - KARNATAKA,Manufacture of general purpose machinery,773,717,56,304,284,20,469,433,36,87,81,6,41,41,0,46,40,6,860,12.803571428571429,22.65423406060606,82.20022463636361
94982,STATE - KARNATAKA,"Manufacture of engines and turbines, except aircraft, vehicle and cycle",30,30,0,6,6,0,24,24,0,9,9,0,0,0,0,9,9,0,39,30,22.65423406060606,82.20022463636361
94983,STATE - KARNATAKA,Manufacture of fluid power equipment,46,43,3,20,20,0,26,23,3,0,0,0,0,0,0,0,0,0,46,14.333333333333334,22.65423406060606,82.20022463636361
94984,STATE - KARNATAKA,"Manufacture of other pumps, compressors, taps and valves",73,70,3,6,6,0,67,64,3,12,12,0,6,6,0,6,6,0,85,23.33333333333333,22.65423406060606,82.20022463636361
94985,STATE - KARNATAKA,"Manufacture of bearings, gears, gearing and driving elements",191,164,27,81,69,12,110,95,15,12,12,0,6,6,0,6,6,0,203,6.074074074074074,22.65423406060606,82.20022463636361
94986,STATE - KARNATAKA,"Manufacture of ovens, furnaces and furnace burners",84,82,2,53,53,0,31,29,2,18,12,6,6,6,0,12,6,6,102,41,22.65423406060606,82.20022463636361
94987,STATE - KARNATAKA,Manufacture of lifting and handling equipment,92,85,7,8,6,2,84,79,5,7,7,0,0,0,0,7,7,0,99,12.142857142857142,22.65423406060606,82.20022463636361
94988,STATE - KARNATAKA,Manufacture of office machinery and equipment,36,33,3,20,20,0,16,13,3,9,9,0,9,9,0,0,0,0,45,11,22.65423406060606,82.20022463636361
94989,STATE - KARNATAKA,Manufacture of power-driven hand tools,18,12,6,12,6,6,6,6,0,0,0,0,0,0,0,0,0,0,18,2,22.65423406060606,82.20022463636361
94990,STATE - KARNATAKA,Manufacture of other general-purpose machinery,203,198,5,98,98,0,105,100,5,20,20,0,14,14,0,6,6,0,223,39.6,22.65423406060606,82.20022463636361
94991,STATE - KARNATAKA,Manufacture of special-purpose machinery,4978,4677,301,502,460,42,4476,4217,259,267,248,19,36,34,2,231,214,17,5245,15.538205980066444,22.65423406060606,82.20022463636361
94992,STATE - KARNATAKA,Manufacture of agricultural and forestry machinery,128,108,20,48,48,0,80,60,20,8,6,2,6,6,0,2,0,2,136,5.4,22.65423406060606,82.20022463636361
94993,STATE - KARNATAKA,Manufacture of metal-forming machinery and machine tools,1793,1649,144,149,141,8,1644,1508,136,80,71,9,10,10,0,70,61,9,1873,11.45138888888889,22.65423406060606,82.20022463636361
94994,STATE - KARNATAKA,Manufacture of machinery for metallurgy,41,38,3,21,21,0,20,17,3,3,0,3,0,0,0,3,0,3,44,12.666666666666666,22.65423406060606,82.20022463636361
94995,STATE - KARNATAKA,"Manufacture of machinery for mining, quarrying and construction",2869,2776,93,210,208,2,2659,2568,91,157,157,0,6,6,0,151,151,0,3026,29.8494623655914,22.65423406060606,82.20022463636361
94996,STATE - KARNATAKA,"Manufacture of machinery for food, beverage and tobacco processing",33,19,14,22,8,14,11,11,0,6,6,0,6,6,0,0,0,0,39,1.3571428571428572,22.65423406060606,82.20022463636361
94997,STATE - KARNATAKA,"Manufacture of machinery for textile, apparel and leather production",84,64,20,44,26,18,40,38,2,10,8,2,8,6,2,2,2,0,94,3.2,22.65423406060606,82.20022463636361
94998,STATE - KARNATAKA,Manufacture of other special-purpose machinery,30,23,7,8,8,0,22,15,7,3,0,3,0,0,0,3,0,3,33,3.2857142857142856,22.65423406060606,82.20022463636361
94999,STATE - KARNATAKA,"Manufacture of motor vehicles, trailers and semi-trailers",2453,2323,130,883,863,20,1570,1460,110,142,133,9,59,53,6,83,80,3,2595,17.869230769230768,22.65423406060606,82.20022463636361
95000,STATE - KARNATAKA,Manufacture of motor vehicles,872,814,58,293,289,4,579,525,54,51,48,3,33,33,0,18,15,3,923,14.03448275862069,22.65423406060606,82.20022463636361
95001,STATE - KARNATAKA,Manufacture of motor vehicles,872,814,58,293,289,4,579,525,54,51,48,3,33,33,0,18,15,3,923,14.03448275862069,22.65423406060606,82.20022463636361
95002,STATE - KARNATAKA,Manufacture of bodies (coachwork) for motor vehicles; manufacture of,952,914,38,358,342,16,594,572,22,56,52,4,12,8,4,44,44,0,1008,24.05263157894737,22.65423406060606,82.20022463636361
95003,STATE - KARNATAKA,Manufacture of bodies (coachwork) for motor vehicles; manufacture of trailers and semi-trailers,952,914,38,358,342,16,594,572,22,56,52,4,12,8,4,44,44,0,1008,24.05263157894737,22.65423406060606,82.20022463636361
95004,STATE - KARNATAKA,Manufacture of parts and accessories for motor vehicles,629,595,34,232,232,0,397,363,34,35,33,2,14,12,2,21,21,0,664,17.5,22.65423406060606,82.20022463636361
95005,STATE - KARNATAKA,Manufacture of parts and accessories for motor vehicles,629,595,34,232,232,0,397,363,34,35,33,2,14,12,2,21,21,0,664,17.5,22.65423406060606,82.20022463636361
95006,STATE - KARNATAKA,Manufacture of other transport equipment,5557,5063,494,1591,1537,54,3966,3526,440,868,798,70,471,423,48,397,375,22,6425,10.248987854251013,22.65423406060606,82.20022463636361
95007,STATE - KARNATAKA,Building of ships and boats,165,130,35,38,32,6,127,98,29,3,3,0,0,0,0,3,3,0,168,3.7142857142857135,22.65423406060606,82.20022463636361
95008,STATE - KARNATAKA,Building of ships and floating structures,165,130,35,38,32,6,127,98,29,3,3,0,0,0,0,3,3,0,168,3.7142857142857135,22.65423406060606,82.20022463636361
95009,STATE - KARNATAKA,Manufacture of railway locomotives and rolling stock,321,291,30,39,30,9,282,261,21,12,12,0,6,6,0,6,6,0,333,9.7,22.65423406060606,82.20022463636361
95010,STATE - KARNATAKA,Manufacture of railway locomotives and rolling stock,321,291,30,39,30,9,282,261,21,12,12,0,6,6,0,6,6,0,333,9.7,22.65423406060606,82.20022463636361
95011,STATE - KARNATAKA,Manufacture of air and spacecraft and related machinery,2560,2279,281,154,146,8,2406,2133,273,100,91,9,12,12,0,88,79,9,2660,8.11032028469751,22.65423406060606,82.20022463636361
95012,STATE - KARNATAKA,Manufacture of air and spacecraft and related machinery,2560,2279,281,154,146,8,2406,2133,273,100,91,9,12,12,0,88,79,9,2660,8.11032028469751,22.65423406060606,82.20022463636361
95013,STATE - KARNATAKA,Manufacture of military fighting vehicles,15,12,3,6,6,0,9,6,3,0,0,0,0,0,0,0,0,0,15,4,22.65423406060606,82.20022463636361
95014,STATE - KARNATAKA,Manufacture of weapons and ammunition,15,12,3,6,6,0,9,6,3,0,0,0,0,0,0,0,0,0,15,4,22.65423406060606,82.20022463636361
95015,STATE - KARNATAKA,Manufacture of transport equipment n.e.c.,2496,2351,145,1354,1323,31,1142,1028,114,753,692,61,453,405,48,300,287,13,3249,16.213793103448275,22.65423406060606,82.20022463636361
95016,STATE - KARNATAKA,Manufacture of motorcycles,447,416,31,225,219,6,222,197,25,62,60,2,40,40,0,22,20,2,509,13.419354838709678,22.65423406060606,82.20022463636361
95017,STATE - KARNATAKA,Manufacture of bicycles and invalid carriages,88,77,11,35,29,6,53,48,5,17,17,0,14,14,0,3,3,0,105,7,22.65423406060606,82.20022463636361
95018,STATE - KARNATAKA,Manufacture of other transport equipment n.e.c.,1961,1858,103,1094,1075,19,867,783,84,674,615,59,399,351,48,275,264,11,2635,18.038834951456312,22.65423406060606,82.20022463636361
95019,STATE - KARNATAKA,Manufacture of furniture,8076,7129,947,3619,3203,416,4457,3926,531,3007,2309,698,1454,1082,372,1553,1227,326,11083,7.527983104540655,22.65423406060606,82.20022463636361
95020,STATE - KARNATAKA,Manufacture of furniture,8076,7129,947,3619,3203,416,4457,3926,531,3007,2309,698,1454,1082,372,1553,1227,326,11083,7.527983104540655,22.65423406060606,82.20022463636361
95021,STATE - KARNATAKA,Manufacture of furniture,8076,7129,947,3619,3203,416,4457,3926,531,3007,2309,698,1454,1082,372,1553,1227,326,11083,7.527983104540655,22.65423406060606,82.20022463636361
95022,STATE - KARNATAKA,Other manufacturing,51231,42635,8596,18951,15950,3001,32280,26685,5595,5900,4647,1253,3002,2340,662,2898,2307,591,57131,4.959865053513262,22.65423406060606,82.20022463636361
95023,STATE - KARNATAKA,"Manufacture of jewellery, bijouterie and related articles",513,421,92,180,142,38,333,279,54,82,19,63,52,5,47,30,14,16,595,4.576086956521739,22.65423406060606,82.20022463636361
95024,STATE - KARNATAKA,Manufacture of jewellery and related articles,494,407,87,174,136,38,320,271,49,74,17,57,44,3,41,30,14,16,568,4.67816091954023,22.65423406060606,82.20022463636361
95025,STATE - KARNATAKA,Manufacture of imitation jewellery and related articles,19,14,5,6,6,0,13,8,5,8,2,6,8,2,6,0,0,0,27,2.8,22.65423406060606,82.20022463636361
95026,STATE - KARNATAKA,Manufacture of musical instruments,39,39,0,32,32,0,7,7,0,18,18,0,18,18,0,0,0,0,57,39,22.65423406060606,82.20022463636361
95027,STATE - KARNATAKA,Manufacture of musical instruments,39,39,0,32,32,0,7,7,0,18,18,0,18,18,0,0,0,0,57,39,22.65423406060606,82.20022463636361
95028,STATE - KARNATAKA,Manufacture of sports goods,26,26,0,0,0,0,26,26,0,5,5,0,2,2,0,3,3,0,31,26,22.65423406060606,82.20022463636361
95029,STATE - KARNATAKA,Manufacture of sports goods,26,26,0,0,0,0,26,26,0,5,5,0,2,2,0,3,3,0,31,26,22.65423406060606,82.20022463636361
95030,STATE - KARNATAKA,Manufacture of games and toys,221,174,47,107,81,26,114,93,21,43,21,22,26,12,14,17,9,8,264,3.702127659574468,22.65423406060606,82.20022463636361
95031,STATE - KARNATAKA,Manufacture of games and toys,221,174,47,107,81,26,114,93,21,43,21,22,26,12,14,17,9,8,264,3.702127659574468,22.65423406060606,82.20022463636361
95032,STATE - KARNATAKA,Manufacture of medical and dental instruments and supplies,86,69,17,28,26,2,58,43,15,6,6,0,6,6,0,0,0,0,92,4.0588235294117645,22.65423406060606,82.20022463636361
95033,STATE - KARNATAKA,Manufacture of medical and dental instruments and supplies,86,69,17,28,26,2,58,43,15,6,6,0,6,6,0,0,0,0,92,4.0588235294117645,22.65423406060606,82.20022463636361
95034,STATE - KARNATAKA,Other manufacturing n.e.c.,50346,41906,8440,18604,15669,2935,31742,26237,5505,5746,4578,1168,2898,2297,601,2848,2281,567,56092,4.965165876777252,22.65423406060606,82.20022463636361
95035,STATE - KARNATAKA,Other manufacturing n.e.c.,50346,41906,8440,18604,15669,2935,31742,26237,5505,5746,4578,1168,2898,2297,601,2848,2281,567,56092,4.965165876777252,22.65423406060606,82.20022463636361
95036,STATE - KARNATAKA,Repair and installation of machinery and equipment,1915,1873,42,882,869,13,1033,1004,29,288,286,2,153,151,2,135,135,0,2203,44.595238095238095,22.65423406060606,82.20022463636361
95037,STATE - KARNATAKA,"Repair of fabricated metal products, machinery and equipment",1850,1808,42,855,842,13,995,966,29,282,280,2,153,151,2,129,129,0,2132,43.04761904761905,22.65423406060606,82.20022463636361
95038,STATE - KARNATAKA,Repair of fabricated metal products,202,187,15,104,98,6,98,89,9,52,52,0,12,12,0,40,40,0,254,12.466666666666669,22.65423406060606,82.20022463636361
95039,STATE - KARNATAKA,Repair of electronic and optical equipment,34,32,2,12,12,0,22,20,2,2,0,2,2,0,2,0,0,0,36,16,22.65423406060606,82.20022463636361
95040,STATE - KARNATAKA,Repair of electrical equipment,637,620,17,272,269,3,365,351,14,127,127,0,82,82,0,45,45,0,764,36.47058823529412,22.65423406060606,82.20022463636361
95041,STATE - KARNATAKA,"Repair of transport equipment, except motor vehicles",75,73,2,25,23,2,50,50,0,9,9,0,6,6,0,3,3,0,84,36.5,22.65423406060606,82.20022463636361
95042,STATE - KARNATAKA,Repair of other equipment,99,99,0,36,36,0,63,63,0,3,3,0,0,0,0,3,3,0,102,99,22.65423406060606,82.20022463636361
95043,STATE - KARNATAKA,Installation of industrial machinery and equipment,65,65,0,27,27,0,38,38,0,6,6,0,0,0,0,6,6,0,71,65,22.65423406060606,82.20022463636361
95044,STATE - KARNATAKA,Installation of industrial machinery and equipment,65,65,0,27,27,0,38,38,0,6,6,0,0,0,0,6,6,0,71,65,22.65423406060606,82.20022463636361
95045,STATE - KARNATAKA,"Electricity, gas, steam and air conditioning supply",11822,10606,1216,4542,4251,291,7280,6355,925,706,625,81,372,336,36,334,289,45,12528,8.72203947368421,22.65423406060606,82.20022463636361
95046,STATE - KARNATAKA,"Electric power generation, transmission and distribution",11396,10202,1194,4396,4117,279,7000,6085,915,670,595,75,366,330,36,304,265,39,12066,8.544388609715243,22.65423406060606,82.20022463636361
95047,STATE - KARNATAKA,"Electric power generation, transmission and distribution",11396,10202,1194,4396,4117,279,7000,6085,915,670,595,75,366,330,36,304,265,39,12066,8.544388609715243,22.65423406060606,82.20022463636361
95048,STATE - KARNATAKA,Manufacture of gas; distribution of gaseous fuels through mains,399,377,22,140,128,12,259,249,10,27,21,6,0,0,0,27,21,6,426,17.136363636363637,22.65423406060606,82.20022463636361
95049,STATE - KARNATAKA,Manufacture of gas; distribution of gaseous fuels through mains,399,377,22,140,128,12,259,249,10,27,21,6,0,0,0,27,21,6,426,17.136363636363637,22.65423406060606,82.20022463636361
95050,STATE - KARNATAKA,Steam and air conditioning supply,27,27,0,6,6,0,21,21,0,9,9,0,6,6,0,3,3,0,36,27,22.65423406060606,82.20022463636361
95051,STATE - KARNATAKA,Steam and air conditioning supply,27,27,0,6,6,0,21,21,0,9,9,0,6,6,0,3,3,0,36,27,22.65423406060606,82.20022463636361
95052,STATE - KARNATAKA,"Water collection, treatment and supply",3723,3498,225,1987,1898,89,1736,1600,136,314,278,36,174,154,20,140,124,16,4037,15.546666666666669,22.65423406060606,82.20022463636361
95053,STATE - KARNATAKA,"Water collection, treatment and supply",3723,3498,225,1987,1898,89,1736,1600,136,314,278,36,174,154,20,140,124,16,4037,15.546666666666669,22.65423406060606,82.20022463636361
95054,STATE - KARNATAKA,"Water collection, treatment and supply",3723,3498,225,1987,1898,89,1736,1600,136,314,278,36,174,154,20,140,124,16,4037,15.546666666666669,22.65423406060606,82.20022463636361
95055,STATE - KARNATAKA,Sewerage,258,199,59,84,58,26,174,141,33,60,45,15,20,14,6,40,31,9,318,3.3728813559322037,22.65423406060606,82.20022463636361
95056,STATE - KARNATAKA,Sewerage,258,199,59,84,58,26,174,141,33,60,45,15,20,14,6,40,31,9,318,3.3728813559322037,22.65423406060606,82.20022463636361
95057,STATE - KARNATAKA,Sewerage,258,199,59,84,58,26,174,141,33,60,45,15,20,14,6,40,31,9,318,3.3728813559322037,22.65423406060606,82.20022463636361
95058,STATE - KARNATAKA,"Waste collection, treatment and disposal activities; materials recovery",379,251,128,89,71,18,290,180,110,75,31,44,8,8,0,67,23,44,454,1.9609375,22.65423406060606,82.20022463636361
95059,STATE - KARNATAKA,Waste collection,379,251,128,89,71,18,290,180,110,69,25,44,2,2,0,67,23,44,448,1.9609375,22.65423406060606,82.20022463636361
95060,STATE - KARNATAKA,Collection of non-hazardous waste,73,39,34,12,6,6,61,33,28,5,0,5,0,0,0,5,0,5,78,1.1470588235294117,22.65423406060606,82.20022463636361
95061,STATE - KARNATAKA,Collection of hazardous waste,306,212,94,77,65,12,229,147,82,64,25,39,2,2,0,62,23,39,370,2.25531914893617,22.65423406060606,82.20022463636361
95062,STATE - KARNATAKA,Waste treatment and disposal,0,0,0,0,0,0,0,0,0,6,6,0,6,6,0,0,0,0,6,0,22.65423406060606,82.20022463636361
95063,STATE - KARNATAKA,Treatment and disposal of hazardous waste,0,0,0,0,0,0,0,0,0,6,6,0,6,6,0,0,0,0,6,0,22.65423406060606,82.20022463636361
95064,STATE - KARNATAKA,Remediation activities and other waste management services,43,29,14,6,6,0,37,23,14,6,0,6,6,0,6,0,0,0,49,2.071428571428572,22.65423406060606,82.20022463636361
95065,STATE - KARNATAKA,Remediation activities and other waste management services,43,29,14,6,6,0,37,23,14,6,0,6,6,0,6,0,0,0,49,2.071428571428572,22.65423406060606,82.20022463636361
95066,STATE - KARNATAKA,Remediation activities and other waste management services,43,29,14,6,6,0,37,23,14,6,0,6,6,0,6,0,0,0,49,2.071428571428572,22.65423406060606,82.20022463636361
95067,STATE - KARNATAKA,Construction of buildings,89109,74541,14568,43097,36603,6494,46012,37938,8074,18766,14113,4653,10574,7920,2654,8192,6193,1999,107875,5.11676276771005,22.65423406060606,82.20022463636361
95068,STATE - KARNATAKA,Construction of buildings,89109,74541,14568,43097,36603,6494,46012,37938,8074,18766,14113,4653,10574,7920,2654,8192,6193,1999,107875,5.11676276771005,22.65423406060606,82.20022463636361
95069,STATE - KARNATAKA,Construction of buildings,89109,74541,14568,43097,36603,6494,46012,37938,8074,18766,14113,4653,10574,7920,2654,8192,6193,1999,107875,5.11676276771005,22.65423406060606,82.20022463636361
95070,STATE - KARNATAKA,Civil engineering,29607,22513,7094,10617,8234,2383,18990,14279,4711,6999,4652,2347,2979,1978,1001,4020,2674,1346,36606,3.173526924161263,22.65423406060606,82.20022463636361
95071,STATE - KARNATAKA,Construction of roads and railways,15025,11334,3691,7458,5739,1719,7567,5595,1972,3828,2467,1361,2092,1357,735,1736,1110,626,18853,3.070712544026009,22.65423406060606,82.20022463636361
95072,STATE - KARNATAKA,Construction roads and railways,15025,11334,3691,7458,5739,1719,7567,5595,1972,3828,2467,1361,2092,1357,735,1736,1110,626,18853,3.070712544026009,22.65423406060606,82.20022463636361
95073,STATE - KARNATAKA,Construction of utility projects,2716,2259,457,1440,1184,256,1276,1075,201,635,476,159,464,362,102,171,114,57,3351,4.9431072210065645,22.65423406060606,82.20022463636361
95074,STATE - KARNATAKA,Construction of utility projects,2716,2259,457,1440,1184,256,1276,1075,201,635,476,159,464,362,102,171,114,57,3351,4.9431072210065645,22.65423406060606,82.20022463636361
95075,STATE - KARNATAKA,Construction of other civil engineering projects,11866,8920,2946,1719,1311,408,10147,7609,2538,2536,1709,827,423,259,164,2113,1450,663,14402,3.027834351663272,22.65423406060606,82.20022463636361
95076,STATE - KARNATAKA,Construction of other civil engineering projects,11866,8920,2946,1719,1311,408,10147,7609,2538,2536,1709,827,423,259,164,2113,1450,663,14402,3.027834351663272,22.65423406060606,82.20022463636361
95077,STATE - KARNATAKA,Demolition and site preparation,2569,2429,140,2017,1936,81,552,493,59,415,387,28,289,277,12,126,110,16,2984,17.35,22.65423406060606,82.20022463636361
95078,STATE - KARNATAKA,Demolition,280,257,23,201,180,21,79,77,2,21,21,0,0,0,0,21,21,0,301,11.173913043478262,22.65423406060606,82.20022463636361
95079,STATE - KARNATAKA,Site preparation,2289,2172,117,1816,1756,60,473,416,57,394,366,28,289,277,12,105,89,16,2683,18.56410256410257,22.65423406060606,82.20022463636361
95080,STATE - KARNATAKA,"Electrical, plumbing and other construction installation activities",13544,12905,639,3524,3322,202,10020,9583,437,2336,1984,352,1109,847,262,1227,1137,90,15880,20.19561815336463,22.65423406060606,82.20022463636361
95081,STATE - KARNATAKA,Electrical installation,7247,7013,234,2044,1986,58,5203,5027,176,930,910,20,377,367,10,553,543,10,8177,29.97008547008547,22.65423406060606,82.20022463636361
95082,STATE - KARNATAKA,"Plumbing, heat and air-conditioning installation",5255,5079,176,1003,975,28,4252,4104,148,640,594,46,210,190,20,430,404,26,5895,28.857954545454547,22.65423406060606,82.20022463636361
95083,STATE - KARNATAKA,Other construction installation,1042,813,229,477,361,116,565,452,113,766,480,286,522,290,232,244,190,54,1808,3.550218340611354,22.65423406060606,82.20022463636361
95084,STATE - KARNATAKA,Other specialized construction activities,5109,4415,694,1982,1724,258,3127,2691,436,924,692,232,512,354,158,412,338,74,6033,6.361671469740634,22.65423406060606,82.20022463636361
95085,STATE - KARNATAKA,Other specialized construction activities,5109,4415,694,1982,1724,258,3127,2691,436,924,692,232,512,354,158,412,338,74,6033,6.361671469740634,22.65423406060606,82.20022463636361
95086,STATE - KARNATAKA,Wholesale and retail trade and repair of motor vehicles and motorcycles,13119,12659,460,3905,3803,102,9214,8856,358,1581,1524,57,593,570,23,988,954,34,14700,27.519565217391303,22.65423406060606,82.20022463636361
95087,STATE - KARNATAKA,Sale of motor vehicles,897,821,76,181,181,0,716,640,76,61,57,4,9,9,0,52,48,4,958,10.802631578947368,22.65423406060606,82.20022463636361
95088,STATE - KARNATAKA,Sale of motor vehicles,897,821,76,181,181,0,716,640,76,61,57,4,9,9,0,52,48,4,958,10.802631578947368,22.65423406060606,82.20022463636361
95089,STATE - KARNATAKA,Maintenance and repair of motor vehicles,7044,6834,210,2107,2049,58,4937,4785,152,850,814,36,336,318,18,514,496,18,7894,32.542857142857144,22.65423406060606,82.20022463636361
95090,STATE - KARNATAKA,Maintenance and repair of motor vehicles,7044,6834,210,2107,2049,58,4937,4785,152,850,814,36,336,318,18,514,496,18,7894,32.542857142857144,22.65423406060606,82.20022463636361
95091,STATE - KARNATAKA,Sale of motor vehicle parts and accessories,500,486,14,141,139,2,359,347,12,48,45,3,16,16,0,32,29,3,548,34.714285714285715,22.65423406060606,82.20022463636361
95092,STATE - KARNATAKA,Sale of motor vehicle parts and accessories,500,486,14,141,139,2,359,347,12,48,45,3,16,16,0,32,29,3,548,34.714285714285715,22.65423406060606,82.20022463636361
95093,STATE - KARNATAKA,"Sale, maintenance and repair of motorcycles and related parts and",4678,4518,160,1476,1434,42,3202,3084,118,622,608,14,232,227,5,390,381,9,5300,28.2375,22.65423406060606,82.20022463636361
95094,STATE - KARNATAKA,"Sale, maintenance and repair of motorcycles and related parts and",4678,4518,160,1476,1434,42,3202,3084,118,622,608,14,232,227,5,390,381,9,5300,28.2375,22.65423406060606,82.20022463636361
95095,STATE - KARNATAKA,"Wholesale trade, except of motor vehicles and motorcycles",21654,17275,4379,5133,4588,545,16521,12687,3834,3458,2284,1174,1185,874,311,2273,1410,863,25112,3.94496460379082,22.65423406060606,82.20022463636361
95096,STATE - KARNATAKA,Wholesale on a fee or contract basis,976,913,63,425,417,8,551,496,55,101,87,14,51,51,0,50,36,14,1077,14.492063492063492,22.65423406060606,82.20022463636361
95097,STATE - KARNATAKA,Wholesale on a fee or contract basis,976,913,63,425,417,8,551,496,55,101,87,14,51,51,0,50,36,14,1077,14.492063492063492,22.65423406060606,82.20022463636361
95098,STATE - KARNATAKA,Wholesale of agricultural raw materials and live animals,5088,4138,950,1499,1358,141,3589,2780,809,718,552,166,281,225,56,437,327,110,5806,4.355789473684211,22.65423406060606,82.20022463636361
95099,STATE - KARNATAKA,Wholesale of agricultural raw materials and live animals,5088,4138,950,1499,1358,141,3589,2780,809,718,552,166,281,225,56,437,327,110,5806,4.355789473684211,22.65423406060606,82.20022463636361
95100,STATE - KARNATAKA,"Wholesale of food, beverages and tobacco",4936,3840,1096,1283,1061,222,3653,2779,874,813,539,274,349,259,90,464,280,184,5749,3.5036496350364965,22.65423406060606,82.20022463636361
95101,STATE - KARNATAKA,"Wholesale of food, beverages and tobacco",4936,3840,1096,1283,1061,222,3653,2779,874,813,539,274,349,259,90,464,280,184,5749,3.5036496350364965,22.65423406060606,82.20022463636361
95102,STATE - KARNATAKA,Wholesale of household goods,606,515,91,110,88,22,496,427,69,103,97,6,22,22,0,81,75,6,709,5.65934065934066,22.65423406060606,82.20022463636361
95103,STATE - KARNATAKA,"Wholesale of textiles, clothing and footwear",171,145,26,47,33,14,124,112,12,33,30,3,16,16,0,17,14,3,204,5.576923076923077,22.65423406060606,82.20022463636361
95104,STATE - KARNATAKA,Wholesale of other household goods,435,370,65,63,55,8,372,315,57,70,67,3,6,6,0,64,61,3,505,5.6923076923076925,22.65423406060606,82.20022463636361
95105,STATE - KARNATAKA,"Wholesale of machinery, equipment and supplies",267,258,9,106,106,0,161,152,9,54,45,9,28,22,6,26,23,3,321,28.666666666666668,22.65423406060606,82.20022463636361
95106,STATE - KARNATAKA,"Wholesale of computers, computer peripheral equipment and software",17,17,0,12,12,0,5,5,0,0,0,0,0,0,0,0,0,0,17,17,22.65423406060606,82.20022463636361
95107,STATE - KARNATAKA,Wholesale of electronic and telecommunications equipment and parts,27,23,4,0,0,0,27,23,4,0,0,0,0,0,0,0,0,0,27,5.75,22.65423406060606,82.20022463636361
95108,STATE - KARNATAKA,"Wholesale of agricultural machinery, equipment and supplies",32,32,0,12,12,0,20,20,0,6,6,0,0,0,0,6,6,0,38,32,22.65423406060606,82.20022463636361
95109,STATE - KARNATAKA,Wholesale of other machinery and equipment,191,186,5,82,82,0,109,104,5,48,39,9,28,22,6,20,17,3,239,37.2,22.65423406060606,82.20022463636361
95110,STATE - KARNATAKA,Other specialized wholesale,3628,2753,875,717,633,84,2911,2120,791,838,349,489,242,143,99,596,206,390,4466,3.1462857142857144,22.65423406060606,82.20022463636361
95111,STATE - KARNATAKA,"Wholesale of solid, liquid and gaseous fuels and related products",9,9,0,6,6,0,3,3,0,0,0,0,0,0,0,0,0,0,9,9,22.65423406060606,82.20022463636361
95112,STATE - KARNATAKA,Wholesale of metals and metal ores,52,41,11,12,12,0,40,29,11,0,0,0,0,0,0,0,0,0,52,3.727272727272727,22.65423406060606,82.20022463636361
95113,STATE - KARNATAKA,"Wholesale of construction materials, hardware, plumbing and heating",606,588,18,157,157,0,449,431,18,70,52,18,34,26,8,36,26,10,676,32.666666666666664,22.65423406060606,82.20022463636361
95114,STATE - KARNATAKA,Wholesale of waste and scrap and other products n.e.c.,2961,2115,846,542,458,84,2419,1657,762,768,297,471,208,117,91,560,180,380,3729,2.5,22.65423406060606,82.20022463636361
95115,STATE - KARNATAKA,Non-specialized wholesale trade,6153,4858,1295,993,925,68,5160,3933,1227,831,615,216,212,152,60,619,463,156,6984,3.7513513513513512,22.65423406060606,82.20022463636361
95116,STATE - KARNATAKA,Non-specialized wholesale trade,6153,4858,1295,993,925,68,5160,3933,1227,831,615,216,212,152,60,619,463,156,6984,3.7513513513513512,22.65423406060606,82.20022463636361
95117,STATE - KARNATAKA,Retail sale in non-specialized stores,6439,4864,1575,2571,1869,702,3868,2995,873,1057,715,342,509,311,198,548,404,144,7496,3.0882539682539685,22.65423406060606,82.20022463636361
95118,STATE - KARNATAKA,"Retail sale in non-specialized stores with food, beverages or tobacco",293,189,104,173,113,60,120,76,44,95,50,45,74,38,36,21,12,9,388,1.8173076923076923,22.65423406060606,82.20022463636361
95119,STATE - KARNATAKA,Other retail sale in non-specialized stores,6146,4675,1471,2398,1756,642,3748,2919,829,962,665,297,435,273,162,527,392,135,7108,3.178110129163834,22.65423406060606,82.20022463636361
95120,STATE - KARNATAKA,"Retail sale of food, beverages and tobacco in specialized stores",41397,29771,11626,15602,11023,4579,25795,18748,7047,6416,4112,2304,2841,1779,1062,3575,2333,1242,47813,2.5607259590572853,22.65423406060606,82.20022463636361
95121,STATE - KARNATAKA,Retail sale of food in specialized stores,39303,27955,11348,14655,10230,4425,24648,17725,6923,6106,3849,2257,2699,1659,1040,3407,2190,1217,45409,2.4634296792386325,22.65423406060606,82.20022463636361
95122,STATE - KARNATAKA,Retail sale of beverages in specialized stores,1194,1072,122,465,396,69,729,676,53,207,188,19,100,94,6,107,94,13,1401,8.78688524590164,22.65423406060606,82.20022463636361
95123,STATE - KARNATAKA,Retail sale of tobacco products in specialized stores,900,744,156,482,397,85,418,347,71,103,75,28,42,26,16,61,49,12,1003,4.769230769230769,22.65423406060606,82.20022463636361
95124,STATE - KARNATAKA,Retail sale of automotive fuel in specialized stores,1813,1660,153,686,639,47,1127,1021,106,268,251,17,154,152,2,114,99,15,2081,10.84967320261438,22.65423406060606,82.20022463636361
95125,STATE - KARNATAKA,Retail sale of automotive fuel in specialized stores,1813,1660,153,686,639,47,1127,1021,106,268,251,17,154,152,2,114,99,15,2081,10.84967320261438,22.65423406060606,82.20022463636361
95126,STATE - KARNATAKA,Retail sale of information and communications equipment in specialized,2179,1997,182,577,543,34,1602,1454,148,258,244,14,109,107,2,149,137,12,2437,10.972527472527473,22.65423406060606,82.20022463636361
95127,STATE - KARNATAKA,"Retail sale of computers, peripheral units, software and",1960,1784,176,527,493,34,1433,1291,142,248,237,11,109,107,2,139,130,9,2208,10.136363636363637,22.65423406060606,82.20022463636361
95128,STATE - KARNATAKA,Retail sale of audio and video equipment in specialized stores,219,213,6,50,50,0,169,163,6,10,7,3,0,0,0,10,7,3,229,35.5,22.65423406060606,82.20022463636361
95129,STATE - KARNATAKA,Retail sale of other household equipment in specialized stores,9470,7599,1871,3219,2567,652,6251,5032,1219,1427,985,442,548,361,187,879,624,255,10897,4.061464457509353,22.65423406060606,82.20022463636361
95130,STATE - KARNATAKA,Retail sale of textiles in specialized stores,1760,1239,521,461,342,119,1299,897,402,321,206,115,168,116,52,153,90,63,2081,2.378119001919386,22.65423406060606,82.20022463636361
95131,STATE - KARNATAKA,"Retail sale of hardware, paints and glass in specialized stores",3030,2740,290,964,863,101,2066,1877,189,323,267,56,130,110,20,193,157,36,3353,9.448275862068966,22.65423406060606,82.20022463636361
95132,STATE - KARNATAKA,"Retail sale of carpets, rugs, wall and floor coverings in specialized",122,104,18,84,74,10,38,30,8,53,36,17,35,27,8,18,9,9,175,5.777777777777778,22.65423406060606,82.20022463636361
95133,STATE - KARNATAKA,"Retail sale of electrical household appliances, furniture, lighting",4558,3516,1042,1710,1288,422,2848,2228,620,730,476,254,215,108,107,515,368,147,5288,3.3742802303262955,22.65423406060606,82.20022463636361
95134,STATE - KARNATAKA,Retail sale of cultural and recreation goods in specialized stores,4368,2853,1515,1763,1085,678,2605,1768,837,772,361,411,408,213,195,364,148,216,5140,1.883168316831683,22.65423406060606,82.20022463636361
95135,STATE - KARNATAKA,"Retail sale of books, newspapers and stationary in specialized stores",3883,2545,1338,1539,956,583,2344,1589,755,724,344,380,371,199,172,353,145,208,4607,1.9020926756352765,22.65423406060606,82.20022463636361
95136,STATE - KARNATAKA,Retail sale of music and video recordings in specialized stores,118,108,10,12,6,6,106,102,4,6,3,3,3,0,3,3,3,0,124,10.8,22.65423406060606,82.20022463636361
95137,STATE - KARNATAKA,Retail sale of sporting equipment in specialized stores,30,9,21,23,6,17,7,3,4,0,0,0,0,0,0,0,0,0,30,0.4285714285714285,22.65423406060606,82.20022463636361
95138,STATE - KARNATAKA,Retail sale of games and toys in specialized stores,337,191,146,189,117,72,148,74,74,42,14,28,34,14,20,8,0,8,379,1.3082191780821917,22.65423406060606,82.20022463636361
95139,STATE - KARNATAKA,Retail sale of other goods in specialized stores,19567,14272,5295,6051,4413,1638,13516,9859,3657,3123,1690,1433,1461,759,702,1662,931,731,22690,2.6953729933899906,22.65423406060606,82.20022463636361
95140,STATE - KARNATAKA,"Retail sale of clothing, footwear and leather articles in specialized",7316,5797,1519,2230,1708,522,5086,4089,997,975,634,341,453,290,163,522,344,178,8291,3.816326530612245,22.65423406060606,82.20022463636361
95141,STATE - KARNATAKA,"Retail sale of pharmaceutical and medical goods, cosmetic and toilet",3350,2299,1051,1188,746,442,2162,1553,609,526,278,248,256,128,128,270,150,120,3876,2.18744053282588,22.65423406060606,82.20022463636361
95142,STATE - KARNATAKA,Other retail sale of new goods in specialized stores,8805,6088,2717,2583,1914,669,6222,4174,2048,1622,778,844,752,341,411,870,437,433,10427,2.240706661759293,22.65423406060606,82.20022463636361
95143,STATE - KARNATAKA,Retail sale of second-hand goods,96,88,8,50,45,5,46,43,3,0,0,0,0,0,0,0,0,0,96,11,22.65423406060606,82.20022463636361
95144,STATE - KARNATAKA,Retail sale via stalls and markets,8595,6177,2418,3464,2527,937,5131,3650,1481,1350,869,481,622,363,259,728,506,222,9945,2.554590570719603,22.65423406060606,82.20022463636361
95145,STATE - KARNATAKA,"Retail sale via stalls and markets of food, beverages and tobacco",1403,1010,393,701,501,200,702,509,193,250,168,82,135,81,54,115,87,28,1653,2.56997455470738,22.65423406060606,82.20022463636361
95146,STATE - KARNATAKA,"Retail sale via stalls and markets of textiles, clothing and footwear",2258,1522,736,773,498,275,1485,1024,461,316,192,124,101,47,54,215,145,70,2574,2.067934782608696,22.65423406060606,82.20022463636361
95147,STATE - KARNATAKA,Retail sale via stalls and markets of other goods,4934,3645,1289,1990,1528,462,2944,2117,827,784,509,275,386,235,151,398,274,124,5718,2.8277734678045,22.65423406060606,82.20022463636361
95148,STATE - KARNATAKA,"Retail trade not in stores, stalls or markets",9247,5973,3274,3063,2002,1061,6184,3971,2213,1864,1028,836,768,456,312,1096,572,524,11111,1.8243738546120956,22.65423406060606,82.20022463636361
95149,STATE - KARNATAKA,Retail sale via mail order houses or via Internet,66,36,30,39,24,15,27,12,15,6,6,0,0,0,0,6,6,0,72,1.2,22.65423406060606,82.20022463636361
95150,STATE - KARNATAKA,"Other retail sale not in stores, stalls or markets",9181,5937,3244,3024,1978,1046,6157,3959,2198,1858,1022,836,768,456,312,1090,566,524,11039,1.8301479654747224,22.65423406060606,82.20022463636361
95151,STATE - KARNATAKA,Transport via railways,6359,5633,726,1283,1163,120,5076,4470,606,269,241,28,90,84,6,179,157,22,6628,7.758953168044077,22.65423406060606,82.20022463636361
95152,STATE - KARNATAKA,Passenger rail transport,5639,5011,628,1123,1031,92,4516,3980,536,194,171,23,66,60,6,128,111,17,5833,7.979299363057325,22.65423406060606,82.20022463636361
95153,STATE - KARNATAKA,Freight rail transport,720,622,98,160,132,28,560,490,70,75,70,5,24,24,0,51,46,5,795,6.346938775510204,22.65423406060606,82.20022463636361
95154,STATE - KARNATAKA,Urban or suburban passenger land transport,36124,35174,950,14930,14577,353,21194,20597,597,3367,3292,75,1617,1588,29,1750,1704,46,39491,37.025263157894734,22.65423406060606,82.20022463636361
95155,STATE - KARNATAKA,Other passenger land transport,41141,40248,893,17456,17216,240,23685,23032,653,4106,4019,87,2280,2246,34,1826,1773,53,45247,45.07054871220605,22.65423406060606,82.20022463636361
95156,STATE - KARNATAKA,Freight transport by road,38068,37188,880,23819,23338,481,14249,13850,399,5327,5093,234,3784,3598,186,1543,1495,48,43395,42.25909090909091,22.65423406060606,82.20022463636361
95157,STATE - KARNATAKA,Transport via pipeline,3,3,0,0,0,0,3,3,0,0,0,0,0,0,0,0,0,0,3,3,22.65423406060606,82.20022463636361
95158,STATE - KARNATAKA,Transport via pipeline,3,3,0,0,0,0,3,3,0,0,0,0,0,0,0,0,0,0,3,3,22.65423406060606,82.20022463636361
95159,STATE - KARNATAKA,Water transport,446,358,88,124,114,10,322,244,78,47,35,12,38,32,6,9,3,6,493,4.068181818181818,22.65423406060606,82.20022463636361
95160,STATE - KARNATAKA,Sea and coastal water transport,328,260,68,69,65,4,259,195,64,39,27,12,30,24,6,9,3,6,367,3.823529411764706,22.65423406060606,82.20022463636361
95161,STATE - KARNATAKA,Sea and coastal passenger water transport,172,146,26,48,44,4,124,102,22,15,12,3,12,12,0,3,0,3,187,5.615384615384615,22.65423406060606,82.20022463636361
95162,STATE - KARNATAKA,Sea and coastal freight water transport,156,114,42,21,21,0,135,93,42,24,15,9,18,12,6,6,3,3,180,2.7142857142857144,22.65423406060606,82.20022463636361
95163,STATE - KARNATAKA,Inland water transport,118,98,20,55,49,6,63,49,14,8,8,0,8,8,0,0,0,0,126,4.9,22.65423406060606,82.20022463636361
95164,STATE - KARNATAKA,Inland passenger water transport,106,92,14,49,49,0,57,43,14,6,6,0,6,6,0,0,0,0,112,6.571428571428571,22.65423406060606,82.20022463636361
95165,STATE - KARNATAKA,Inland freight water transport,12,6,6,6,0,6,6,6,0,2,2,0,2,2,0,0,0,0,14,1,22.65423406060606,82.20022463636361
95166,STATE - KARNATAKA,Air transport,953,818,135,302,264,38,651,554,97,97,92,5,54,52,2,43,40,3,1050,6.059259259259259,22.65423406060606,82.20022463636361
95167,STATE - KARNATAKA,Passenger air transport,414,367,47,145,127,18,269,240,29,46,46,0,30,30,0,16,16,0,460,7.808510638297872,22.65423406060606,82.20022463636361
95168,STATE - KARNATAKA,Passenger air transport,414,367,47,145,127,18,269,240,29,46,46,0,30,30,0,16,16,0,460,7.808510638297872,22.65423406060606,82.20022463636361
95169,STATE - KARNATAKA,Freight air transport,539,451,88,157,137,20,382,314,68,51,46,5,24,22,2,27,24,3,590,5.125,22.65423406060606,82.20022463636361
95170,STATE - KARNATAKA,Freight air transport,539,451,88,157,137,20,382,314,68,51,46,5,24,22,2,27,24,3,590,5.125,22.65423406060606,82.20022463636361
95171,STATE - KARNATAKA,Warehousing and support activities for transportation,16756,15198,1558,6313,5701,612,10443,9497,946,3318,2974,344,1674,1469,205,1644,1505,139,20074,9.754813863928112,22.65423406060606,82.20022463636361
95172,STATE - KARNATAKA,Warehousing and storage,1022,912,110,532,480,52,490,432,58,133,123,10,87,81,6,46,42,4,1155,8.290909090909091,22.65423406060606,82.20022463636361
95173,STATE - KARNATAKA,Warehousing and storage,1022,912,110,532,480,52,490,432,58,133,123,10,87,81,6,46,42,4,1155,8.290909090909091,22.65423406060606,82.20022463636361
95174,STATE - KARNATAKA,Support activities for transportation,15734,14286,1448,5781,5221,560,9953,9065,888,3185,2851,334,1587,1388,199,1598,1463,135,18919,9.866022099447514,22.65423406060606,82.20022463636361
95175,STATE - KARNATAKA,Service activities incidental to land transportation,8618,7793,825,3305,2994,311,5313,4799,514,1761,1553,208,879,750,129,882,803,79,10379,9.446060606060604,22.65423406060606,82.20022463636361
95176,STATE - KARNATAKA,Service activities incidental to water transportation,20,20,0,6,6,0,14,14,0,0,0,0,0,0,0,0,0,0,20,20,22.65423406060606,82.20022463636361
95177,STATE - KARNATAKA,Service activities incidental to air transportation,98,86,12,54,48,6,44,38,6,17,17,0,6,6,0,11,11,0,115,7.166666666666667,22.65423406060606,82.20022463636361
95178,STATE - KARNATAKA,Cargo handling,5431,4942,489,2066,1847,219,3365,3095,270,1177,1066,111,580,516,64,597,550,47,6608,10.10633946830266,22.65423406060606,82.20022463636361
95179,STATE - KARNATAKA,Other transportation support activities,1567,1445,122,350,326,24,1217,1119,98,230,215,15,122,116,6,108,99,9,1797,11.844262295081966,22.65423406060606,82.20022463636361
95180,STATE - KARNATAKA,Postal and courier activities,4811,4273,538,1684,1528,156,3127,2745,382,189,175,14,56,52,4,133,123,10,5000,7.942379182156134,22.65423406060606,82.20022463636361
95181,STATE - KARNATAKA,Postal activities,3298,2886,412,1490,1345,145,1808,1541,267,89,82,7,45,43,2,44,39,5,3387,7.004854368932039,22.65423406060606,82.20022463636361
95182,STATE - KARNATAKA,Postal activities,3298,2886,412,1490,1345,145,1808,1541,267,89,82,7,45,43,2,44,39,5,3387,7.004854368932039,22.65423406060606,82.20022463636361
95183,STATE - KARNATAKA,Courier activities,1513,1387,126,194,183,11,1319,1204,115,100,93,7,11,9,2,89,84,5,1613,11.007936507936508,22.65423406060606,82.20022463636361
95184,STATE - KARNATAKA,Courier activities,1513,1387,126,194,183,11,1319,1204,115,100,93,7,11,9,2,89,84,5,1613,11.007936507936508,22.65423406060606,82.20022463636361
95185,STATE - KARNATAKA,Accommodation,19175,13555,5620,7355,5540,1815,11820,8015,3805,2666,1869,797,1195,934,261,1471,935,536,21841,2.411921708185053,22.65423406060606,82.20022463636361
95186,STATE - KARNATAKA,Short term accommodation activities,15203,11597,3606,5737,4632,1105,9466,6965,2501,2335,1742,593,1098,881,217,1237,861,376,17538,3.216028840820854,22.65423406060606,82.20022463636361
95187,STATE - KARNATAKA,Short term accommodation activities,15203,11597,3606,5737,4632,1105,9466,6965,2501,2335,1742,593,1098,881,217,1237,861,376,17538,3.216028840820854,22.65423406060606,82.20022463636361
95188,STATE - KARNATAKA,"Camping grounds, recreational vehicle parks and trailer parks",4,4,0,4,4,0,0,0,0,2,2,0,2,2,0,0,0,0,6,4,22.65423406060606,82.20022463636361
95189,STATE - KARNATAKA,"Camping grounds, recreational vehicle parks and trailer parks",4,4,0,4,4,0,0,0,0,2,2,0,2,2,0,0,0,0,6,4,22.65423406060606,82.20022463636361
95190,STATE - KARNATAKA,Other accommodation,3968,1954,2014,1614,904,710,2354,1050,1304,329,125,204,95,51,44,234,74,160,4297,0.9702085402184708,22.65423406060606,82.20022463636361
95191,STATE - KARNATAKA,Other accommodation,3968,1954,2014,1614,904,710,2354,1050,1304,329,125,204,95,51,44,234,74,160,4297,0.9702085402184708,22.65423406060606,82.20022463636361
95192,STATE - KARNATAKA,Food and beverage service activities,6061,4535,1526,1999,1497,502,4062,3038,1024,1050,766,284,496,384,112,554,382,172,7111,2.971821756225426,22.65423406060606,82.20022463636361
95193,STATE - KARNATAKA,Restaurants and mobile food service activities,1624,1231,393,496,393,103,1128,838,290,211,157,54,73,59,14,138,98,40,1835,3.132315521628499,22.65423406060606,82.20022463636361
95194,STATE - KARNATAKA,Restaurants and mobile food service activities,1624,1231,393,496,393,103,1128,838,290,211,157,54,73,59,14,138,98,40,1835,3.132315521628499,22.65423406060606,82.20022463636361
95195,STATE - KARNATAKA,Event catering and other food service activities,2140,1386,754,691,434,257,1449,952,497,441,288,153,217,155,62,224,133,91,2581,1.8381962864721488,22.65423406060606,82.20022463636361
95196,STATE - KARNATAKA,Event catering,1518,997,521,521,328,193,997,669,328,352,227,125,183,129,54,169,98,71,1870,1.9136276391554703,22.65423406060606,82.20022463636361
95197,STATE - KARNATAKA,Other food service activities,622,389,233,170,106,64,452,283,169,89,61,28,34,26,8,55,35,20,711,1.669527896995708,22.65423406060606,82.20022463636361
95198,STATE - KARNATAKA,Beverage serving activities,2297,1918,379,812,670,142,1485,1248,237,398,321,77,206,170,36,192,151,41,2695,5.060686015831134,22.65423406060606,82.20022463636361
95199,STATE - KARNATAKA,Beverage serving activities,2297,1918,379,812,670,142,1485,1248,237,398,321,77,206,170,36,192,151,41,2695,5.060686015831134,22.65423406060606,82.20022463636361
95200,STATE - KARNATAKA,Publishing activities,1291,1085,206,355,319,36,936,766,170,48,37,11,18,18,0,30,19,11,1339,5.266990291262136,22.65423406060606,82.20022463636361
95201,STATE - KARNATAKA,"Publishing of books, periodicals and other publishing activities",741,679,62,256,238,18,485,441,44,29,27,2,18,18,0,11,9,2,770,10.951612903225806,22.65423406060606,82.20022463636361
95202,STATE - KARNATAKA,Book publishing,45,45,0,12,12,0,33,33,0,9,9,0,6,6,0,3,3,0,54,45,22.65423406060606,82.20022463636361
95203,STATE - KARNATAKA,"Publishing of newspapers, journals and periodicals",640,586,54,226,208,18,414,378,36,20,18,2,12,12,0,8,6,2,660,10.851851851851851,22.65423406060606,82.20022463636361
95204,STATE - KARNATAKA,Other publishing activities,56,48,8,18,18,0,38,30,8,0,0,0,0,0,0,0,0,0,56,6,22.65423406060606,82.20022463636361
95205,STATE - KARNATAKA,Software publishing,550,406,144,99,81,18,451,325,126,19,10,9,0,0,0,19,10,9,569,2.8194444444444446,22.65423406060606,82.20022463636361
95206,STATE - KARNATAKA,Software publishing,550,406,144,99,81,18,451,325,126,19,10,9,0,0,0,19,10,9,569,2.8194444444444446,22.65423406060606,82.20022463636361
95207,STATE - KARNATAKA,"Motion picture, video and television programme production, sound recording",840,823,17,231,231,0,609,592,17,160,157,3,55,55,0,105,102,3,1000,48.41176470588236,22.65423406060606,82.20022463636361
95208,STATE - KARNATAKA,"Motion picture, video and television programme activities",592,575,17,72,72,0,520,503,17,95,92,3,17,17,0,78,75,3,687,33.8235294117647,22.65423406060606,82.20022463636361
95209,STATE - KARNATAKA,"Motion picture, video and television programme post-production",29,23,6,0,0,0,29,23,6,3,0,3,0,0,0,3,0,3,32,3.8333333333333335,22.65423406060606,82.20022463636361
95210,STATE - KARNATAKA,"Motion picture, video and television programme distribution activities",72,66,6,12,12,0,60,54,6,0,0,0,0,0,0,0,0,0,72,11,22.65423406060606,82.20022463636361
95211,STATE - KARNATAKA,Motion picture projection activities,352,347,5,27,27,0,325,320,5,44,44,0,3,3,0,41,41,0,396,69.4,22.65423406060606,82.20022463636361
95212,STATE - KARNATAKA,Broadcasting and programming activities,508,441,67,52,52,0,456,389,67,33,29,4,6,6,0,27,23,4,541,6.582089552238806,22.65423406060606,82.20022463636361
95213,STATE - KARNATAKA,Radio broadcasting,144,109,35,8,8,0,136,101,35,11,11,0,0,0,0,11,11,0,155,3.1142857142857143,22.65423406060606,82.20022463636361
95214,STATE - KARNATAKA,Radio broadcasting,144,109,35,8,8,0,136,101,35,11,11,0,0,0,0,11,11,0,155,3.1142857142857143,22.65423406060606,82.20022463636361
95215,STATE - KARNATAKA,Television programming and broadcasting activities,364,332,32,44,44,0,320,288,32,22,18,4,6,6,0,16,12,4,386,10.375,22.65423406060606,82.20022463636361
95216,STATE - KARNATAKA,Television programming and broadcasting activities,364,332,32,44,44,0,320,288,32,22,18,4,6,6,0,16,12,4,386,10.375,22.65423406060606,82.20022463636361
95217,STATE - KARNATAKA,Telecommunications,6731,5880,851,1291,1194,97,5440,4686,754,585,510,75,181,170,11,404,340,64,7316,6.90951821386604,22.65423406060606,82.20022463636361
95218,STATE - KARNATAKA,Wired telecommunications activities,4389,3918,471,884,818,66,3505,3100,405,374,319,55,114,105,9,260,214,46,4763,8.318471337579618,22.65423406060606,82.20022463636361
95219,STATE - KARNATAKA,Wired telecommunications activities,4389,3918,471,884,818,66,3505,3100,405,374,319,55,114,105,9,260,214,46,4763,8.318471337579618,22.65423406060606,82.20022463636361
95220,STATE - KARNATAKA,Wireless telecommunications activities,802,665,137,97,74,23,705,591,114,67,55,12,3,3,0,64,52,12,869,4.854014598540146,22.65423406060606,82.20022463636361
95221,STATE - KARNATAKA,Wireless telecommunications activities,802,665,137,97,74,23,705,591,114,67,55,12,3,3,0,64,52,12,869,4.854014598540146,22.65423406060606,82.20022463636361
95222,STATE - KARNATAKA,Satellite telecommunications activities,89,77,12,42,42,0,47,35,12,14,12,2,12,12,0,2,0,2,103,6.416666666666667,22.65423406060606,82.20022463636361
95223,STATE - KARNATAKA,Satellite telecommunications activities,89,77,12,42,42,0,47,35,12,14,12,2,12,12,0,2,0,2,103,6.416666666666667,22.65423406060606,82.20022463636361
95224,STATE - KARNATAKA,Other telecommunications activities,1451,1220,231,268,260,8,1183,960,223,130,124,6,52,50,2,78,74,4,1581,5.2813852813852815,22.65423406060606,82.20022463636361
95225,STATE - KARNATAKA,Other telecommunications activities,1451,1220,231,268,260,8,1183,960,223,130,124,6,52,50,2,78,74,4,1581,5.2813852813852815,22.65423406060606,82.20022463636361
95226,STATE - KARNATAKA,"Computer programming, consultancy and related activities",10548,7898,2650,899,715,184,9649,7183,2466,762,530,232,80,64,16,682,466,216,11310,2.980377358490566,22.65423406060606,82.20022463636361
95227,STATE - KARNATAKA,"Computer programming, consultancy and related activities",10548,7898,2650,899,715,184,9649,7183,2466,762,530,232,80,64,16,682,466,216,11310,2.980377358490566,22.65423406060606,82.20022463636361
95228,STATE - KARNATAKA,Computer programming activities,2992,2245,747,188,161,27,2804,2084,720,176,132,44,0,0,0,176,132,44,3168,3.005354752342704,22.65423406060606,82.20022463636361
95229,STATE - KARNATAKA,Computer consultancy and computer facilities management activities,5699,4256,1443,399,323,76,5300,3933,1367,420,288,132,33,29,4,387,259,128,6119,2.9494109494109493,22.65423406060606,82.20022463636361
95230,STATE - KARNATAKA,Other information technology and computer service activities,1857,1397,460,312,231,81,1545,1166,379,166,110,56,47,35,12,119,75,44,2023,3.0369565217391306,22.65423406060606,82.20022463636361
95231,STATE - KARNATAKA,Information service activities,1945,1376,569,262,185,77,1683,1191,492,247,191,56,68,66,2,179,125,54,2192,2.4182776801405974,22.65423406060606,82.20022463636361
95232,STATE - KARNATAKA,"Data processing, hosting and related activities; web portals",874,524,350,191,116,75,683,408,275,150,116,34,44,42,2,106,74,32,1024,1.497142857142857,22.65423406060606,82.20022463636361
95233,STATE - KARNATAKA,"Data processing, hosting and related activities",835,492,343,189,116,73,646,376,270,132,98,34,26,24,2,106,74,32,967,1.434402332361516,22.65423406060606,82.20022463636361
95234,STATE - KARNATAKA,Web portals,39,32,7,2,0,2,37,32,5,18,18,0,18,18,0,0,0,0,57,4.571428571428571,22.65423406060606,82.20022463636361
95235,STATE - KARNATAKA,Other information service activities,1071,852,219,71,69,2,1000,783,217,97,75,22,24,24,0,73,51,22,1168,3.8904109589041096,22.65423406060606,82.20022463636361
95236,STATE - KARNATAKA,News agency activities,15,15,0,6,6,0,9,9,0,0,0,0,0,0,0,0,0,0,15,15,22.65423406060606,82.20022463636361
95237,STATE - KARNATAKA,Other information service activities n.e.c.,1056,837,219,65,63,2,991,774,217,97,75,22,24,24,0,73,51,22,1153,3.821917808219178,22.65423406060606,82.20022463636361
95238,STATE - KARNATAKA,"Financial service activities, except insurance and pension funding",15007,12435,2572,3033,2664,369,11974,9771,2203,915,702,213,247,218,29,668,484,184,15922,4.834758942457232,22.65423406060606,82.20022463636361
95239,STATE - KARNATAKA,Monetary intermediation,13325,10976,2349,2576,2250,326,10749,8726,2023,769,569,200,185,162,23,584,407,177,14094,4.672626649638144,22.65423406060606,82.20022463636361
95240,STATE - KARNATAKA,Central banking,231,192,39,71,57,14,160,135,25,4,4,0,0,0,0,4,4,0,235,4.923076923076923,22.65423406060606,82.20022463636361
95241,STATE - KARNATAKA,Other monetary intermediation,13094,10784,2310,2505,2193,312,10589,8591,1998,765,565,200,185,162,23,580,403,177,13859,4.668398268398269,22.65423406060606,82.20022463636361
95242,STATE - KARNATAKA,Activities of holding companies,15,11,4,6,6,0,9,5,4,0,0,0,0,0,0,0,0,0,15,2.75,22.65423406060606,82.20022463636361
95243,STATE - KARNATAKA,Activities of holding companies,15,11,4,6,6,0,9,5,4,0,0,0,0,0,0,0,0,0,15,2.75,22.65423406060606,82.20022463636361
95244,STATE - KARNATAKA,"Trusts, funds and other financial vehicles",418,360,58,133,122,11,285,238,47,26,20,6,18,12,6,8,8,0,444,6.206896551724138,22.65423406060606,82.20022463636361
95245,STATE - KARNATAKA,"Trusts, funds and other financial vehicles",418,360,58,133,122,11,285,238,47,26,20,6,18,12,6,8,8,0,444,6.206896551724138,22.65423406060606,82.20022463636361
95246,STATE - KARNATAKA,"Other financial service activities, except insurance and pension funding",1249,1088,161,318,286,32,931,802,129,120,113,7,44,44,0,76,69,7,1369,6.75776397515528,22.65423406060606,82.20022463636361
95247,STATE - KARNATAKA,Financial leasing,740,641,99,189,159,30,551,482,69,68,65,3,28,28,0,40,37,3,808,6.474747474747475,22.65423406060606,82.20022463636361
95248,STATE - KARNATAKA,Other credit granting,90,87,3,32,32,0,58,55,3,15,15,0,0,0,0,15,15,0,105,29,22.65423406060606,82.20022463636361
95249,STATE - KARNATAKA,"Other financial service activities, except insurance and pension funding",419,360,59,97,95,2,322,265,57,37,33,4,16,16,0,21,17,4,456,6.101694915254237,22.65423406060606,82.20022463636361
95250,STATE - KARNATAKA,"Insurance, reinsurance and pension funding, except compulsory social",4150,3586,564,1045,1005,40,3105,2581,524,394,297,97,172,144,28,222,153,69,4544,6.358156028368795,22.65423406060606,82.20022463636361
95251,STATE - KARNATAKA,Insurance,4139,3575,564,1045,1005,40,3094,2570,524,391,294,97,172,144,28,219,150,69,4530,6.338652482269503,22.65423406060606,82.20022463636361
95252,STATE - KARNATAKA,Life insurance,3986,3439,547,1021,981,40,2965,2458,507,379,288,91,166,144,22,213,144,69,4365,6.287020109689214,22.65423406060606,82.20022463636361
95253,STATE - KARNATAKA,Non-life insurance,153,136,17,24,24,0,129,112,17,12,6,6,6,0,6,6,6,0,165,8,22.65423406060606,82.20022463636361
95254,STATE - KARNATAKA,Reinsurance,6,6,0,0,0,0,6,6,0,3,3,0,0,0,0,3,3,0,9,6,22.65423406060606,82.20022463636361
95255,STATE - KARNATAKA,Reinsurance,6,6,0,0,0,0,6,6,0,3,3,0,0,0,0,3,3,0,9,6,22.65423406060606,82.20022463636361
95256,STATE - KARNATAKA,Pension funding,5,5,0,0,0,0,5,5,0,0,0,0,0,0,0,0,0,0,5,5,22.65423406060606,82.20022463636361
95257,STATE - KARNATAKA,Pension funding,5,5,0,0,0,0,5,5,0,0,0,0,0,0,0,0,0,0,5,5,22.65423406060606,82.20022463636361
95258,STATE - KARNATAKA,Other financial activities,853,762,91,245,227,18,608,535,73,67,59,8,20,20,0,47,39,8,920,8.373626373626374,22.65423406060606,82.20022463636361
95259,STATE - KARNATAKA,"Activities auxiliary to financial service activities, except insurance and",284,254,30,51,51,0,233,203,30,23,18,5,0,0,0,23,18,5,307,8.466666666666667,22.65423406060606,82.20022463636361
95260,STATE - KARNATAKA,Administration of financial markets,209,186,23,36,36,0,173,150,23,12,12,0,0,0,0,12,12,0,221,8.08695652173913,22.65423406060606,82.20022463636361
95261,STATE - KARNATAKA,Security and commodity contracts brokerage,18,18,0,0,0,0,18,18,0,3,0,3,0,0,0,3,0,3,21,18,22.65423406060606,82.20022463636361
95262,STATE - KARNATAKA,Activities auxiliary to financial service activities n.e.c.,57,50,7,15,15,0,42,35,7,8,6,2,0,0,0,8,6,2,65,7.142857142857143,22.65423406060606,82.20022463636361
95263,STATE - KARNATAKA,Activities auxiliary to insurance and pension funding,515,459,56,182,164,18,333,295,38,38,35,3,20,20,0,18,15,3,553,8.196428571428571,22.65423406060606,82.20022463636361
95264,STATE - KARNATAKA,Risk and damage evaluation,16,16,0,0,0,0,16,16,0,3,3,0,0,0,0,3,3,0,19,16,22.65423406060606,82.20022463636361
95265,STATE - KARNATAKA,Activities of insurance agents and brokers,284,252,32,91,81,10,193,171,22,29,26,3,14,14,0,15,12,3,313,7.875,22.65423406060606,82.20022463636361
95266,STATE - KARNATAKA,Other activities auxiliary to insurance and pension funding,215,191,24,91,83,8,124,108,16,6,6,0,6,6,0,0,0,0,221,7.958333333333333,22.65423406060606,82.20022463636361
95267,STATE - KARNATAKA,Fund management activities,54,49,5,12,12,0,42,37,5,6,6,0,0,0,0,6,6,0,60,9.8,22.65423406060606,82.20022463636361
95268,STATE - KARNATAKA,Fund management activities,54,49,5,12,12,0,42,37,5,6,6,0,0,0,0,6,6,0,60,9.8,22.65423406060606,82.20022463636361
95269,STATE - KARNATAKA,Real estate activities,2748,2680,68,457,445,12,2291,2235,56,153,141,12,48,42,6,105,99,6,2901,39.41176470588236,22.65423406060606,82.20022463636361
95270,STATE - KARNATAKA,Real estate activities with own or leased property,316,296,20,65,57,8,251,239,12,12,12,0,6,6,0,6,6,0,328,14.8,22.65423406060606,82.20022463636361
95271,STATE - KARNATAKA,Real estate activities with own or leased property,316,296,20,65,57,8,251,239,12,12,12,0,6,6,0,6,6,0,328,14.8,22.65423406060606,82.20022463636361
95272,STATE - KARNATAKA,Real estate activities on a fee or contract basis,2432,2384,48,392,388,4,2040,1996,44,141,129,12,42,36,6,99,93,6,2573,49.66666666666666,22.65423406060606,82.20022463636361
95273,STATE - KARNATAKA,Real estate activities on a fee or contract basis,2432,2384,48,392,388,4,2040,1996,44,141,129,12,42,36,6,99,93,6,2573,49.66666666666666,22.65423406060606,82.20022463636361
95274,STATE - KARNATAKA,Legal and accounting activities,5736,4666,1070,1828,1664,164,3908,3002,906,518,360,158,164,150,14,354,210,144,6254,4.360747663551402,22.65423406060606,82.20022463636361
95275,STATE - KARNATAKA,Legal activities,4054,3433,621,1549,1423,126,2505,2010,495,353,279,74,155,141,14,198,138,60,4407,5.528180354267311,22.65423406060606,82.20022463636361
95276,STATE - KARNATAKA,Legal activities,4054,3433,621,1549,1423,126,2505,2010,495,353,279,74,155,141,14,198,138,60,4407,5.528180354267311,22.65423406060606,82.20022463636361
95277,STATE - KARNATAKA,"Accounting, bookkeeping and auditing activities; tax consultancy",1682,1233,449,279,241,38,1403,992,411,165,81,84,9,9,0,156,72,84,1847,2.746102449888641,22.65423406060606,82.20022463636361
95278,STATE - KARNATAKA,"Accounting, bookkeeping and auditing activities; tax consultancy",1682,1233,449,279,241,38,1403,992,411,165,81,84,9,9,0,156,72,84,1847,2.746102449888641,22.65423406060606,82.20022463636361
95279,STATE - KARNATAKA,Activities of head offices; management consultancy activities,111,76,35,26,26,0,85,50,35,3,3,0,0,0,0,3,3,0,114,2.1714285714285717,22.65423406060606,82.20022463636361
95280,STATE - KARNATAKA,Activities of head offices,49,38,11,20,20,0,29,18,11,0,0,0,0,0,0,0,0,0,49,3.4545454545454546,22.65423406060606,82.20022463636361
95281,STATE - KARNATAKA,Activities of head offices,49,38,11,20,20,0,29,18,11,0,0,0,0,0,0,0,0,0,49,3.4545454545454546,22.65423406060606,82.20022463636361
95282,STATE - KARNATAKA,Management consultancy activities,62,38,24,6,6,0,56,32,24,3,3,0,0,0,0,3,3,0,65,1.5833333333333333,22.65423406060606,82.20022463636361
95283,STATE - KARNATAKA,Management consultancy activities,62,38,24,6,6,0,56,32,24,3,3,0,0,0,0,3,3,0,65,1.5833333333333333,22.65423406060606,82.20022463636361
95284,STATE - KARNATAKA,Architecture and engineering activities; technical testing and analysis,1222,1049,173,156,131,25,1066,918,148,99,93,6,12,12,0,87,81,6,1321,6.063583815028902,22.65423406060606,82.20022463636361
95285,STATE - KARNATAKA,Architectural and engineering activities and related technical consultancy,1181,1008,173,156,131,25,1025,877,148,96,90,6,12,12,0,84,78,6,1277,5.826589595375722,22.65423406060606,82.20022463636361
95286,STATE - KARNATAKA,Architectural and engineering activities and related technical,1181,1008,173,156,131,25,1025,877,148,96,90,6,12,12,0,84,78,6,1277,5.826589595375722,22.65423406060606,82.20022463636361
95287,STATE - KARNATAKA,Technical testing and analysis,41,41,0,0,0,0,41,41,0,3,3,0,0,0,0,3,3,0,44,41,22.65423406060606,82.20022463636361
95288,STATE - KARNATAKA,Technical testing and analysis,41,41,0,0,0,0,41,41,0,3,3,0,0,0,0,3,3,0,44,41,22.65423406060606,82.20022463636361
95289,STATE - KARNATAKA,Scientific research and development,1121,871,250,95,81,14,1026,790,236,60,53,7,0,0,0,60,53,7,1181,3.484,22.65423406060606,82.20022463636361
95290,STATE - KARNATAKA,Research and experimental development on natural sciences and,919,719,200,87,73,14,832,646,186,49,42,7,0,0,0,49,42,7,968,3.595,22.65423406060606,82.20022463636361
95291,STATE - KARNATAKA,Research and experimental development on natural sciences and,919,719,200,87,73,14,832,646,186,49,42,7,0,0,0,49,42,7,968,3.595,22.65423406060606,82.20022463636361
95292,STATE - KARNATAKA,Research and experimental development on social sciences and humanities,202,152,50,8,8,0,194,144,50,11,11,0,0,0,0,11,11,0,213,3.04,22.65423406060606,82.20022463636361
95293,STATE - KARNATAKA,Research and experimental development on social sciences and,202,152,50,8,8,0,194,144,50,11,11,0,0,0,0,11,11,0,213,3.04,22.65423406060606,82.20022463636361
95294,STATE - KARNATAKA,Advertising and market research,273,245,28,37,27,10,236,218,18,26,19,7,6,6,0,20,13,7,299,8.75,22.65423406060606,82.20022463636361
95295,STATE - KARNATAKA,Advertising,193,179,14,15,15,0,178,164,14,21,17,4,6,6,0,15,11,4,214,12.785714285714286,22.65423406060606,82.20022463636361
95296,STATE - KARNATAKA,Advertising,193,179,14,15,15,0,178,164,14,21,17,4,6,6,0,15,11,4,214,12.785714285714286,22.65423406060606,82.20022463636361
95297,STATE - KARNATAKA,Market research and public opinion polling,80,66,14,22,12,10,58,54,4,5,2,3,0,0,0,5,2,3,85,4.714285714285714,22.65423406060606,82.20022463636361
95298,STATE - KARNATAKA,Market research and public opinion polling,80,66,14,22,12,10,58,54,4,5,2,3,0,0,0,5,2,3,85,4.714285714285714,22.65423406060606,82.20022463636361
95299,STATE - KARNATAKA,"Other professional, scientific and technical activities",4133,3850,283,1091,1050,41,3042,2800,242,591,551,40,251,233,18,340,318,22,4724,13.604240282685511,22.65423406060606,82.20022463636361
95300,STATE - KARNATAKA,Specialized design activities,1076,989,87,183,179,4,893,810,83,192,175,17,98,92,6,94,83,11,1268,11.367816091954024,22.65423406060606,82.20022463636361
95301,STATE - KARNATAKA,Specialized design activities,1076,989,87,183,179,4,893,810,83,192,175,17,98,92,6,94,83,11,1268,11.367816091954024,22.65423406060606,82.20022463636361
95302,STATE - KARNATAKA,Photographic activities,2392,2293,99,836,814,22,1556,1479,77,323,303,20,131,119,12,192,184,8,2715,23.161616161616163,22.65423406060606,82.20022463636361
95303,STATE - KARNATAKA,Photographic activities,2392,2293,99,836,814,22,1556,1479,77,323,303,20,131,119,12,192,184,8,2715,23.161616161616163,22.65423406060606,82.20022463636361
95304,STATE - KARNATAKA,"Other professional, scientific and technical activities n.e.c.",665,568,97,72,57,15,593,511,82,76,73,3,22,22,0,54,51,3,741,5.855670103092783,22.65423406060606,82.20022463636361
95305,STATE - KARNATAKA,"Other professional, scientific and technical activities n.e.c.",665,568,97,72,57,15,593,511,82,76,73,3,22,22,0,54,51,3,741,5.855670103092783,22.65423406060606,82.20022463636361
95306,STATE - KARNATAKA,Veterinary activities,1312,1164,148,634,576,58,678,588,90,52,35,17,29,21,8,23,14,9,1364,7.864864864864865,22.65423406060606,82.20022463636361
95307,STATE - KARNATAKA,Veterinary activities,1312,1164,148,634,576,58,678,588,90,52,35,17,29,21,8,23,14,9,1364,7.864864864864865,22.65423406060606,82.20022463636361
95308,STATE - KARNATAKA,Veterinary activities,1312,1164,148,634,576,58,678,588,90,52,35,17,29,21,8,23,14,9,1364,7.864864864864865,22.65423406060606,82.20022463636361
95309,STATE - KARNATAKA,Rental and leasing activities,1093,1072,21,460,460,0,633,612,21,149,135,14,58,52,6,91,83,8,1242,51.04761904761905,22.65423406060606,82.20022463636361
95310,STATE - KARNATAKA,Renting and leasing of motor vehicles,11,11,0,6,6,0,5,5,0,0,0,0,0,0,0,0,0,0,11,11,22.65423406060606,82.20022463636361
95311,STATE - KARNATAKA,Renting and leasing of motor vehicles,11,11,0,6,6,0,5,5,0,0,0,0,0,0,0,0,0,0,11,11,22.65423406060606,82.20022463636361
95312,STATE - KARNATAKA,Renting and leasing of personal and household goods,1064,1043,21,442,442,0,622,601,21,149,135,14,58,52,6,91,83,8,1213,49.66666666666666,22.65423406060606,82.20022463636361
95313,STATE - KARNATAKA,Renting and leasing of recreational and sports goods,6,6,0,6,6,0,0,0,0,0,0,0,0,0,0,0,0,0,6,6,22.65423406060606,82.20022463636361
95314,STATE - KARNATAKA,Renting and leasing of other personal and household goods n.e.c.,1058,1037,21,436,436,0,622,601,21,149,135,14,58,52,6,91,83,8,1207,49.38095238095238,22.65423406060606,82.20022463636361
95315,STATE - KARNATAKA,"Renting and leasing of other machinery, equipment and tangible goods",15,15,0,12,12,0,3,3,0,0,0,0,0,0,0,0,0,0,15,15,22.65423406060606,82.20022463636361
95316,STATE - KARNATAKA,"Renting and leasing of other machinery, equipment and tangible goods",15,15,0,12,12,0,3,3,0,0,0,0,0,0,0,0,0,0,15,15,22.65423406060606,82.20022463636361
95317,STATE - KARNATAKA,Leasing of nonfinancial intangible assets,3,3,0,0,0,0,3,3,0,0,0,0,0,0,0,0,0,0,3,3,22.65423406060606,82.20022463636361
95318,STATE - KARNATAKA,Leasing of nonfinancial intangible assets,3,3,0,0,0,0,3,3,0,0,0,0,0,0,0,0,0,0,3,3,22.65423406060606,82.20022463636361
95319,STATE - KARNATAKA,Employment activities,257,166,91,16,12,4,241,154,87,30,14,16,6,6,0,24,8,16,287,1.824175824175824,22.65423406060606,82.20022463636361
95320,STATE - KARNATAKA,Activities of employment placement agencies,164,121,43,8,6,2,156,115,41,22,14,8,6,6,0,16,8,8,186,2.813953488372093,22.65423406060606,82.20022463636361
95321,STATE - KARNATAKA,Activities of employment placement agencies,164,121,43,8,6,2,156,115,41,22,14,8,6,6,0,16,8,8,186,2.813953488372093,22.65423406060606,82.20022463636361
95322,STATE - KARNATAKA,Temporary employment agency activities,12,9,3,6,6,0,6,3,3,3,0,3,0,0,0,3,0,3,15,3,22.65423406060606,82.20022463636361
95323,STATE - KARNATAKA,Temporary employment agency activities,12,9,3,6,6,0,6,3,3,3,0,3,0,0,0,3,0,3,15,3,22.65423406060606,82.20022463636361
95324,STATE - KARNATAKA,Human resources provision and management of human resources functions,81,36,45,2,0,2,79,36,43,5,0,5,0,0,0,5,0,5,86,0.8,22.65423406060606,82.20022463636361
95325,STATE - KARNATAKA,Human resources provision and management of human resources,81,36,45,2,0,2,79,36,43,5,0,5,0,0,0,5,0,5,86,0.8,22.65423406060606,82.20022463636361
95326,STATE - KARNATAKA,"Travel agency, tour operator and other reservation service activities",176,158,18,38,38,0,138,120,18,30,30,0,18,18,0,12,12,0,206,8.777777777777779,22.65423406060606,82.20022463636361
95327,STATE - KARNATAKA,Travel agency and tour operator activities,152,134,18,32,32,0,120,102,18,18,18,0,12,12,0,6,6,0,170,7.444444444444445,22.65423406060606,82.20022463636361
95328,STATE - KARNATAKA,Travel agency activities,147,131,16,32,32,0,115,99,16,18,18,0,12,12,0,6,6,0,165,8.1875,22.65423406060606,82.20022463636361
95329,STATE - KARNATAKA,Tour operator activities,5,3,2,0,0,0,5,3,2,0,0,0,0,0,0,0,0,0,5,1.5,22.65423406060606,82.20022463636361
95330,STATE - KARNATAKA,Other reservation service activities,24,24,0,6,6,0,18,18,0,12,12,0,6,6,0,6,6,0,36,24,22.65423406060606,82.20022463636361
95331,STATE - KARNATAKA,Other reservation service and related activities,24,24,0,6,6,0,18,18,0,12,12,0,6,6,0,6,6,0,36,24,22.65423406060606,82.20022463636361
95332,STATE - KARNATAKA,Security and investigation activities,5903,5657,246,1092,1050,42,4811,4607,204,651,625,26,194,192,2,457,433,24,6554,22.995934959349597,22.65423406060606,82.20022463636361
95333,STATE - KARNATAKA,Private security activities,3026,2911,115,594,564,30,2432,2347,85,291,275,16,69,67,2,222,208,14,3317,25.31304347826087,22.65423406060606,82.20022463636361
95334,STATE - KARNATAKA,Private security activities,3026,2911,115,594,564,30,2432,2347,85,291,275,16,69,67,2,222,208,14,3317,25.31304347826087,22.65423406060606,82.20022463636361
95335,STATE - KARNATAKA,Security systems service activities,2778,2649,129,474,462,12,2304,2187,117,348,338,10,125,125,0,223,213,10,3126,20.53488372093023,22.65423406060606,82.20022463636361
95336,STATE - KARNATAKA,Security systems service activities,2778,2649,129,474,462,12,2304,2187,117,348,338,10,125,125,0,223,213,10,3126,20.53488372093023,22.65423406060606,82.20022463636361
95337,STATE - KARNATAKA,Investigation activities,99,97,2,24,24,0,75,73,2,12,12,0,0,0,0,12,12,0,111,48.5,22.65423406060606,82.20022463636361
95338,STATE - KARNATAKA,Investigation activities,99,97,2,24,24,0,75,73,2,12,12,0,0,0,0,12,12,0,111,48.5,22.65423406060606,82.20022463636361
95339,STATE - KARNATAKA,Services to buildings and landscape activities,2765,1695,1070,671,474,197,2094,1221,873,298,153,145,100,53,47,198,100,98,3063,1.5841121495327102,22.65423406060606,82.20022463636361
95340,STATE - KARNATAKA,Combined facilities support activities,256,143,113,82,58,24,174,85,89,37,13,24,20,6,14,17,7,10,293,1.2654867256637168,22.65423406060606,82.20022463636361
95341,STATE - KARNATAKA,Combined facilities support activities,256,143,113,82,58,24,174,85,89,37,13,24,20,6,14,17,7,10,293,1.2654867256637168,22.65423406060606,82.20022463636361
95342,STATE - KARNATAKA,Cleaning activities,984,534,450,240,188,52,744,346,398,127,62,65,34,20,14,93,42,51,1111,1.1866666666666668,22.65423406060606,82.20022463636361
95343,STATE - KARNATAKA,General cleaning of buildings,539,265,274,72,46,26,467,219,248,72,26,46,14,8,6,58,18,40,611,0.9671532846715328,22.65423406060606,82.20022463636361
95344,STATE - KARNATAKA,Other building and industrial cleaning activities,445,269,176,168,142,26,277,127,150,55,36,19,20,12,8,35,24,11,500,1.5284090909090908,22.65423406060606,82.20022463636361
95345,STATE - KARNATAKA,Landscape care and maintenance service activities,1525,1018,507,349,228,121,1176,790,386,134,78,56,46,27,19,88,51,37,1659,2.007889546351085,22.65423406060606,82.20022463636361
95346,STATE - KARNATAKA,Landscape care and maintenance service activities,1525,1018,507,349,228,121,1176,790,386,134,78,56,46,27,19,88,51,37,1659,2.007889546351085,22.65423406060606,82.20022463636361
95347,STATE - KARNATAKA,"Office administrative, office support and other business support activities",15583,11956,3627,1598,1330,268,13985,10626,3359,1488,1093,395,223,198,25,1265,895,370,17071,3.296388199614006,22.65423406060606,82.20022463636361
95348,STATE - KARNATAKA,Office administrative and support activities,6552,4983,1569,711,559,152,5841,4424,1417,627,446,181,127,119,8,500,327,173,7179,3.175908221797324,22.65423406060606,82.20022463636361
95349,STATE - KARNATAKA,Combined office administrative service activities,234,189,45,80,72,8,154,117,37,28,25,3,14,14,0,14,11,3,262,4.2,22.65423406060606,82.20022463636361
95350,STATE - KARNATAKA,"Photocopying, document preparation and other specialized office",6318,4794,1524,631,487,144,5687,4307,1380,599,421,178,113,105,8,486,316,170,6917,3.145669291338583,22.65423406060606,82.20022463636361
95351,STATE - KARNATAKA,Activities of call centres,2419,1693,726,106,94,12,2313,1599,714,245,163,82,18,12,6,227,151,76,2664,2.331955922865014,22.65423406060606,82.20022463636361
95352,STATE - KARNATAKA,Activities of call centres,2419,1693,726,106,94,12,2313,1599,714,245,163,82,18,12,6,227,151,76,2664,2.331955922865014,22.65423406060606,82.20022463636361
95353,STATE - KARNATAKA,Organization of conventions and trade shows,35,35,0,0,0,0,35,35,0,0,0,0,0,0,0,0,0,0,35,35,22.65423406060606,82.20022463636361
95354,STATE - KARNATAKA,Organization of conventions and trade shows,35,35,0,0,0,0,35,35,0,0,0,0,0,0,0,0,0,0,35,35,22.65423406060606,82.20022463636361
95355,STATE - KARNATAKA,Business support service activities n.e.c.,6577,5245,1332,781,677,104,5796,4568,1228,616,484,132,78,67,11,538,417,121,7193,3.937687687687688,22.65423406060606,82.20022463636361
95356,STATE - KARNATAKA,Activities of collection agencies and credit bureaus,273,233,40,15,15,0,258,218,40,23,17,6,0,0,0,23,17,6,296,5.825,22.65423406060606,82.20022463636361
95357,STATE - KARNATAKA,Packaging activities,177,122,55,64,50,14,113,72,41,19,11,8,8,6,2,11,5,6,196,2.2181818181818183,22.65423406060606,82.20022463636361
95358,STATE - KARNATAKA,Other business support service activities n.e.c.,6127,4890,1237,702,612,90,5425,4278,1147,574,456,118,70,61,9,504,395,109,6701,3.953112368633792,22.65423406060606,82.20022463636361
95359,STATE - KARNATAKA,"Regulation of the activities of providing health care, education, cultural",1163,757,406,481,266,215,682,491,191,65,49,16,42,32,10,23,17,6,1228,1.8645320197044333,22.65423406060606,82.20022463636361
95360,STATE - KARNATAKA,Regulation of and contribution to more efficient operation of,24,21,3,6,6,0,18,15,3,0,0,0,0,0,0,0,0,0,24,7,22.65423406060606,82.20022463636361
95361,STATE - KARNATAKA,Provision of services to the community as a whole,11586,10690,896,3361,3185,176,8225,7505,720,445,394,51,179,149,30,266,245,21,12031,11.930803571428571,22.65423406060606,82.20022463636361
95362,STATE - KARNATAKA,Foreign affairs,91,60,31,19,17,2,72,43,29,15,12,3,6,6,0,9,6,3,106,1.935483870967742,22.65423406060606,82.20022463636361
95363,STATE - KARNATAKA,Defence activities,2897,2694,203,672,654,18,2225,2040,185,145,131,14,41,35,6,104,96,8,3042,13.270935960591132,22.65423406060606,82.20022463636361
95364,STATE - KARNATAKA,Public order and safety activities,8598,7936,662,2670,2514,156,5928,5422,506,285,251,34,132,108,24,153,143,10,8883,11.987915407854985,22.65423406060606,82.20022463636361
95365,STATE - KARNATAKA,Compulsory social security activities,10203,7922,2281,2639,2232,407,7564,5690,1874,700,454,246,206,139,67,494,315,179,10903,3.473038141166155,22.65423406060606,82.20022463636361
95366,STATE - KARNATAKA,Compulsory social security activities,10203,7922,2281,2639,2232,407,7564,5690,1874,700,454,246,206,139,67,494,315,179,10903,3.473038141166155,22.65423406060606,82.20022463636361
95367,STATE - KARNATAKA,Primary education,45471,24214,21257,21595,13573,8022,23876,10641,13235,2894,1339,1555,1636,888,748,1258,451,807,48365,1.1391071176553609,22.65423406060606,82.20022463636361
95368,STATE - KARNATAKA,Primary education,45471,24214,21257,21595,13573,8022,23876,10641,13235,2894,1339,1555,1636,888,748,1258,451,807,48365,1.1391071176553609,22.65423406060606,82.20022463636361
95369,STATE - KARNATAKA,Secondary education,8095,5564,2531,3717,2857,860,4378,2707,1671,422,279,143,245,191,54,177,88,89,8517,2.198340576847096,22.65423406060606,82.20022463636361
95370,STATE - KARNATAKA,General secondary education,8043,5535,2508,3703,2843,860,4340,2692,1648,419,276,143,245,191,54,174,85,89,8462,2.2069377990430623,22.65423406060606,82.20022463636361
95371,STATE - KARNATAKA,Technical and vocational secondary education,52,29,23,14,14,0,38,15,23,3,3,0,0,0,0,3,3,0,55,1.2608695652173914,22.65423406060606,82.20022463636361
95372,STATE - KARNATAKA,Higher education,13939,10138,3801,3980,3275,705,9959,6863,3096,919,605,314,392,292,100,527,313,214,14858,2.667192843988424,22.65423406060606,82.20022463636361
95373,STATE - KARNATAKA,Higher education,13939,10138,3801,3980,3275,705,9959,6863,3096,919,605,314,392,292,100,527,313,214,14858,2.667192843988424,22.65423406060606,82.20022463636361
95374,STATE - KARNATAKA,Other education,4093,2357,1736,1956,1006,950,2137,1351,786,562,288,274,307,166,141,255,122,133,4655,1.3577188940092166,22.65423406060606,82.20022463636361
95375,STATE - KARNATAKA,Sports and recreation education,820,669,151,342,282,60,478,387,91,42,19,23,2,0,2,40,19,21,862,4.430463576158941,22.65423406060606,82.20022463636361
95376,STATE - KARNATAKA,Cultural education,203,161,42,87,70,17,116,91,25,24,21,3,15,15,0,9,6,3,227,3.8333333333333335,22.65423406060606,82.20022463636361
95377,STATE - KARNATAKA,Other education n.e.c.,3070,1527,1543,1527,654,873,1543,873,670,496,248,248,290,151,139,206,97,109,3566,0.9896305897602072,22.65423406060606,82.20022463636361
95378,STATE - KARNATAKA,Educational support services,20422,7518,12904,11640,3073,8567,8782,4445,4337,1547,427,1120,1018,250,768,529,177,352,21969,0.5826100433973962,22.65423406060606,82.20022463636361
95379,STATE - KARNATAKA,Educational support services,20422,7518,12904,11640,3073,8567,8782,4445,4337,1547,427,1120,1018,250,768,529,177,352,21969,0.5826100433973962,22.65423406060606,82.20022463636361
95380,STATE - KARNATAKA,Human health activities,34562,12684,21878,14791,4015,10776,19771,8669,11102,2661,856,1805,1138,321,817,1523,535,988,37223,0.5797604899899442,22.65423406060606,82.20022463636361
95381,STATE - KARNATAKA,Hospital activities,15429,7168,8261,4668,2017,2651,10761,5151,5610,1220,544,676,409,191,218,811,353,458,16649,0.8676915627647984,22.65423406060606,82.20022463636361
95382,STATE - KARNATAKA,Hospital activities,15429,7168,8261,4668,2017,2651,10761,5151,5610,1220,544,676,409,191,218,811,353,458,16649,0.8676915627647984,22.65423406060606,82.20022463636361
95383,STATE - KARNATAKA,Medical and dental practice activities,2674,1767,907,693,543,150,1981,1224,757,155,80,75,24,14,10,131,66,65,2829,1.948180815876516,22.65423406060606,82.20022463636361
95384,STATE - KARNATAKA,Medical and dental practice activities,2674,1767,907,693,543,150,1981,1224,757,155,80,75,24,14,10,131,66,65,2829,1.948180815876516,22.65423406060606,82.20022463636361
95385,STATE - KARNATAKA,Other human health activities,16459,3749,12710,9430,1455,7975,7029,2294,4735,1286,232,1054,705,116,589,581,116,465,17745,0.2949645948072384,22.65423406060606,82.20022463636361
95386,STATE - KARNATAKA,Other human health activities,16459,3749,12710,9430,1455,7975,7029,2294,4735,1286,232,1054,705,116,589,581,116,465,17745,0.2949645948072384,22.65423406060606,82.20022463636361
95387,STATE - KARNATAKA,Residential care activities,88,49,39,18,10,8,70,39,31,14,8,6,14,8,6,0,0,0,102,1.2564102564102564,22.65423406060606,82.20022463636361
95388,STATE - KARNATAKA,Nursing care facilities,11,3,8,2,0,2,9,3,6,0,0,0,0,0,0,0,0,0,11,0.375,22.65423406060606,82.20022463636361
95389,STATE - KARNATAKA,Nursing care facilities,11,3,8,2,0,2,9,3,6,0,0,0,0,0,0,0,0,0,11,0.375,22.65423406060606,82.20022463636361
95390,STATE - KARNATAKA,"Residential care activities for mental retardation, mental health and substance",12,12,0,0,0,0,12,12,0,2,2,0,2,2,0,0,0,0,14,12,22.65423406060606,82.20022463636361
95391,STATE - KARNATAKA,"Residential care activities for mental retardation, mental health and",12,12,0,0,0,0,12,12,0,2,2,0,2,2,0,0,0,0,14,12,22.65423406060606,82.20022463636361
95392,STATE - KARNATAKA,Residential care activities for the elderly and disabled,17,14,3,2,2,0,15,12,3,0,0,0,0,0,0,0,0,0,17,4.666666666666667,22.65423406060606,82.20022463636361
95393,STATE - KARNATAKA,Residential care activities for the elderly and disabled,17,14,3,2,2,0,15,12,3,0,0,0,0,0,0,0,0,0,17,4.666666666666667,22.65423406060606,82.20022463636361
95394,STATE - KARNATAKA,Other residential care activities n.e.c.,48,20,28,14,8,6,34,12,22,12,6,6,12,6,6,0,0,0,60,0.7142857142857143,22.65423406060606,82.20022463636361
95395,STATE - KARNATAKA,Other residential care activities n.e.c.,48,20,28,14,8,6,34,12,22,12,6,6,12,6,6,0,0,0,60,0.7142857142857143,22.65423406060606,82.20022463636361
95396,STATE - KARNATAKA,Social work activities without accommodation,12154,2705,9449,8010,1059,6951,4144,1646,2498,1054,410,644,631,158,473,423,252,171,13208,0.2862736797544714,22.65423406060606,82.20022463636361
95397,STATE - KARNATAKA,Social work activities without accommodation for the elderly and disabled,2113,459,1654,1307,156,1151,806,303,503,198,62,136,117,20,97,81,42,39,2311,0.277509068923821,22.65423406060606,82.20022463636361
95398,STATE - KARNATAKA,Social work activities without accommodation for the elderly and,2113,459,1654,1307,156,1151,806,303,503,198,62,136,117,20,97,81,42,39,2311,0.277509068923821,22.65423406060606,82.20022463636361
95399,STATE - KARNATAKA,Other social work activities without accommodation n.e.c.,10041,2246,7795,6703,903,5800,3338,1343,1995,856,348,508,514,138,376,342,210,132,10897,0.2881334188582424,22.65423406060606,82.20022463636361
95400,STATE - KARNATAKA,Other social work activities without accommodation n.e.c.,10041,2246,7795,6703,903,5800,3338,1343,1995,856,348,508,514,138,376,342,210,132,10897,0.2881334188582424,22.65423406060606,82.20022463636361
95401,STATE - KARNATAKA,"Creative, arts and entertainment activities",6607,5960,647,3260,2958,302,3347,3002,345,1899,1613,286,1365,1161,204,534,452,82,8506,9.211746522411127,22.65423406060606,82.20022463636361
95402,STATE - KARNATAKA,"Creative, arts and entertainment activities",6607,5960,647,3260,2958,302,3347,3002,345,1899,1613,286,1365,1161,204,534,452,82,8506,9.211746522411127,22.65423406060606,82.20022463636361
95403,STATE - KARNATAKA,"Dramatic arts, music and other arts activities",6607,5960,647,3260,2958,302,3347,3002,345,1899,1613,286,1365,1161,204,534,452,82,8506,9.211746522411127,22.65423406060606,82.20022463636361
95404,STATE - KARNATAKA,"Libraries, archives, museums and other cultural activities",1451,944,507,691,457,234,760,487,273,164,120,44,109,80,29,55,40,15,1615,1.861932938856016,22.65423406060606,82.20022463636361
95405,STATE - KARNATAKA,"Libraries, archives, museums and other cultural activities",1451,944,507,691,457,234,760,487,273,164,120,44,109,80,29,55,40,15,1615,1.861932938856016,22.65423406060606,82.20022463636361
95406,STATE - KARNATAKA,Library and archives activities,949,592,357,494,318,176,455,274,181,118,82,36,90,61,29,28,21,7,1067,1.658263305322129,22.65423406060606,82.20022463636361
95407,STATE - KARNATAKA,Museums activities and operation of historical sites and buildings,58,26,32,6,0,6,52,26,26,3,3,0,0,0,0,3,3,0,61,0.8125,22.65423406060606,82.20022463636361
95408,STATE - KARNATAKA,Botanical and zoological gardens and nature reserves activities,444,326,118,191,139,52,253,187,66,43,35,8,19,19,0,24,16,8,487,2.76271186440678,22.65423406060606,82.20022463636361
95409,STATE - KARNATAKA,Gambling and betting activities,155,146,9,18,18,0,137,128,9,0,0,0,0,0,0,0,0,0,155,16.22222222222222,22.65423406060606,82.20022463636361
95410,STATE - KARNATAKA,Gambling and betting activities,155,146,9,18,18,0,137,128,9,0,0,0,0,0,0,0,0,0,155,16.22222222222222,22.65423406060606,82.20022463636361
95411,STATE - KARNATAKA,Gambling and betting activities,155,146,9,18,18,0,137,128,9,0,0,0,0,0,0,0,0,0,155,16.22222222222222,22.65423406060606,82.20022463636361
95412,STATE - KARNATAKA,Sports activities and amusement and recreation activities,1272,1145,127,470,428,42,802,717,85,257,227,30,179,161,18,78,66,12,1529,9.015748031496065,22.65423406060606,82.20022463636361
95413,STATE - KARNATAKA,Sports activities,481,417,64,37,29,8,444,388,56,58,47,11,18,12,6,40,35,5,539,6.515625,22.65423406060606,82.20022463636361
95414,STATE - KARNATAKA,Operation of sports facilities,66,62,4,10,8,2,56,54,2,5,3,2,0,0,0,5,3,2,71,15.5,22.65423406060606,82.20022463636361
95415,STATE - KARNATAKA,Activities of sports clubs,201,169,32,9,3,6,192,166,26,23,17,6,12,6,6,11,11,0,224,5.28125,22.65423406060606,82.20022463636361
95416,STATE - KARNATAKA,Other sports activities,214,186,28,18,18,0,196,168,28,30,27,3,6,6,0,24,21,3,244,6.642857142857143,22.65423406060606,82.20022463636361
95417,STATE - KARNATAKA,Other amusement and recreation activities,791,728,63,433,399,34,358,329,29,199,180,19,161,149,12,38,31,7,990,11.555555555555555,22.65423406060606,82.20022463636361
95418,STATE - KARNATAKA,Activities of amusement parks and theme parks,65,53,12,18,18,0,47,35,12,8,6,2,0,0,0,8,6,2,73,4.416666666666667,22.65423406060606,82.20022463636361
95419,STATE - KARNATAKA,Other amusement and recreation activities n.e.c.,726,675,51,415,381,34,311,294,17,191,174,17,161,149,12,30,25,5,917,13.235294117647058,22.65423406060606,82.20022463636361
95420,STATE - KARNATAKA,Activities of membership organizations,4192,3495,697,2585,2151,434,1607,1344,263,695,562,133,480,401,79,215,161,54,4887,5.014347202295553,22.65423406060606,82.20022463636361
95421,STATE - KARNATAKA,"Activities of business, employers and professional membership",155,128,27,73,70,3,82,58,24,6,6,0,6,6,0,0,0,0,161,4.7407407407407405,22.65423406060606,82.20022463636361
95422,STATE - KARNATAKA,Activities of business and employers membership organizations,155,128,27,73,70,3,82,58,24,6,6,0,6,6,0,0,0,0,161,4.7407407407407405,22.65423406060606,82.20022463636361
95423,STATE - KARNATAKA,Activities of trade unions,88,65,23,48,28,20,40,37,3,27,15,12,18,6,12,9,9,0,115,2.8260869565217392,22.65423406060606,82.20022463636361
95424,STATE - KARNATAKA,Activities of trade unions,88,65,23,48,28,20,40,37,3,27,15,12,18,6,12,9,9,0,115,2.8260869565217392,22.65423406060606,82.20022463636361
95425,STATE - KARNATAKA,Activities of other membership organizations,3949,3302,647,2464,2053,411,1485,1249,236,662,541,121,456,389,67,206,152,54,4611,5.10355486862442,22.65423406060606,82.20022463636361
95426,STATE - KARNATAKA,Activities of religious organizations,2534,2127,407,1528,1311,217,1006,816,190,437,343,94,283,235,48,154,108,46,2971,5.226044226044226,22.65423406060606,82.20022463636361
95427,STATE - KARNATAKA,Activities of political organizations,1190,985,205,796,628,168,394,357,37,173,154,19,139,128,11,34,26,8,1363,4.804878048780488,22.65423406060606,82.20022463636361
95428,STATE - KARNATAKA,Activities of other membership organizations n.e.c.,225,190,35,140,114,26,85,76,9,52,44,8,34,26,8,18,18,0,277,5.428571428571429,22.65423406060606,82.20022463636361
95429,STATE - KARNATAKA,Repair of computers and personal and household goods,9302,8244,1058,2782,2471,311,6520,5773,747,1343,1007,336,600,433,167,743,574,169,10645,7.792060491493384,22.65423406060606,82.20022463636361
95430,STATE - KARNATAKA,Repair of computers and communication equipment,844,787,57,196,191,5,648,596,52,98,86,12,35,32,3,63,54,9,942,13.807017543859647,22.65423406060606,82.20022463636361
95431,STATE - KARNATAKA,Repair of computers and peripheral equipment,448,399,49,88,83,5,360,316,44,46,37,9,15,12,3,31,25,6,494,8.142857142857142,22.65423406060606,82.20022463636361
95432,STATE - KARNATAKA,Repair of communication equipment,396,388,8,108,108,0,288,280,8,52,49,3,20,20,0,32,29,3,448,48.5,22.65423406060606,82.20022463636361
95433,STATE - KARNATAKA,Repair of personal and household goods,8458,7457,1001,2586,2280,306,5872,5177,695,1245,921,324,565,401,164,680,520,160,9703,7.44955044955045,22.65423406060606,82.20022463636361
95434,STATE - KARNATAKA,Repair of consumer electronics,967,809,158,354,298,56,613,511,102,157,121,36,104,79,25,53,42,11,1124,5.120253164556962,22.65423406060606,82.20022463636361
95435,STATE - KARNATAKA,Repair of household appliances and home and garden equipment,1049,860,189,242,206,36,807,654,153,64,55,9,33,33,0,31,22,9,1113,4.550264550264551,22.65423406060606,82.20022463636361
95436,STATE - KARNATAKA,Repair of footwear and leather goods,2719,2468,251,460,411,49,2259,2057,202,318,273,45,79,67,12,239,206,33,3037,9.832669322709163,22.65423406060606,82.20022463636361
95437,STATE - KARNATAKA,Repair of furniture and home furnishings,62,56,6,26,20,6,36,36,0,11,6,5,2,0,2,9,6,3,73,9.333333333333334,22.65423406060606,82.20022463636361
95438,STATE - KARNATAKA,"Repair of personal and household goods, n.e.c.",3661,3264,397,1504,1345,159,2157,1919,238,695,466,229,347,222,125,348,244,104,4356,8.221662468513854,22.65423406060606,82.20022463636361
95439,STATE - KARNATAKA,Other personal service activities,5486,3117,2369,1204,682,522,4282,2435,1847,1070,573,497,500,288,212,570,285,285,6556,1.3157450401013089,22.65423406060606,82.20022463636361
95440,STATE - KARNATAKA,Other personal service activities,5486,3117,2369,1204,682,522,4282,2435,1847,1070,573,497,500,288,212,570,285,285,6556,1.3157450401013089,22.65423406060606,82.20022463636361
95441,STATE - KARNATAKA,Washing and (dry-) cleaning of textile and fur products,1496,1038,458,176,105,71,1320,933,387,195,132,63,60,38,22,135,94,41,1691,2.2663755458515285,22.65423406060606,82.20022463636361
95442,STATE - KARNATAKA,Hairdressing and other beauty treatment,2278,1177,1101,442,243,199,1836,934,902,320,174,146,60,42,18,260,132,128,2598,1.0690281562216166,22.65423406060606,82.20022463636361
95443,STATE - KARNATAKA,Funeral and related activities,39,33,6,0,0,0,39,33,6,3,3,0,0,0,0,3,3,0,42,5.5,22.65423406060606,82.20022463636361
95444,STATE - KARNATAKA,Other personal service activities n.e.c.,1673,869,804,586,334,252,1087,535,552,552,264,288,380,208,172,172,56,116,2225,1.0808457711442787,22.65423406060606,82.20022463636361
95445,STATE - KARNATAKA,Undifferentiated goods- and services-producing activities of private,10,0,10,0,0,0,10,0,10,0,0,0,0,0,0,0,0,0,10,0,22.65423406060606,82.20022463636361
95446,STATE - KARNATAKA,Undifferentiated service-producing activities of private households for own,10,0,10,0,0,0,10,0,10,0,0,0,0,0,0,0,0,0,10,0,22.65423406060606,82.20022463636361
95447,STATE - KARNATAKA,Undifferentiated service-producing activities of private households for own,10,0,10,0,0,0,10,0,10,0,0,0,0,0,0,0,0,0,10,0,22.65423406060606,82.20022463636361
95448,STATE - KARNATAKA,Activities of extraterritorial organizations and bodies,16,8,8,8,0,8,8,8,0,0,0,0,0,0,0,0,0,0,16,1,22.65423406060606,82.20022463636361
95449,STATE - KARNATAKA,Activities of extraterritorial organizations and bodies,16,8,8,8,0,8,8,8,0,0,0,0,0,0,0,0,0,0,16,1,22.65423406060606,82.20022463636361
