,IndiaStates,NIC_Name,Main_Workers__Total___Persons,Main_Workers__Total__Males,Main_Workers__Total__Females,Main_Workers__Rural___Persons,Main_Workers__Rural__Males,Main_Workers__Rural__Females,Main_Workers__Urban___Persons,Main_Workers__Urban__Males,Main_Workers__Urban__Females,Marginal_Workers__Total___Persons,Marginal_Workers__Total__Males,Marginal_Workers__Total__Females,Marginal_Workers__Rural___Persons,Marginal_Workers__Rural__Males,Marginal_Workers__Rural__Females,Marginal_Workers__Urban___Persons,Marginal_Workers__Urban__Males,Marginal_Workers__Urban__Females,TotalWorkers,MaleFemaleRatio,Latitude,Longitude
76708,STATE - MAHARASHTRA,"Crop and animal production, hunting and related service activities",11447,8460,2987,8572,6254,2318,2875,2206,669,2106,1138,968,1710,908,802,396,230,166,13553,2.832273183796451,14.750429,78.570026
76709,STATE - MAHARASHTRA,Growing of non-perennial crops,81,70,11,36,34,2,45,36,9,9,5,4,5,3,2,4,2,2,90,6.363636363636363,27.100399,93.616601
76710,STATE - MAHARASHTRA,"Growing of cereals (except rice), leguminous crops and oil seeds",46,42,4,18,18,0,28,24,4,4,2,2,0,0,0,4,2,2,50,10.5,26.749981,94.216667
76711,STATE - MAHARASHTRA,"Growing of vegetables and melons, roots and tubers",21,16,5,15,13,2,6,3,3,1,1,0,1,1,0,0,0,0,22,3.2,25.785414,87.479973
76712,STATE - MAHARASHTRA,Growing of sugar cane,0,0,0,0,0,0,0,0,0,4,2,2,4,2,2,0,0,0,4,0,30.719997,76.780006
76713,STATE - MAHARASHTRA,Growing of fibre crops,9,9,0,0,0,0,9,9,0,0,0,0,0,0,0,0,0,0,9,9,22.09042,82.159987
76714,STATE - MAHARASHTRA,Growing of other non-perennial crop,5,3,2,3,3,0,2,0,2,0,0,0,0,0,0,0,0,0,5,1.5,20.266578,73.016618
76715,STATE - MAHARASHTRA,Growing of perennial crops,57,27,30,26,12,14,31,15,16,14,6,8,2,0,2,12,6,6,71,0.9,28.669993,77.230004
76716,STATE - MAHARASHTRA,Growing of grapes,2,0,2,2,0,2,0,0,0,0,0,0,0,0,0,0,0,0,2,0,15.491997,73.818001
76717,STATE - MAHARASHTRA,Growing of tropical and subtropical fruits,2,0,2,2,0,2,0,0,0,0,0,0,0,0,0,0,0,0,2,0,28.450006,77.019991
76718,STATE - MAHARASHTRA,Growing of other tree and bush fruits and nuts,11,0,11,8,0,8,3,0,3,2,0,2,2,0,2,0,0,0,13,0,31.100025,77.166597
76719,STATE - MAHARASHTRA,Growing of beverage crops,6,6,0,0,0,0,6,6,0,0,0,0,0,0,0,0,0,0,6,6,34.299959,74.466658
76720,STATE - MAHARASHTRA,"Growing of spices, aromatic, drug and pharmaceutical crops",15,6,9,3,3,0,12,3,9,12,6,6,0,0,0,12,6,6,27,0.6666666666666666,23.800393,86.419986
76721,STATE - MAHARASHTRA,Growing of other perennial crops,21,15,6,11,9,2,10,6,4,0,0,0,0,0,0,0,0,0,21,2.5,12.570381,76.919997
76722,STATE - MAHARASHTRA,Plant propagation,271,152,119,136,72,64,135,80,55,68,31,37,57,31,26,11,0,11,339,1.2773109243697478,8.900373,76.569993
76723,STATE - MAHARASHTRA,Plant propagation,271,152,119,136,72,64,135,80,55,68,31,37,57,31,26,11,0,11,339,1.2773109243697478,10.562573,72.636867
76724,STATE - MAHARASHTRA,Animal production,9780,7263,2517,7842,5717,2125,1938,1546,392,1810,995,815,1540,818,722,270,177,93,11590,2.8855780691299167,21.300391,76.130019
76725,STATE - MAHARASHTRA,Raising of cattle and buffaloes,5055,3665,1390,3948,2750,1198,1107,915,192,1069,602,467,921,489,432,148,113,35,6124,2.6366906474820144,19.250232,73.160175
76726,STATE - MAHARASHTRA,Raising of horses and other equines,30,24,6,6,6,0,24,18,6,12,12,0,6,6,0,6,6,0,42,4,24.799971,93.950017
76727,STATE - MAHARASHTRA,Raising and breeding of camels and camelids,23,14,9,23,14,9,0,0,0,0,0,0,0,0,0,0,0,0,23,1.5555555555555556,25.570492,91.880014
76728,STATE - MAHARASHTRA,Raising of sheep and goats,3422,2653,769,2933,2304,629,489,349,140,536,300,236,470,272,198,66,28,38,3958,3.4499349804941484,23.710399,92.720015
76729,STATE - MAHARASHTRA,Raising of swine/pigs,37,27,10,14,6,8,23,21,2,12,9,3,3,0,3,9,9,0,49,2.7,25.666998,94.11657
76730,STATE - MAHARASHTRA,Raising of poultry,1064,765,299,828,573,255,236,192,44,156,68,88,127,50,77,29,18,11,1220,2.5585284280936453,19.82043,85.900017
76731,STATE - MAHARASHTRA,Raising of other animals,149,115,34,90,64,26,59,51,8,25,4,21,13,1,12,12,3,9,174,3.3823529411764706,11.934994,79.83
76732,STATE - MAHARASHTRA,Support activities to agriculture and post-harvest crop activities,1248,940,308,524,411,113,724,529,195,204,100,104,105,55,50,99,45,54,1452,3.051948051948052,31.519974,75.980003
76733,STATE - MAHARASHTRA,Support activities for crop production,279,217,62,100,74,26,179,143,36,36,18,18,14,5,9,22,13,9,315,3.5,26.449999,74.639981
76734,STATE - MAHARASHTRA,Support activities for animal production,27,26,1,19,18,1,8,8,0,6,6,0,6,6,0,0,0,0,33,26,27.33333,88.616647
76735,STATE - MAHARASHTRA,Post-harvest crop activities,917,682,235,400,316,84,517,366,151,154,76,78,83,44,39,71,32,39,1071,2.902127659574468,12.920386,79.150042
76736,STATE - MAHARASHTRA,Seed processing for propagation,25,15,10,5,3,2,20,12,8,8,0,8,2,0,2,6,0,6,33,1.5,23.835404,91.279999
76737,STATE - MAHARASHTRA,"Hunting, trapping and related service activities",10,8,2,8,8,0,2,0,2,1,1,0,1,1,0,0,0,0,11,4,27.599981,78.050006
76738,STATE - MAHARASHTRA,"Hunting, trapping and related service activities",10,8,2,8,8,0,2,0,2,1,1,0,1,1,0,0,0,0,11,4,30.320409,78.050006
76739,STATE - MAHARASHTRA,Forestry and logging,3590,2973,617,1752,1420,332,1838,1553,285,540,302,238,358,189,169,182,113,69,4130,4.818476499189627,22.58039,88.329947
76740,STATE - MAHARASHTRA,Silviculture and other forestry activities,426,325,101,224,171,53,202,154,48,21,9,12,19,9,10,2,0,2,447,3.217821782178218,22.65423406060606,82.20022463636361
76741,STATE - MAHARASHTRA,Silviculture and other forestry activities,426,325,101,224,171,53,202,154,48,21,9,12,19,9,10,2,0,2,447,3.217821782178218,22.65423406060606,82.20022463636361
76742,STATE - MAHARASHTRA,Logging,618,474,144,249,195,54,369,279,90,277,144,133,159,77,82,118,67,51,895,3.2916666666666665,22.65423406060606,82.20022463636361
76743,STATE - MAHARASHTRA,Logging,618,474,144,249,195,54,369,279,90,277,144,133,159,77,82,118,67,51,895,3.2916666666666665,22.65423406060606,82.20022463636361
76744,STATE - MAHARASHTRA,Gathering of non-wood forest products,199,132,67,135,86,49,64,46,18,97,29,68,94,26,68,3,3,0,296,1.9701492537313432,22.65423406060606,82.20022463636361
76745,STATE - MAHARASHTRA,Gathering of non-wood forest products,199,132,67,135,86,49,64,46,18,97,29,68,94,26,68,3,3,0,296,1.9701492537313432,22.65423406060606,82.20022463636361
76746,STATE - MAHARASHTRA,Support services to forestry,2347,2042,305,1144,968,176,1203,1074,129,145,120,25,86,77,9,59,43,16,2492,6.695081967213115,22.65423406060606,82.20022463636361
76747,STATE - MAHARASHTRA,Support services to forestry,2347,2042,305,1144,968,176,1203,1074,129,145,120,25,86,77,9,59,43,16,2492,6.695081967213115,22.65423406060606,82.20022463636361
76748,STATE - MAHARASHTRA,Fishing and aquaculture,578,503,75,289,260,29,289,243,46,72,60,12,42,36,6,30,24,6,650,6.706666666666667,22.65423406060606,82.20022463636361
76749,STATE - MAHARASHTRA,Fishing,546,476,70,273,247,26,273,229,44,71,59,12,41,35,6,30,24,6,617,6.8,22.65423406060606,82.20022463636361
76750,STATE - MAHARASHTRA,Marine fishing,221,184,37,46,43,3,175,141,34,37,27,10,13,9,4,24,18,6,258,4.972972972972973,22.65423406060606,82.20022463636361
76751,STATE - MAHARASHTRA,Freash water fishing,325,292,33,227,204,23,98,88,10,34,32,2,28,26,2,6,6,0,359,8.848484848484848,22.65423406060606,82.20022463636361
76752,STATE - MAHARASHTRA,Aquaculture,32,27,5,16,13,3,16,14,2,1,1,0,1,1,0,0,0,0,33,5.4,22.65423406060606,82.20022463636361
76753,STATE - MAHARASHTRA,Marine aquaculture,8,8,0,4,4,0,4,4,0,1,1,0,1,1,0,0,0,0,9,8,22.65423406060606,82.20022463636361
76754,STATE - MAHARASHTRA,Freshwater aquaculture,24,19,5,12,9,3,12,10,2,0,0,0,0,0,0,0,0,0,24,3.8,22.65423406060606,82.20022463636361
76755,STATE - MAHARASHTRA,Mining of coal and lignite,8482,7823,659,1852,1673,179,6630,6150,480,313,281,32,117,104,13,196,177,19,8795,11.87101669195751,22.65423406060606,82.20022463636361
76756,STATE - MAHARASHTRA,Mining of hard coal,8151,7518,633,1739,1572,167,6412,5946,466,301,269,32,111,98,13,190,171,19,8452,11.876777251184834,22.65423406060606,82.20022463636361
76757,STATE - MAHARASHTRA,Mining of hard coal,8151,7518,633,1739,1572,167,6412,5946,466,301,269,32,111,98,13,190,171,19,8452,11.876777251184834,22.65423406060606,82.20022463636361
76758,STATE - MAHARASHTRA,Mining of lignite,331,305,26,113,101,12,218,204,14,12,12,0,6,6,0,6,6,0,343,11.73076923076923,22.65423406060606,82.20022463636361
76759,STATE - MAHARASHTRA,Mining of lignite,331,305,26,113,101,12,218,204,14,12,12,0,6,6,0,6,6,0,343,11.73076923076923,22.65423406060606,82.20022463636361
76760,STATE - MAHARASHTRA,Extraction of crude petroleum and natural gas,460,423,37,33,29,4,427,394,33,12,10,2,4,2,2,8,8,0,472,11.432432432432432,22.65423406060606,82.20022463636361
76761,STATE - MAHARASHTRA,Extraction of crude petroleum,212,193,19,8,8,0,204,185,19,5,5,0,0,0,0,5,5,0,217,10.157894736842104,22.65423406060606,82.20022463636361
76762,STATE - MAHARASHTRA,Extraction of crude petroleum,212,193,19,8,8,0,204,185,19,5,5,0,0,0,0,5,5,0,217,10.157894736842104,22.65423406060606,82.20022463636361
76763,STATE - MAHARASHTRA,Extraction of natural gas,248,230,18,25,21,4,223,209,14,7,5,2,4,2,2,3,3,0,255,12.77777777777778,22.65423406060606,82.20022463636361
76764,STATE - MAHARASHTRA,Extraction of natural gas,248,230,18,25,21,4,223,209,14,7,5,2,4,2,2,3,3,0,255,12.77777777777778,22.65423406060606,82.20022463636361
76765,STATE - MAHARASHTRA,Mining of metal ores,660,559,101,297,232,65,363,327,36,24,18,6,18,12,6,6,6,0,684,5.534653465346534,22.65423406060606,82.20022463636361
76766,STATE - MAHARASHTRA,Mining of iron ores,124,86,38,110,74,36,14,12,2,0,0,0,0,0,0,0,0,0,124,2.263157894736842,22.65423406060606,82.20022463636361
76767,STATE - MAHARASHTRA,Mining of iron ores,124,86,38,110,74,36,14,12,2,0,0,0,0,0,0,0,0,0,124,2.263157894736842,22.65423406060606,82.20022463636361
76768,STATE - MAHARASHTRA,Mining of non-ferrous metal ores,536,473,63,187,158,29,349,315,34,24,18,6,18,12,6,6,6,0,560,7.507936507936508,22.65423406060606,82.20022463636361
76769,STATE - MAHARASHTRA,Mining of other non-ferrous metal ores,536,473,63,187,158,29,349,315,34,24,18,6,18,12,6,6,6,0,560,7.507936507936508,22.65423406060606,82.20022463636361
76770,STATE - MAHARASHTRA,Other mining and quarrying,5321,4371,950,3067,2416,651,2254,1955,299,678,517,161,451,344,107,227,173,54,5999,4.601052631578948,22.65423406060606,82.20022463636361
76771,STATE - MAHARASHTRA,"Quarrying of stone, sand and clay",2320,1846,474,1438,1091,347,882,755,127,281,222,59,181,156,25,100,66,34,2601,3.8945147679324896,22.65423406060606,82.20022463636361
76772,STATE - MAHARASHTRA,"Quarrying of stone, sand and clay",2320,1846,474,1438,1091,347,882,755,127,281,222,59,181,156,25,100,66,34,2601,3.8945147679324896,22.65423406060606,82.20022463636361
76773,STATE - MAHARASHTRA,Mining and quarrying n.e.c.,3001,2525,476,1629,1325,304,1372,1200,172,397,295,102,270,188,82,127,107,20,3398,5.304621848739496,22.65423406060606,82.20022463636361
76774,STATE - MAHARASHTRA,Mining of chemical and fertilizer minerals,27,19,8,19,19,0,8,0,8,0,0,0,0,0,0,0,0,0,27,2.375,22.65423406060606,82.20022463636361
76775,STATE - MAHARASHTRA,Extraction and agglomeration of peat,395,364,31,198,180,18,197,184,13,76,50,26,54,30,24,22,20,2,471,11.741935483870968,22.65423406060606,82.20022463636361
76776,STATE - MAHARASHTRA,Extraction of salt,272,243,29,107,98,9,165,145,20,9,9,0,3,3,0,6,6,0,281,8.379310344827585,22.65423406060606,82.20022463636361
76777,STATE - MAHARASHTRA,Other mining and quarrying n.e.c.,2307,1899,408,1305,1028,277,1002,871,131,312,236,76,213,155,58,99,81,18,2619,4.654411764705882,22.65423406060606,82.20022463636361
76778,STATE - MAHARASHTRA,Mining support service activities,93,90,3,6,6,0,87,84,3,12,6,6,12,6,6,0,0,0,105,30,22.65423406060606,82.20022463636361
76779,STATE - MAHARASHTRA,Support activities for petroleum and natural gas mining,75,72,3,0,0,0,75,72,3,0,0,0,0,0,0,0,0,0,75,24,22.65423406060606,82.20022463636361
76780,STATE - MAHARASHTRA,Support activities for petroleum and natural gas mining,75,72,3,0,0,0,75,72,3,0,0,0,0,0,0,0,0,0,75,24,22.65423406060606,82.20022463636361
76781,STATE - MAHARASHTRA,Support activities for other mining and quarrying,18,18,0,6,6,0,12,12,0,12,6,6,12,6,6,0,0,0,30,18,22.65423406060606,82.20022463636361
76782,STATE - MAHARASHTRA,Support activities for other mining and quarrying,18,18,0,6,6,0,12,12,0,12,6,6,12,6,6,0,0,0,30,18,22.65423406060606,82.20022463636361
76783,STATE - MAHARASHTRA,Manufacture of food products,37216,26723,10493,16916,12807,4109,20300,13916,6384,5813,3038,2775,3235,1880,1355,2578,1158,1420,43029,2.546745449347184,22.65423406060606,82.20022463636361
76784,STATE - MAHARASHTRA,Processing and preserving of meat,1280,975,305,669,452,217,611,523,88,172,86,86,136,66,70,36,20,16,1452,3.19672131147541,22.65423406060606,82.20022463636361
76785,STATE - MAHARASHTRA,Processing and preserving of meat,1280,975,305,669,452,217,611,523,88,172,86,86,136,66,70,36,20,16,1452,3.19672131147541,22.65423406060606,82.20022463636361
76786,STATE - MAHARASHTRA,"Processing and preserving of fish, crustaceans and molluscs",149,105,44,86,56,30,63,49,14,24,21,3,19,16,3,5,5,0,173,2.386363636363636,22.65423406060606,82.20022463636361
76787,STATE - MAHARASHTRA,"Processing and preserving of fish, crustaceans and molluscs and",149,105,44,86,56,30,63,49,14,24,21,3,19,16,3,5,5,0,173,2.386363636363636,22.65423406060606,82.20022463636361
76788,STATE - MAHARASHTRA,Processing and preserving of fruit and vegetables,1241,804,437,539,366,173,702,438,264,253,144,109,102,54,48,151,90,61,1494,1.839816933638444,22.65423406060606,82.20022463636361
76789,STATE - MAHARASHTRA,Processing and preserving of fruit and vegetables,1241,804,437,539,366,173,702,438,264,253,144,109,102,54,48,151,90,61,1494,1.839816933638444,22.65423406060606,82.20022463636361
76790,STATE - MAHARASHTRA,Manufacture of vegetable and animal oils and fats,1380,1170,210,448,376,72,932,794,138,102,83,19,37,30,7,65,53,12,1482,5.571428571428571,22.65423406060606,82.20022463636361
76791,STATE - MAHARASHTRA,Manufacture of vegetable and animal oils and fats,1380,1170,210,448,376,72,932,794,138,102,83,19,37,30,7,65,53,12,1482,5.571428571428571,22.65423406060606,82.20022463636361
76792,STATE - MAHARASHTRA,Manufacture of dairy products,3737,2943,794,1716,1237,479,2021,1706,315,772,413,359,517,248,269,255,165,90,4509,3.706549118387909,22.65423406060606,82.20022463636361
76793,STATE - MAHARASHTRA,Manufacture of dairy products,3737,2943,794,1716,1237,479,2021,1706,315,772,413,359,517,248,269,255,165,90,4509,3.706549118387909,22.65423406060606,82.20022463636361
76794,STATE - MAHARASHTRA,"Manufacture of grain mill products, starches and starch products",5141,4118,1023,1745,1339,406,3396,2779,617,469,292,177,219,123,96,250,169,81,5610,4.025415444770284,22.65423406060606,82.20022463636361
76795,STATE - MAHARASHTRA,Manufacture of grain mill products,5093,4072,1021,1719,1313,406,3374,2759,615,460,286,174,219,123,96,241,163,78,5553,3.988246816846229,22.65423406060606,82.20022463636361
76796,STATE - MAHARASHTRA,Manufacture of starches and starch products,48,46,2,26,26,0,22,20,2,9,6,3,0,0,0,9,6,3,57,23,22.65423406060606,82.20022463636361
76797,STATE - MAHARASHTRA,Manufacture of other food products,24227,16553,7674,11672,8946,2726,12555,7607,4948,4021,1999,2022,2205,1343,862,1816,656,1160,28248,2.15702371644514,22.65423406060606,82.20022463636361
76798,STATE - MAHARASHTRA,Manufacture of bakery products,2094,1659,435,424,361,63,1670,1298,372,183,131,52,45,39,6,138,92,46,2277,3.813793103448276,22.65423406060606,82.20022463636361
76799,STATE - MAHARASHTRA,Manufacture of sugar,7491,6496,995,6447,5564,883,1044,932,112,1344,949,395,1206,856,350,138,93,45,8835,6.528643216080402,22.65423406060606,82.20022463636361
76800,STATE - MAHARASHTRA,"Manufacture of cocoa, chocolate and sugar confectionery",1175,780,395,229,165,64,946,615,331,156,64,92,38,30,8,118,34,84,1331,1.9746835443037976,22.65423406060606,82.20022463636361
76801,STATE - MAHARASHTRA,"Manufacture of macaroni, noodles, couscous and similar farinaceous",59,35,24,12,9,3,47,26,21,7,5,2,0,0,0,7,5,2,66,1.4583333333333333,22.65423406060606,82.20022463636361
76802,STATE - MAHARASHTRA,Manufacture of prepared meals and dishes,6888,4637,2251,2831,2008,823,4057,2629,1428,1061,544,517,482,265,217,579,279,300,7949,2.05997334517992,22.65423406060606,82.20022463636361
76803,STATE - MAHARASHTRA,Manufacture of other food products n.e.c.,6520,2946,3574,1729,839,890,4791,2107,2684,1270,306,964,434,153,281,836,153,683,7790,0.8242865137101287,22.65423406060606,82.20022463636361
76804,STATE - MAHARASHTRA,Manufacture of prepared animal feeds,61,55,6,41,35,6,20,20,0,0,0,0,0,0,0,0,0,0,61,9.166666666666666,22.65423406060606,82.20022463636361
76805,STATE - MAHARASHTRA,Manufacture of prepared animal feeds,61,55,6,41,35,6,20,20,0,0,0,0,0,0,0,0,0,0,61,9.166666666666666,22.65423406060606,82.20022463636361
76806,STATE - MAHARASHTRA,Manufacture of beverages,1519,1318,201,429,371,58,1090,947,143,177,126,51,81,61,20,96,65,31,1696,6.557213930348259,22.65423406060606,82.20022463636361
76807,STATE - MAHARASHTRA,Manufacture of beverages,1519,1318,201,429,371,58,1090,947,143,177,126,51,81,61,20,96,65,31,1696,6.557213930348259,22.65423406060606,82.20022463636361
76808,STATE - MAHARASHTRA,"Distilling, rectifying and blending of spirits; ethyl alcohol production",128,115,13,47,44,3,81,71,10,6,6,0,6,6,0,0,0,0,134,8.846153846153847,22.65423406060606,82.20022463636361
76809,STATE - MAHARASHTRA,Manufacture of wines,218,193,25,92,82,10,126,111,15,22,19,3,10,7,3,12,12,0,240,7.72,22.65423406060606,82.20022463636361
76810,STATE - MAHARASHTRA,Manufacture of malt liquors and malt,173,148,25,73,68,5,100,80,20,24,15,9,17,15,2,7,0,7,197,5.92,22.65423406060606,82.20022463636361
76811,STATE - MAHARASHTRA,Manufacture of soft drinks; production of mineral waters and other,1000,862,138,217,177,40,783,685,98,125,86,39,48,33,15,77,53,24,1125,6.246376811594203,22.65423406060606,82.20022463636361
76812,STATE - MAHARASHTRA,Manufacture of tobacco products,17507,5056,12451,12791,3899,8892,4716,1157,3559,5003,1058,3945,4167,912,3255,836,146,690,22510,0.40607180146173,22.65423406060606,82.20022463636361
76813,STATE - MAHARASHTRA,Manufacture of tobacco products,17507,5056,12451,12791,3899,8892,4716,1157,3559,5003,1058,3945,4167,912,3255,836,146,690,22510,0.40607180146173,22.65423406060606,82.20022463636361
76814,STATE - MAHARASHTRA,Manufacture of tobacco products,17507,5056,12451,12791,3899,8892,4716,1157,3559,5003,1058,3945,4167,912,3255,836,146,690,22510,0.40607180146173,22.65423406060606,82.20022463636361
76815,STATE - MAHARASHTRA,Manufacture of textiles,26512,22593,3919,7454,6163,1291,19058,16430,2628,2796,1999,797,1071,760,311,1725,1239,486,29308,5.764991069150294,22.65423406060606,82.20022463636361
76816,STATE - MAHARASHTRA,"Spinning, weaving and finishing of textiles",20422,17721,2701,5846,5029,817,14576,12692,1884,2153,1585,568,729,518,211,1424,1067,357,22575,6.560903369122547,22.65423406060606,82.20022463636361
76817,STATE - MAHARASHTRA,Preparation and spinning of textile fibres,5094,4296,798,1830,1532,298,3264,2764,500,1190,863,327,452,303,149,738,560,178,6284,5.383458646616542,22.65423406060606,82.20022463636361
76818,STATE - MAHARASHTRA,Weaving of textiles,6577,5894,683,1516,1343,173,5061,4551,510,436,326,110,97,68,29,339,258,81,7013,8.629575402635432,22.65423406060606,82.20022463636361
76819,STATE - MAHARASHTRA,Finishing of textiles,8751,7531,1220,2500,2154,346,6251,5377,874,527,396,131,180,147,33,347,249,98,9278,6.172950819672131,22.65423406060606,82.20022463636361
76820,STATE - MAHARASHTRA,Manufacture of other textiles,6090,4872,1218,1608,1134,474,4482,3738,744,643,414,229,342,242,100,301,172,129,6733,4,22.65423406060606,82.20022463636361
76821,STATE - MAHARASHTRA,Manufacture of knitted and crocheted fabrics,72,43,29,7,6,1,65,37,28,9,6,3,0,0,0,9,6,3,81,1.4827586206896552,22.65423406060606,82.20022463636361
76822,STATE - MAHARASHTRA,"Manufacture of made-up textile articles, except apparel",464,403,61,54,46,8,410,357,53,26,25,1,2,1,1,24,24,0,490,6.60655737704918,22.65423406060606,82.20022463636361
76823,STATE - MAHARASHTRA,Manufacture of carpets and rugs,321,260,61,95,78,17,226,182,44,32,11,21,8,5,3,24,6,18,353,4.262295081967213,22.65423406060606,82.20022463636361
76824,STATE - MAHARASHTRA,"Manufacture of cordage, rope, twine and netting",1898,1356,542,1083,716,367,815,640,175,319,219,100,259,184,75,60,35,25,2217,2.5018450184501844,22.65423406060606,82.20022463636361
76825,STATE - MAHARASHTRA,Manufacture of other textiles n.e.c.,3335,2810,525,369,288,81,2966,2522,444,257,153,104,73,52,21,184,101,83,3592,5.352380952380952,22.65423406060606,82.20022463636361
76826,STATE - MAHARASHTRA,Manufacture of wearing apparel,38494,24237,14257,11182,6892,4290,27312,17345,9967,6241,1867,4374,2384,649,1735,3857,1218,2639,44735,1.7000070140983377,22.65423406060606,82.20022463636361
76827,STATE - MAHARASHTRA,"Manufacture of wearing apparel, except fur apparel",38316,24102,14214,11119,6844,4275,27197,17258,9939,6224,1858,4366,2378,643,1735,3846,1215,2631,44540,1.6956521739130437,22.65423406060606,82.20022463636361
76828,STATE - MAHARASHTRA,"Manufacture of wearing apparel, except fur apparel",38316,24102,14214,11119,6844,4275,27197,17258,9939,6224,1858,4366,2378,643,1735,3846,1215,2631,44540,1.6956521739130437,22.65423406060606,82.20022463636361
76829,STATE - MAHARASHTRA,Manufacture of articles of fur,61,44,17,23,20,3,38,24,14,0,0,0,0,0,0,0,0,0,61,2.588235294117647,22.65423406060606,82.20022463636361
76830,STATE - MAHARASHTRA,Manufacture of articles of fur,61,44,17,23,20,3,38,24,14,0,0,0,0,0,0,0,0,0,61,2.588235294117647,22.65423406060606,82.20022463636361
76831,STATE - MAHARASHTRA,Manufacture of knitted and crocheted apparel,117,91,26,40,28,12,77,63,14,17,9,8,6,6,0,11,3,8,134,3.5,22.65423406060606,82.20022463636361
76832,STATE - MAHARASHTRA,Manufacture of knitted and crocheted apparel,117,91,26,40,28,12,77,63,14,17,9,8,6,6,0,11,3,8,134,3.5,22.65423406060606,82.20022463636361
76833,STATE - MAHARASHTRA,Manufacture of leather and related products,23193,19515,3678,6621,5850,771,16572,13665,2907,2139,1442,697,915,629,286,1224,813,411,25332,5.305872756933116,22.65423406060606,82.20022463636361
76834,STATE - MAHARASHTRA,"Tanning and dressing of leather; manufacture of luggage, handbags, saddlery",3558,3026,532,1236,1082,154,2322,1944,378,437,304,133,271,191,80,166,113,53,3995,5.68796992481203,22.65423406060606,82.20022463636361
76835,STATE - MAHARASHTRA,Tanning and dressing of leather; dressing and dyeing of fur,1154,967,187,607,522,85,547,445,102,224,171,53,178,135,43,46,36,10,1378,5.171122994652406,22.65423406060606,82.20022463636361
76836,STATE - MAHARASHTRA,"Manufacture of luggage, handbags and the like, saddlery and harness",2404,2059,345,629,560,69,1775,1499,276,213,133,80,93,56,37,120,77,43,2617,5.9681159420289855,22.65423406060606,82.20022463636361
76837,STATE - MAHARASHTRA,Manufacture of footwear,19635,16489,3146,5385,4768,617,14250,11721,2529,1702,1138,564,644,438,206,1058,700,358,21337,5.241258741258742,22.65423406060606,82.20022463636361
76838,STATE - MAHARASHTRA,Manufacture of footwear,19635,16489,3146,5385,4768,617,14250,11721,2529,1702,1138,564,644,438,206,1058,700,358,21337,5.241258741258742,22.65423406060606,82.20022463636361
76839,STATE - MAHARASHTRA,"Manufacture of wood and products of wood and cork, except furniture;",25908,15599,10309,15367,8727,6640,10541,6872,3669,5821,2629,3192,4196,1781,2415,1625,848,777,31729,1.513143854884082,22.65423406060606,82.20022463636361
76840,STATE - MAHARASHTRA,Sawmilling and planing of wood,3509,3340,169,577,532,45,2932,2808,124,373,331,42,80,57,23,293,274,19,3882,19.763313609467456,22.65423406060606,82.20022463636361
76841,STATE - MAHARASHTRA,Saw milling and planing of wood,3509,3340,169,577,532,45,2932,2808,124,373,331,42,80,57,23,293,274,19,3882,19.763313609467456,22.65423406060606,82.20022463636361
76842,STATE - MAHARASHTRA,"Manufacture of products of wood, cork, straw and plaiting materials",22399,12259,10140,14790,8195,6595,7609,4064,3545,5448,2298,3150,4116,1724,2392,1332,574,758,27847,1.208974358974359,22.65423406060606,82.20022463636361
76843,STATE - MAHARASHTRA,"Manufacture of veneer sheets; manufacture of plywood, laminboard,",193,161,32,63,52,11,130,109,21,39,32,7,20,18,2,19,14,5,232,5.03125,22.65423406060606,82.20022463636361
76844,STATE - MAHARASHTRA,Manufacture of builders carpentry and joinery,40,37,3,20,17,3,20,20,0,2,0,2,2,0,2,0,0,0,42,12.333333333333334,22.65423406060606,82.20022463636361
76845,STATE - MAHARASHTRA,Manufacture of wooden containers,9639,5176,4463,5795,3143,2652,3844,2033,1811,2197,916,1281,1765,740,1025,432,176,256,11836,1.1597580103069685,22.65423406060606,82.20022463636361
76846,STATE - MAHARASHTRA,"Manufacture of other products of wood; manufacture of articles of cork,",12527,6885,5642,8912,4983,3929,3615,1902,1713,3210,1350,1860,2329,966,1363,881,384,497,15737,1.2203119461183978,22.65423406060606,82.20022463636361
76847,STATE - MAHARASHTRA,Manufacture of paper and paper products,3925,3255,670,854,713,141,3071,2542,529,367,275,92,107,93,14,260,182,78,4292,4.858208955223881,22.65423406060606,82.20022463636361
76848,STATE - MAHARASHTRA,Manufacture of paper and paper products,3925,3255,670,854,713,141,3071,2542,529,367,275,92,107,93,14,260,182,78,4292,4.858208955223881,22.65423406060606,82.20022463636361
76849,STATE - MAHARASHTRA,"Manufacture of pulp, paper and paperboard",488,452,36,150,129,21,338,323,15,34,29,5,10,8,2,24,21,3,522,12.555555555555555,22.65423406060606,82.20022463636361
76850,STATE - MAHARASHTRA,Manufacture of corrugated paper and paperboard and containers of,866,667,199,192,146,46,674,521,153,71,44,27,23,23,0,48,21,27,937,3.351758793969849,22.65423406060606,82.20022463636361
76851,STATE - MAHARASHTRA,Manufacture of other articles of paper and paperboard,2571,2136,435,512,438,74,2059,1698,361,262,202,60,74,62,12,188,140,48,2833,4.910344827586207,22.65423406060606,82.20022463636361
76852,STATE - MAHARASHTRA,Printing and reproduction of recorded media,6953,6236,717,627,594,33,6326,5642,684,363,279,84,43,35,8,320,244,76,7316,8.697350069735007,22.65423406060606,82.20022463636361
76853,STATE - MAHARASHTRA,Printing and service activities related to printing,6936,6222,714,621,588,33,6315,5634,681,361,279,82,43,35,8,318,244,74,7297,8.714285714285714,22.65423406060606,82.20022463636361
76854,STATE - MAHARASHTRA,Printing,2934,2678,256,268,259,9,2666,2419,247,131,101,30,11,9,2,120,92,28,3065,10.4609375,22.65423406060606,82.20022463636361
76855,STATE - MAHARASHTRA,Service activities related to printing,4002,3544,458,353,329,24,3649,3215,434,230,178,52,32,26,6,198,152,46,4232,7.737991266375546,22.65423406060606,82.20022463636361
76856,STATE - MAHARASHTRA,Reproduction of recorded media,17,14,3,6,6,0,11,8,3,2,0,2,0,0,0,2,0,2,19,4.666666666666667,22.65423406060606,82.20022463636361
76857,STATE - MAHARASHTRA,Reproduction of recorded media,17,14,3,6,6,0,11,8,3,2,0,2,0,0,0,2,0,2,19,4.666666666666667,22.65423406060606,82.20022463636361
76858,STATE - MAHARASHTRA,Manufacture of coke and refined petroleum products,3099,2808,291,325,305,20,2774,2503,271,124,102,22,10,10,0,114,92,22,3223,9.649484536082474,22.65423406060606,82.20022463636361
76859,STATE - MAHARASHTRA,Manufacture of coke oven products,200,195,5,35,33,2,165,162,3,4,4,0,1,1,0,3,3,0,204,39,22.65423406060606,82.20022463636361
76860,STATE - MAHARASHTRA,Manufacture of coke oven products,200,195,5,35,33,2,165,162,3,4,4,0,1,1,0,3,3,0,204,39,22.65423406060606,82.20022463636361
76861,STATE - MAHARASHTRA,Manufacture of refined petroleum products,2899,2613,286,290,272,18,2609,2341,268,120,98,22,9,9,0,111,89,22,3019,9.136363636363637,22.65423406060606,82.20022463636361
76862,STATE - MAHARASHTRA,Manufacture of refined petroleum products,2899,2613,286,290,272,18,2609,2341,268,120,98,22,9,9,0,111,89,22,3019,9.136363636363637,22.65423406060606,82.20022463636361
76863,STATE - MAHARASHTRA,Manufacture of chemicals and chemical products,9218,7767,1451,1902,1680,222,7316,6087,1229,647,426,221,205,127,78,442,299,143,9865,5.352860096485182,22.65423406060606,82.20022463636361
76864,STATE - MAHARASHTRA,"Manufacture of basic chemicals, fertilizer and nitrogen compounds, plastics",2358,2125,233,585,546,39,1773,1579,194,117,100,17,28,26,2,89,74,15,2475,9.120171673819742,22.65423406060606,82.20022463636361
76865,STATE - MAHARASHTRA,Manufacture of basic chemicals,1482,1351,131,396,373,23,1086,978,108,78,72,6,18,16,2,60,56,4,1560,10.312977099236642,22.65423406060606,82.20022463636361
76866,STATE - MAHARASHTRA,Manufacture of fertilizers and nitrogen compounds,851,754,97,189,173,16,662,581,81,39,28,11,10,10,0,29,18,11,890,7.77319587628866,22.65423406060606,82.20022463636361
76867,STATE - MAHARASHTRA,Manufacture of plastics and synthetic rubber in primary forms,25,20,5,0,0,0,25,20,5,0,0,0,0,0,0,0,0,0,25,4,22.65423406060606,82.20022463636361
76868,STATE - MAHARASHTRA,Manufacture of other chemical products,6816,5598,1218,1308,1125,183,5508,4473,1035,530,326,204,177,101,76,353,225,128,7346,4.596059113300493,22.65423406060606,82.20022463636361
76869,STATE - MAHARASHTRA,Manufacture of pesticides and other agrochemical products,225,200,25,80,71,9,145,129,16,17,17,0,6,6,0,11,11,0,242,8,22.65423406060606,82.20022463636361
76870,STATE - MAHARASHTRA,"Manufacture of paints, varnishes and similar coatings, printing ink and",1030,909,121,202,179,23,828,730,98,65,46,19,31,24,7,34,22,12,1095,7.512396694214876,22.65423406060606,82.20022463636361
76871,STATE - MAHARASHTRA,"Manufacture of soap and detergents, cleaning and polishing preparations,",2714,1981,733,522,423,99,2192,1558,634,290,133,157,104,38,66,186,95,91,3004,2.7025920873124147,22.65423406060606,82.20022463636361
76872,STATE - MAHARASHTRA,Manufacture of other chemical products n.e.c.,2847,2508,339,504,452,52,2343,2056,287,158,130,28,36,33,3,122,97,25,3005,7.398230088495575,22.65423406060606,82.20022463636361
76873,STATE - MAHARASHTRA,Manufacture of man-made fibres,44,44,0,9,9,0,35,35,0,0,0,0,0,0,0,0,0,0,44,44,22.65423406060606,82.20022463636361
76874,STATE - MAHARASHTRA,Manufacture of man-made fibres,18,18,0,0,0,0,18,18,0,0,0,0,0,0,0,0,0,0,18,18,22.65423406060606,82.20022463636361
76875,STATE - MAHARASHTRA,Manufacture of anti-sprouting products,26,26,0,9,9,0,17,17,0,0,0,0,0,0,0,0,0,0,26,26,22.65423406060606,82.20022463636361
76876,STATE - MAHARASHTRA,"Manufacture of pharmaceuticals, medicinal chemical and botanical products",4743,3801,942,844,747,97,3899,3054,845,273,175,98,44,27,17,229,148,81,5016,4.035031847133758,22.65423406060606,82.20022463636361
76877,STATE - MAHARASHTRA,"Manufacture of pharmaceuticals, medicinal chemical and botanical products",4743,3801,942,844,747,97,3899,3054,845,273,175,98,44,27,17,229,148,81,5016,4.035031847133758,22.65423406060606,82.20022463636361
76878,STATE - MAHARASHTRA,"Manufacture of pharmaceuticals, medicinal chemical and botanical",4743,3801,942,844,747,97,3899,3054,845,273,175,98,44,27,17,229,148,81,5016,4.035031847133758,22.65423406060606,82.20022463636361
76879,STATE - MAHARASHTRA,Manufacture of rubber and plastics products,6376,5084,1292,1198,946,252,5178,4138,1040,607,367,240,173,125,48,434,242,192,6983,3.934984520123839,22.65423406060606,82.20022463636361
76880,STATE - MAHARASHTRA,Manufacture of rubber products,2047,1774,273,297,261,36,1750,1513,237,167,94,73,56,32,24,111,62,49,2214,6.498168498168498,22.65423406060606,82.20022463636361
76881,STATE - MAHARASHTRA,Manufacture of rubber tyres and tubes; retreading and rebuilding of,1037,964,73,160,144,16,877,820,57,49,42,7,12,12,0,37,30,7,1086,13.205479452054794,22.65423406060606,82.20022463636361
76882,STATE - MAHARASHTRA,Manufacture of other rubber products,1010,810,200,137,117,20,873,693,180,118,52,66,44,20,24,74,32,42,1128,4.05,22.65423406060606,82.20022463636361
76883,STATE - MAHARASHTRA,Manufacture of plastics products,4329,3310,1019,901,685,216,3428,2625,803,440,273,167,117,93,24,323,180,143,4769,3.2482826300294407,22.65423406060606,82.20022463636361
76884,STATE - MAHARASHTRA,Manufacture of plastics products,4329,3310,1019,901,685,216,3428,2625,803,440,273,167,117,93,24,323,180,143,4769,3.2482826300294407,22.65423406060606,82.20022463636361
76885,STATE - MAHARASHTRA,Manufacture of other non-metallic mineral products,32239,20877,11362,19127,11473,7654,13112,9404,3708,7716,4426,3290,5488,3058,2430,2228,1368,860,39955,1.837440591445168,22.65423406060606,82.20022463636361
76886,STATE - MAHARASHTRA,Manufacture of glass and glass products,1187,893,294,197,143,54,990,750,240,148,93,55,58,32,26,90,61,29,1335,3.0374149659863945,22.65423406060606,82.20022463636361
76887,STATE - MAHARASHTRA,Manufacture of glass and glass products,1187,893,294,197,143,54,990,750,240,148,93,55,58,32,26,90,61,29,1335,3.0374149659863945,22.65423406060606,82.20022463636361
76888,STATE - MAHARASHTRA,Manufacture of non-metallic mineral products n.e.c.,31052,19984,11068,18930,11330,7600,12122,8654,3468,7568,4333,3235,5430,3026,2404,2138,1307,831,38620,1.805565594506686,22.65423406060606,82.20022463636361
76889,STATE - MAHARASHTRA,Manufacture of refractory products,1224,792,432,836,500,336,388,292,96,435,261,174,391,234,157,44,27,17,1659,1.8333333333333333,22.65423406060606,82.20022463636361
76890,STATE - MAHARASHTRA,Manufacture of clay building materials,24538,14776,9762,16056,9223,6833,8482,5553,2929,6557,3672,2885,4739,2606,2133,1818,1066,752,31095,1.5136242573243188,22.65423406060606,82.20022463636361
76891,STATE - MAHARASHTRA,Manufacture of other porcelain and ceramic products,478,392,86,189,162,27,289,230,59,61,36,25,29,18,11,32,18,14,539,4.558139534883721,22.65423406060606,82.20022463636361
76892,STATE - MAHARASHTRA,"Manufacture of cement, lime and plaster",2262,2048,214,600,559,41,1662,1489,173,142,128,14,35,27,8,107,101,6,2404,9.570093457943925,22.65423406060606,82.20022463636361
76893,STATE - MAHARASHTRA,"Manufacture of articles of concrete, cement and plaster",2189,1663,526,1137,789,348,1052,874,178,339,207,132,211,117,94,128,90,38,2528,3.161596958174905,22.65423406060606,82.20022463636361
76894,STATE - MAHARASHTRA,"Cutting, shaping and finishing of stone",200,175,25,78,65,13,122,110,12,20,15,5,13,12,1,7,3,4,220,7,22.65423406060606,82.20022463636361
76895,STATE - MAHARASHTRA,Manufacture of other non-metallic mineral products n.e.c.,161,138,23,34,32,2,127,106,21,14,14,0,12,12,0,2,2,0,175,6,22.65423406060606,82.20022463636361
76896,STATE - MAHARASHTRA,Manufacture of basic metals,12401,10812,1589,3484,3008,476,8917,7804,1113,851,656,195,353,262,91,498,394,104,13252,6.804279421019509,22.65423406060606,82.20022463636361
76897,STATE - MAHARASHTRA,Manufacture of basic iron and steel,4909,4579,330,1006,956,50,3903,3623,280,296,268,28,122,110,12,174,158,16,5205,13.875757575757577,22.65423406060606,82.20022463636361
76898,STATE - MAHARASHTRA,Manufacture of basic iron and steel,4909,4579,330,1006,956,50,3903,3623,280,296,268,28,122,110,12,174,158,16,5205,13.875757575757577,22.65423406060606,82.20022463636361
76899,STATE - MAHARASHTRA,Manufacture of basic precious and other non-ferrous metals,1201,1100,101,327,310,17,874,790,84,143,108,35,51,35,16,92,73,19,1344,10.891089108910892,22.65423406060606,82.20022463636361
76900,STATE - MAHARASHTRA,Manufacture of basic precious and other non-ferrous metals,1201,1100,101,327,310,17,874,790,84,143,108,35,51,35,16,92,73,19,1344,10.891089108910892,22.65423406060606,82.20022463636361
76901,STATE - MAHARASHTRA,Casting of metals,6291,5133,1158,2151,1742,409,4140,3391,749,412,280,132,180,117,63,232,163,69,6703,4.432642487046632,22.65423406060606,82.20022463636361
76902,STATE - MAHARASHTRA,Casting of iron and steel,6114,4999,1115,2095,1702,393,4019,3297,722,401,271,130,174,111,63,227,160,67,6515,4.483408071748879,22.65423406060606,82.20022463636361
76903,STATE - MAHARASHTRA,Casting of non-ferrous metals,177,134,43,56,40,16,121,94,27,11,9,2,6,6,0,5,3,2,188,3.116279069767442,22.65423406060606,82.20022463636361
76904,STATE - MAHARASHTRA,"Manufacture of fabricated metal products, except machinery and equipment",21726,20257,1469,4347,4060,287,17379,16197,1182,1425,1275,150,400,378,22,1025,897,128,23151,13.789652825051055,22.65423406060606,82.20022463636361
76905,STATE - MAHARASHTRA,"Manufacture of structural metal products, tanks, reservoirs and steam",1779,1641,138,370,350,20,1409,1291,118,117,108,9,49,49,0,68,59,9,1896,11.891304347826088,22.65423406060606,82.20022463636361
76906,STATE - MAHARASHTRA,Manufacture of structural metal products,1597,1469,128,317,297,20,1280,1172,108,91,82,9,32,32,0,59,50,9,1688,11.4765625,22.65423406060606,82.20022463636361
76907,STATE - MAHARASHTRA,"Manufacture of tanks, reservoirs and containers of metal",109,103,6,36,36,0,73,67,6,10,10,0,7,7,0,3,3,0,119,17.166666666666668,22.65423406060606,82.20022463636361
76908,STATE - MAHARASHTRA,"Manufacture of steam generators, except central heating hot water",73,69,4,17,17,0,56,52,4,16,16,0,10,10,0,6,6,0,89,17.25,22.65423406060606,82.20022463636361
76909,STATE - MAHARASHTRA,Manufacture of weapons and ammunition,2960,2680,280,333,290,43,2627,2390,237,67,62,5,0,0,0,67,62,5,3027,9.571428571428571,22.65423406060606,82.20022463636361
76910,STATE - MAHARASHTRA,Manufacture of weapons and ammunition,2960,2680,280,333,290,43,2627,2390,237,67,62,5,0,0,0,67,62,5,3027,9.571428571428571,22.65423406060606,82.20022463636361
76911,STATE - MAHARASHTRA,Manufacture of other fabricated metal products; metalworking service,16987,15936,1051,3644,3420,224,13343,12516,827,1241,1105,136,351,329,22,890,776,114,18228,15.162702188392007,22.65423406060606,82.20022463636361
76912,STATE - MAHARASHTRA,"Forging, pressing, stamping and roll-forming of metal; powder",367,354,13,124,116,8,243,238,5,23,23,0,3,3,0,20,20,0,390,27.23076923076923,22.65423406060606,82.20022463636361
76913,STATE - MAHARASHTRA,Machining; treatment and coating of metals,371,334,37,40,40,0,331,294,37,11,11,0,0,0,0,11,11,0,382,9.027027027027026,22.65423406060606,82.20022463636361
76914,STATE - MAHARASHTRA,"Manufacture of cutlery, hand tools and general hardware",5512,5043,469,1082,954,128,4430,4089,341,392,344,48,103,97,6,289,247,42,5904,10.75266524520256,22.65423406060606,82.20022463636361
76915,STATE - MAHARASHTRA,Manufacture of other fabricated metal products n.e.c.,10737,10205,532,2398,2310,88,8339,7895,444,815,727,88,245,229,16,570,498,72,11552,19.18233082706767,22.65423406060606,82.20022463636361
76916,STATE - MAHARASHTRA,"Manufacture of computer, electronic and optical products",3700,3117,583,526,476,50,3174,2641,533,224,162,62,23,20,3,201,142,59,3924,5.346483704974271,22.65423406060606,82.20022463636361
76917,STATE - MAHARASHTRA,Manufacture of electronic components,1248,1059,189,219,202,17,1029,857,172,53,37,16,0,0,0,53,37,16,1301,5.603174603174603,22.65423406060606,82.20022463636361
76918,STATE - MAHARASHTRA,Manufacture of electronic components,1248,1059,189,219,202,17,1029,857,172,53,37,16,0,0,0,53,37,16,1301,5.603174603174603,22.65423406060606,82.20022463636361
76919,STATE - MAHARASHTRA,Manufacture of computers and peripheral equipment,682,559,123,57,54,3,625,505,120,45,37,8,3,3,0,42,34,8,727,4.544715447154472,22.65423406060606,82.20022463636361
76920,STATE - MAHARASHTRA,Manufacture of computers and peripheral equipment,682,559,123,57,54,3,625,505,120,45,37,8,3,3,0,42,34,8,727,4.544715447154472,22.65423406060606,82.20022463636361
76921,STATE - MAHARASHTRA,Manufacture of communication equipment,722,625,97,111,101,10,611,524,87,53,42,11,12,9,3,41,33,8,775,6.443298969072165,22.65423406060606,82.20022463636361
76922,STATE - MAHARASHTRA,Manufacture of communication equipment,722,625,97,111,101,10,611,524,87,53,42,11,12,9,3,41,33,8,775,6.443298969072165,22.65423406060606,82.20022463636361
76923,STATE - MAHARASHTRA,Manufacture of consumer electronics,608,519,89,76,74,2,532,445,87,47,32,15,8,8,0,39,24,15,655,5.831460674157303,22.65423406060606,82.20022463636361
76924,STATE - MAHARASHTRA,Manufacture of consumer electronics,608,519,89,76,74,2,532,445,87,47,32,15,8,8,0,39,24,15,655,5.831460674157303,22.65423406060606,82.20022463636361
76925,STATE - MAHARASHTRA,"Manufacture of measuring, testing, navigating and control equipment;",330,269,61,51,39,12,279,230,49,17,11,6,0,0,0,17,11,6,347,4.409836065573771,22.65423406060606,82.20022463636361
76926,STATE - MAHARASHTRA,"Manufacture of measuring, testing, navigating and control equipment",122,102,20,27,27,0,95,75,20,5,5,0,0,0,0,5,5,0,127,5.1,22.65423406060606,82.20022463636361
76927,STATE - MAHARASHTRA,Manufacture of watches and clocks,208,167,41,24,12,12,184,155,29,12,6,6,0,0,0,12,6,6,220,4.073170731707317,22.65423406060606,82.20022463636361
76928,STATE - MAHARASHTRA,Manufacture of optical instruments and equipment,88,78,10,4,4,0,84,74,10,9,3,6,0,0,0,9,3,6,97,7.8,22.65423406060606,82.20022463636361
76929,STATE - MAHARASHTRA,Manufacture of optical instruments and equipment,88,78,10,4,4,0,84,74,10,9,3,6,0,0,0,9,3,6,97,7.8,22.65423406060606,82.20022463636361
76930,STATE - MAHARASHTRA,Manufacture of magnetic and optical media,22,8,14,8,2,6,14,6,8,0,0,0,0,0,0,0,0,0,22,0.5714285714285714,22.65423406060606,82.20022463636361
76931,STATE - MAHARASHTRA,Manufacture of magnetic and optical media,22,8,14,8,2,6,14,6,8,0,0,0,0,0,0,0,0,0,22,0.5714285714285714,22.65423406060606,82.20022463636361
76932,STATE - MAHARASHTRA,Manufacture of electrical equipment,5032,4354,678,778,729,49,4254,3625,629,419,314,105,65,65,0,354,249,105,5451,6.421828908554573,22.65423406060606,82.20022463636361
76933,STATE - MAHARASHTRA,"Manufacture of electric motors, generators, transformers and electricity",966,889,77,170,157,13,796,732,64,66,49,17,13,13,0,53,36,17,1032,11.545454545454543,22.65423406060606,82.20022463636361
76934,STATE - MAHARASHTRA,"Manufacture of electric motors, generators, transformers and electricity",966,889,77,170,157,13,796,732,64,66,49,17,13,13,0,53,36,17,1032,11.545454545454543,22.65423406060606,82.20022463636361
76935,STATE - MAHARASHTRA,Manufacture of batteries and accumulators,241,225,16,70,68,2,171,157,14,23,17,6,3,3,0,20,14,6,264,14.0625,22.65423406060606,82.20022463636361
76936,STATE - MAHARASHTRA,Manufacture of batteries and accumulators,241,225,16,70,68,2,171,157,14,23,17,6,3,3,0,20,14,6,264,14.0625,22.65423406060606,82.20022463636361
76937,STATE - MAHARASHTRA,Manufacture of wiring and wiring devices,569,453,116,69,65,4,500,388,112,57,39,18,6,6,0,51,33,18,626,3.905172413793104,22.65423406060606,82.20022463636361
76938,STATE - MAHARASHTRA,Manufacture of fibre optic cables for data transmission or live,27,24,3,3,3,0,24,21,3,0,0,0,0,0,0,0,0,0,27,8,22.65423406060606,82.20022463636361
76939,STATE - MAHARASHTRA,Manufacture of other electronic and electric wires and cables,328,274,54,38,37,1,290,237,53,28,18,10,3,3,0,25,15,10,356,5.074074074074074,22.65423406060606,82.20022463636361
76940,STATE - MAHARASHTRA,Manufacture of wiring devices,214,155,59,28,25,3,186,130,56,29,21,8,3,3,0,26,18,8,243,2.6271186440677967,22.65423406060606,82.20022463636361
76941,STATE - MAHARASHTRA,Manufacture of electric lighting equipment,1094,917,177,156,151,5,938,766,172,113,71,42,24,24,0,89,47,42,1207,5.1807909604519775,22.65423406060606,82.20022463636361
76942,STATE - MAHARASHTRA,Manufacture of electric lighting equipment,1094,917,177,156,151,5,938,766,172,113,71,42,24,24,0,89,47,42,1207,5.1807909604519775,22.65423406060606,82.20022463636361
76943,STATE - MAHARASHTRA,Manufacture of domestic appliances,1704,1485,219,238,216,22,1466,1269,197,125,106,19,13,13,0,112,93,19,1829,6.780821917808219,22.65423406060606,82.20022463636361
76944,STATE - MAHARASHTRA,Manufacture of domestic appliances,1704,1485,219,238,216,22,1466,1269,197,125,106,19,13,13,0,112,93,19,1829,6.780821917808219,22.65423406060606,82.20022463636361
76945,STATE - MAHARASHTRA,Manufacture of other electrical equipment,458,385,73,75,72,3,383,313,70,35,32,3,6,6,0,29,26,3,493,5.273972602739726,22.65423406060606,82.20022463636361
76946,STATE - MAHARASHTRA,Manufacture of other electrical equipment,458,385,73,75,72,3,383,313,70,35,32,3,6,6,0,29,26,3,493,5.273972602739726,22.65423406060606,82.20022463636361
76947,STATE - MAHARASHTRA,Manufacture of machinery and equipment n.e.c.,4557,4234,323,863,796,67,3694,3438,256,297,251,46,111,102,9,186,149,37,4854,13.108359133126935,22.65423406060606,82.20022463636361
76948,STATE - MAHARASHTRA,Manufacture of general purpose machinery,1828,1702,126,373,348,25,1455,1354,101,85,67,18,17,15,2,68,52,16,1913,13.507936507936508,22.65423406060606,82.20022463636361
76949,STATE - MAHARASHTRA,"Manufacture of engines and turbines, except aircraft, vehicle and cycle",54,52,2,4,4,0,50,48,2,3,3,0,0,0,0,3,3,0,57,26,22.65423406060606,82.20022463636361
76950,STATE - MAHARASHTRA,"Manufacture of other pumps, compressors, taps and valves",385,354,31,119,104,15,266,250,16,22,12,10,0,0,0,22,12,10,407,11.419354838709678,22.65423406060606,82.20022463636361
76951,STATE - MAHARASHTRA,"Manufacture of bearings, gears, gearing and driving elements",275,260,15,38,35,3,237,225,12,13,7,6,2,2,0,11,5,6,288,17.333333333333332,22.65423406060606,82.20022463636361
76952,STATE - MAHARASHTRA,"Manufacture of ovens, furnaces and furnace burners",79,79,0,12,12,0,67,67,0,1,1,0,1,1,0,0,0,0,80,79,22.65423406060606,82.20022463636361
76953,STATE - MAHARASHTRA,Manufacture of lifting and handling equipment,285,267,18,46,46,0,239,221,18,17,15,2,8,6,2,9,9,0,302,14.833333333333334,22.65423406060606,82.20022463636361
76954,STATE - MAHARASHTRA,Manufacture of office machinery and equipment,90,84,6,24,24,0,66,60,6,0,0,0,0,0,0,0,0,0,90,14,22.65423406060606,82.20022463636361
76955,STATE - MAHARASHTRA,Manufacture of power-driven hand tools,11,11,0,2,2,0,9,9,0,0,0,0,0,0,0,0,0,0,11,11,22.65423406060606,82.20022463636361
76956,STATE - MAHARASHTRA,Manufacture of other general-purpose machinery,649,595,54,128,121,7,521,474,47,29,29,0,6,6,0,23,23,0,678,11.01851851851852,22.65423406060606,82.20022463636361
76957,STATE - MAHARASHTRA,Manufacture of special-purpose machinery,2729,2532,197,490,448,42,2239,2084,155,212,184,28,94,87,7,118,97,21,2941,12.852791878172589,22.65423406060606,82.20022463636361
76958,STATE - MAHARASHTRA,Manufacture of agricultural and forestry machinery,845,806,39,144,130,14,701,676,25,74,57,17,31,25,6,43,32,11,919,20.666666666666668,22.65423406060606,82.20022463636361
76959,STATE - MAHARASHTRA,Manufacture of metal-forming machinery and machine tools,604,554,50,129,114,15,475,440,35,49,46,3,21,21,0,28,25,3,653,11.08,22.65423406060606,82.20022463636361
76960,STATE - MAHARASHTRA,Manufacture of machinery for metallurgy,62,54,8,12,12,0,50,42,8,6,6,0,3,3,0,3,3,0,68,6.75,22.65423406060606,82.20022463636361
76961,STATE - MAHARASHTRA,"Manufacture of machinery for mining, quarrying and construction",185,171,14,34,34,0,151,137,14,14,12,2,6,6,0,8,6,2,199,12.214285714285714,22.65423406060606,82.20022463636361
76962,STATE - MAHARASHTRA,"Manufacture of machinery for food, beverage and tobacco processing",148,125,23,37,35,2,111,90,21,3,1,2,1,1,0,2,0,2,151,5.434782608695652,22.65423406060606,82.20022463636361
76963,STATE - MAHARASHTRA,"Manufacture of machinery for textile, apparel and leather production",779,731,48,114,103,11,665,628,37,55,51,4,26,25,1,29,26,3,834,15.229166666666666,22.65423406060606,82.20022463636361
76964,STATE - MAHARASHTRA,Manufacture of other special-purpose machinery,106,91,15,20,20,0,86,71,15,11,11,0,6,6,0,5,5,0,117,6.066666666666666,22.65423406060606,82.20022463636361
76965,STATE - MAHARASHTRA,"Manufacture of motor vehicles, trailers and semi-trailers",6828,6429,399,1072,1005,67,5756,5424,332,383,355,28,84,79,5,299,276,23,7211,16.112781954887218,22.65423406060606,82.20022463636361
76966,STATE - MAHARASHTRA,Manufacture of motor vehicles,1569,1507,62,245,235,10,1324,1272,52,103,96,7,44,44,0,59,52,7,1672,24.306451612903224,22.65423406060606,82.20022463636361
76967,STATE - MAHARASHTRA,Manufacture of motor vehicles,1569,1507,62,245,235,10,1324,1272,52,103,96,7,44,44,0,59,52,7,1672,24.306451612903224,22.65423406060606,82.20022463636361
76968,STATE - MAHARASHTRA,Manufacture of bodies (coachwork) for motor vehicles; manufacture of,4074,3800,274,637,583,54,3437,3217,220,214,198,16,28,26,2,186,172,14,4288,13.86861313868613,22.65423406060606,82.20022463636361
76969,STATE - MAHARASHTRA,Manufacture of bodies (coachwork) for motor vehicles; manufacture of trailers and semi-trailers,4074,3800,274,637,583,54,3437,3217,220,214,198,16,28,26,2,186,172,14,4288,13.86861313868613,22.65423406060606,82.20022463636361
76970,STATE - MAHARASHTRA,Manufacture of parts and accessories for motor vehicles,1185,1122,63,190,187,3,995,935,60,66,61,5,12,9,3,54,52,2,1251,17.80952380952381,22.65423406060606,82.20022463636361
76971,STATE - MAHARASHTRA,Manufacture of parts and accessories for motor vehicles,1185,1122,63,190,187,3,995,935,60,66,61,5,12,9,3,54,52,2,1251,17.80952380952381,22.65423406060606,82.20022463636361
76972,STATE - MAHARASHTRA,Manufacture of other transport equipment,4942,4641,301,1152,1095,57,3790,3546,244,334,302,32,104,93,11,230,209,21,5276,15.418604651162791,22.65423406060606,82.20022463636361
76973,STATE - MAHARASHTRA,Building of ships and boats,861,807,54,98,96,2,763,711,52,48,40,8,11,9,2,37,31,6,909,14.944444444444445,22.65423406060606,82.20022463636361
76974,STATE - MAHARASHTRA,Building of ships and floating structures,858,804,54,98,96,2,760,708,52,48,40,8,11,9,2,37,31,6,906,14.88888888888889,22.65423406060606,82.20022463636361
76975,STATE - MAHARASHTRA,Building of pleasure and sporting boats,3,3,0,0,0,0,3,3,0,0,0,0,0,0,0,0,0,0,3,3,22.65423406060606,82.20022463636361
76976,STATE - MAHARASHTRA,Manufacture of railway locomotives and rolling stock,380,357,23,64,62,2,316,295,21,16,14,2,11,9,2,5,5,0,396,15.521739130434783,22.65423406060606,82.20022463636361
76977,STATE - MAHARASHTRA,Manufacture of railway locomotives and rolling stock,380,357,23,64,62,2,316,295,21,16,14,2,11,9,2,5,5,0,396,15.521739130434783,22.65423406060606,82.20022463636361
76978,STATE - MAHARASHTRA,Manufacture of air and spacecraft and related machinery,699,660,39,18,18,0,681,642,39,6,3,3,0,0,0,6,3,3,705,16.923076923076923,22.65423406060606,82.20022463636361
76979,STATE - MAHARASHTRA,Manufacture of air and spacecraft and related machinery,699,660,39,18,18,0,681,642,39,6,3,3,0,0,0,6,3,3,705,16.923076923076923,22.65423406060606,82.20022463636361
76980,STATE - MAHARASHTRA,Manufacture of military fighting vehicles,310,292,18,32,32,0,278,260,18,6,6,0,0,0,0,6,6,0,316,16.22222222222222,22.65423406060606,82.20022463636361
76981,STATE - MAHARASHTRA,Manufacture of weapons and ammunition,310,292,18,32,32,0,278,260,18,6,6,0,0,0,0,6,6,0,316,16.22222222222222,22.65423406060606,82.20022463636361
76982,STATE - MAHARASHTRA,Manufacture of transport equipment n.e.c.,2692,2525,167,940,887,53,1752,1638,114,258,239,19,82,75,7,176,164,12,2950,15.119760479041917,22.65423406060606,82.20022463636361
76983,STATE - MAHARASHTRA,Manufacture of motorcycles,637,578,59,131,100,31,506,478,28,39,37,2,21,19,2,18,18,0,676,9.796610169491526,22.65423406060606,82.20022463636361
76984,STATE - MAHARASHTRA,Manufacture of bicycles and invalid carriages,199,182,17,46,41,5,153,141,12,19,15,4,1,0,1,18,15,3,218,10.705882352941176,22.65423406060606,82.20022463636361
76985,STATE - MAHARASHTRA,Manufacture of other transport equipment n.e.c.,1856,1765,91,763,746,17,1093,1019,74,200,187,13,60,56,4,140,131,9,2056,19.395604395604398,22.65423406060606,82.20022463636361
76986,STATE - MAHARASHTRA,Manufacture of furniture,16441,15662,779,4215,3996,219,12226,11666,560,2014,1813,201,720,641,79,1294,1172,122,18455,20.105263157894736,22.65423406060606,82.20022463636361
76987,STATE - MAHARASHTRA,Manufacture of furniture,16441,15662,779,4215,3996,219,12226,11666,560,2014,1813,201,720,641,79,1294,1172,122,18455,20.105263157894736,22.65423406060606,82.20022463636361
76988,STATE - MAHARASHTRA,Manufacture of furniture,16441,15662,779,4215,3996,219,12226,11666,560,2014,1813,201,720,641,79,1294,1172,122,18455,20.105263157894736,22.65423406060606,82.20022463636361
76989,STATE - MAHARASHTRA,"Manufacture of jewellery, bijouterie and related articles",4137,2786,1351,372,269,103,3765,2517,1248,370,152,218,58,35,23,312,117,195,4507,2.062176165803109,22.65423406060606,82.20022463636361
76990,STATE - MAHARASHTRA,Manufacture of jewellery and related articles,2954,2221,733,307,221,86,2647,2000,647,232,119,113,46,26,20,186,93,93,3186,3.030013642564802,22.65423406060606,82.20022463636361
76991,STATE - MAHARASHTRA,Manufacture of imitation jewellery and related articles,1183,565,618,65,48,17,1118,517,601,138,33,105,12,9,3,126,24,102,1321,0.9142394822006472,22.65423406060606,82.20022463636361
76992,STATE - MAHARASHTRA,Manufacture of musical instruments,171,123,48,42,36,6,129,87,42,7,7,0,1,1,0,6,6,0,178,2.5625,22.65423406060606,82.20022463636361
76993,STATE - MAHARASHTRA,Manufacture of musical instruments,171,123,48,42,36,6,129,87,42,7,7,0,1,1,0,6,6,0,178,2.5625,22.65423406060606,82.20022463636361
76994,STATE - MAHARASHTRA,Manufacture of sports goods,35,35,0,0,0,0,35,35,0,0,0,0,0,0,0,0,0,0,35,35,22.65423406060606,82.20022463636361
76995,STATE - MAHARASHTRA,Manufacture of sports goods,35,35,0,0,0,0,35,35,0,0,0,0,0,0,0,0,0,0,35,35,22.65423406060606,82.20022463636361
76996,STATE - MAHARASHTRA,Manufacture of games and toys,236,145,91,41,23,18,195,122,73,17,3,14,3,0,3,14,3,11,253,1.5934065934065933,22.65423406060606,82.20022463636361
76997,STATE - MAHARASHTRA,Manufacture of games and toys,236,145,91,41,23,18,195,122,73,17,3,14,3,0,3,14,3,11,253,1.5934065934065933,22.65423406060606,82.20022463636361
76998,STATE - MAHARASHTRA,Manufacture of medical and dental instruments and supplies,127,111,16,18,15,3,109,96,13,6,6,0,0,0,0,6,6,0,133,6.9375,22.65423406060606,82.20022463636361
76999,STATE - MAHARASHTRA,Manufacture of medical and dental instruments and supplies,127,111,16,18,15,3,109,96,13,6,6,0,0,0,0,6,6,0,133,6.9375,22.65423406060606,82.20022463636361
77000,STATE - MAHARASHTRA,Repair and installation of machinery and equipment,3766,3630,136,962,926,36,2804,2704,100,396,390,6,134,134,0,262,256,6,4162,26.69117647058824,22.65423406060606,82.20022463636361
77001,STATE - MAHARASHTRA,"Repair of fabricated metal products, machinery and equipment",3682,3546,136,935,899,36,2747,2647,100,389,383,6,133,133,0,256,250,6,4071,26.073529411764707,22.65423406060606,82.20022463636361
77002,STATE - MAHARASHTRA,Repair of fabricated metal products,449,436,13,97,91,6,352,345,7,47,44,3,21,21,0,26,23,3,496,33.53846153846154,22.65423406060606,82.20022463636361
77003,STATE - MAHARASHTRA,Repair of machinery,757,725,32,156,148,8,601,577,24,89,89,0,27,27,0,62,62,0,846,22.65625,22.65423406060606,82.20022463636361
77004,STATE - MAHARASHTRA,Repair of electronic and optical equipment,128,122,6,32,32,0,96,90,6,13,10,3,1,1,0,12,9,3,141,20.33333333333333,22.65423406060606,82.20022463636361
77005,STATE - MAHARASHTRA,Repair of electrical equipment,1988,1920,68,534,516,18,1454,1404,50,203,203,0,64,64,0,139,139,0,2191,28.235294117647054,22.65423406060606,82.20022463636361
77006,STATE - MAHARASHTRA,"Repair of transport equipment, except motor vehicles",123,117,6,54,50,4,69,67,2,12,12,0,6,6,0,6,6,0,135,19.5,22.65423406060606,82.20022463636361
77007,STATE - MAHARASHTRA,Repair of other equipment,237,226,11,62,62,0,175,164,11,25,25,0,14,14,0,11,11,0,262,20.545454545454547,22.65423406060606,82.20022463636361
77008,STATE - MAHARASHTRA,Installation of industrial machinery and equipment,84,84,0,27,27,0,57,57,0,7,7,0,1,1,0,6,6,0,91,84,22.65423406060606,82.20022463636361
77009,STATE - MAHARASHTRA,Installation of industrial machinery and equipment,84,84,0,27,27,0,57,57,0,7,7,0,1,1,0,6,6,0,91,84,22.65423406060606,82.20022463636361
77010,STATE - MAHARASHTRA,"Electricity, gas, steam and air conditioning supply",18674,17045,1629,5045,4725,320,13629,12320,1309,989,883,106,235,221,14,754,662,92,19663,10.463474524248005,22.65423406060606,82.20022463636361
77011,STATE - MAHARASHTRA,"Electric power generation, transmission and distribution",17671,16103,1568,4813,4502,311,12858,11601,1257,943,843,100,223,209,14,720,634,86,18614,10.269770408163266,22.65423406060606,82.20022463636361
77012,STATE - MAHARASHTRA,"Electric power generation, transmission and distribution",17671,16103,1568,4813,4502,311,12858,11601,1257,943,843,100,223,209,14,720,634,86,18614,10.269770408163266,22.65423406060606,82.20022463636361
77013,STATE - MAHARASHTRA,Manufacture of gas; distribution of gaseous fuels through mains,573,551,22,71,69,2,502,482,20,28,25,3,3,3,0,25,22,3,601,25.045454545454547,22.65423406060606,82.20022463636361
77014,STATE - MAHARASHTRA,Manufacture of gas; distribution of gaseous fuels through mains,573,551,22,71,69,2,502,482,20,28,25,3,3,3,0,25,22,3,601,25.045454545454547,22.65423406060606,82.20022463636361
77015,STATE - MAHARASHTRA,Steam and air conditioning supply,430,391,39,161,154,7,269,237,32,18,15,3,9,9,0,9,6,3,448,10.025641025641026,22.65423406060606,82.20022463636361
77016,STATE - MAHARASHTRA,Steam and air conditioning supply,430,391,39,161,154,7,269,237,32,18,15,3,9,9,0,9,6,3,448,10.025641025641026,22.65423406060606,82.20022463636361
77017,STATE - MAHARASHTRA,"Water collection, treatment and supply",2085,1937,148,762,726,36,1323,1211,112,52,48,4,25,23,2,27,25,2,2137,13.08783783783784,22.65423406060606,82.20022463636361
77018,STATE - MAHARASHTRA,"Water collection, treatment and supply",2085,1937,148,762,726,36,1323,1211,112,52,48,4,25,23,2,27,25,2,2137,13.08783783783784,22.65423406060606,82.20022463636361
77019,STATE - MAHARASHTRA,"Water collection, treatment and supply",2085,1937,148,762,726,36,1323,1211,112,52,48,4,25,23,2,27,25,2,2137,13.08783783783784,22.65423406060606,82.20022463636361
77020,STATE - MAHARASHTRA,Sewerage,44,33,11,3,2,1,41,31,10,12,12,0,0,0,0,12,12,0,56,3,22.65423406060606,82.20022463636361
77021,STATE - MAHARASHTRA,Sewerage,44,33,11,3,2,1,41,31,10,12,12,0,0,0,0,12,12,0,56,3,22.65423406060606,82.20022463636361
77022,STATE - MAHARASHTRA,Sewerage,44,33,11,3,2,1,41,31,10,12,12,0,0,0,0,12,12,0,56,3,22.65423406060606,82.20022463636361
77023,STATE - MAHARASHTRA,"Waste collection, treatment and disposal activities; materials recovery",101,91,10,39,35,4,62,56,6,15,15,0,6,6,0,9,9,0,116,9.1,22.65423406060606,82.20022463636361
77024,STATE - MAHARASHTRA,Waste collection,80,73,7,26,22,4,54,51,3,9,9,0,6,6,0,3,3,0,89,10.428571428571429,22.65423406060606,82.20022463636361
77025,STATE - MAHARASHTRA,Collection of non-hazardous waste,6,6,0,0,0,0,6,6,0,0,0,0,0,0,0,0,0,0,6,6,22.65423406060606,82.20022463636361
77026,STATE - MAHARASHTRA,Collection of hazardous waste,74,67,7,26,22,4,48,45,3,9,9,0,6,6,0,3,3,0,83,9.571428571428571,22.65423406060606,82.20022463636361
77027,STATE - MAHARASHTRA,Waste treatment and disposal,21,18,3,13,13,0,8,5,3,6,6,0,0,0,0,6,6,0,27,6,22.65423406060606,82.20022463636361
77028,STATE - MAHARASHTRA,Treatment and disposal of hazardous waste,21,18,3,13,13,0,8,5,3,6,6,0,0,0,0,6,6,0,27,6,22.65423406060606,82.20022463636361
77029,STATE - MAHARASHTRA,Civil engineering,22172,19038,3134,5563,4676,887,16609,14362,2247,3695,2971,724,1323,1042,281,2372,1929,443,25867,6.074664964901085,22.65423406060606,82.20022463636361
77030,STATE - MAHARASHTRA,Construction of roads and railways,7531,6401,1130,2381,2019,362,5150,4382,768,1436,1115,321,685,534,151,751,581,170,8967,5.6646017699115045,22.65423406060606,82.20022463636361
77031,STATE - MAHARASHTRA,Construction roads and railways,7531,6401,1130,2381,2019,362,5150,4382,768,1436,1115,321,685,534,151,751,581,170,8967,5.6646017699115045,22.65423406060606,82.20022463636361
77032,STATE - MAHARASHTRA,Construction of utility projects,2274,2039,235,846,701,145,1428,1338,90,322,288,34,141,115,26,181,173,8,2596,8.676595744680851,22.65423406060606,82.20022463636361
77033,STATE - MAHARASHTRA,Construction of utility projects,2274,2039,235,846,701,145,1428,1338,90,322,288,34,141,115,26,181,173,8,2596,8.676595744680851,22.65423406060606,82.20022463636361
77034,STATE - MAHARASHTRA,Construction of other civil engineering projects,12367,10598,1769,2336,1956,380,10031,8642,1389,1937,1568,369,497,393,104,1440,1175,265,14304,5.990955342001131,22.65423406060606,82.20022463636361
77035,STATE - MAHARASHTRA,Construction of other civil engineering projects,12367,10598,1769,2336,1956,380,10031,8642,1389,1937,1568,369,497,393,104,1440,1175,265,14304,5.990955342001131,22.65423406060606,82.20022463636361
77036,STATE - MAHARASHTRA,Demolition and site preparation,25754,21291,4463,4804,3904,900,20950,17387,3563,5479,4221,1258,1402,1060,342,4077,3161,916,31233,4.770557920681156,22.65423406060606,82.20022463636361
77037,STATE - MAHARASHTRA,Demolition,505,445,60,194,163,31,311,282,29,171,125,46,95,67,28,76,58,18,676,7.416666666666667,22.65423406060606,82.20022463636361
77038,STATE - MAHARASHTRA,Site preparation,25249,20846,4403,4610,3741,869,20639,17105,3534,5308,4096,1212,1307,993,314,4001,3103,898,30557,4.734499205087441,22.65423406060606,82.20022463636361
77039,STATE - MAHARASHTRA,"Electrical, plumbing and other construction installation activities",15980,15493,487,2514,2442,72,13466,13051,415,1611,1555,56,353,336,17,1258,1219,39,17591,31.813141683778237,22.65423406060606,82.20022463636361
77040,STATE - MAHARASHTRA,Electrical installation,8893,8567,326,1487,1431,56,7406,7136,270,909,873,36,229,212,17,680,661,19,9802,26.27914110429448,22.65423406060606,82.20022463636361
77041,STATE - MAHARASHTRA,"Plumbing, heat and air-conditioning installation",7025,6867,158,1006,990,16,6019,5877,142,694,676,18,124,124,0,570,552,18,7719,43.462025316455694,22.65423406060606,82.20022463636361
77042,STATE - MAHARASHTRA,Other construction installation,62,59,3,21,21,0,41,38,3,8,6,2,0,0,0,8,6,2,70,19.666666666666668,22.65423406060606,82.20022463636361
77043,STATE - MAHARASHTRA,Other specialized construction activities,11035,9308,1727,1896,1601,295,9139,7707,1432,2279,1846,433,639,524,115,1640,1322,318,13314,5.3896931094383325,22.65423406060606,82.20022463636361
77044,STATE - MAHARASHTRA,Other specialized construction activities,11035,9308,1727,1896,1601,295,9139,7707,1432,2279,1846,433,639,524,115,1640,1322,318,13314,5.3896931094383325,22.65423406060606,82.20022463636361
77045,STATE - MAHARASHTRA,Wholesale and retail trade and repair of motor vehicles and motorcycles,19162,18407,755,3794,3706,88,15368,14701,667,1486,1389,97,263,254,9,1223,1135,88,20648,24.380132450331125,22.65423406060606,82.20022463636361
77046,STATE - MAHARASHTRA,Sale of motor vehicles,1546,1408,138,170,170,0,1376,1238,138,147,122,25,12,12,0,135,110,25,1693,10.202898550724637,22.65423406060606,82.20022463636361
77047,STATE - MAHARASHTRA,Sale of motor vehicles,1546,1408,138,170,170,0,1376,1238,138,147,122,25,12,12,0,135,110,25,1693,10.202898550724637,22.65423406060606,82.20022463636361
77048,STATE - MAHARASHTRA,Maintenance and repair of motor vehicles,10562,10242,320,2135,2091,44,8427,8151,276,749,707,42,122,118,4,627,589,38,11311,32.00625,22.65423406060606,82.20022463636361
77049,STATE - MAHARASHTRA,Maintenance and repair of motor vehicles,10562,10242,320,2135,2091,44,8427,8151,276,749,707,42,122,118,4,627,589,38,11311,32.00625,22.65423406060606,82.20022463636361
77050,STATE - MAHARASHTRA,Sale of motor vehicle parts and accessories,1220,1143,77,200,191,9,1020,952,68,72,72,0,10,10,0,62,62,0,1292,14.844155844155845,22.65423406060606,82.20022463636361
77051,STATE - MAHARASHTRA,Sale of motor vehicle parts and accessories,1220,1143,77,200,191,9,1020,952,68,72,72,0,10,10,0,62,62,0,1292,14.844155844155845,22.65423406060606,82.20022463636361
77052,STATE - MAHARASHTRA,"Sale, maintenance and repair of motorcycles and related parts and",5834,5614,220,1289,1254,35,4545,4360,185,518,488,30,119,114,5,399,374,25,6352,25.51818181818182,22.65423406060606,82.20022463636361
77053,STATE - MAHARASHTRA,"Sale, maintenance and repair of motorcycles and related parts and",5834,5614,220,1289,1254,35,4545,4360,185,518,488,30,119,114,5,399,374,25,6352,25.51818181818182,22.65423406060606,82.20022463636361
77054,STATE - MAHARASHTRA,"Wholesale trade, except of motor vehicles and motorcycles",34488,25492,8996,4674,4031,643,29814,21461,8353,3733,2299,1434,517,397,120,3216,1902,1314,38221,2.833703868385949,22.65423406060606,82.20022463636361
77055,STATE - MAHARASHTRA,Wholesale on a fee or contract basis,1164,1043,121,187,177,10,977,866,111,80,69,11,2,2,0,78,67,11,1244,8.619834710743802,22.65423406060606,82.20022463636361
77056,STATE - MAHARASHTRA,Wholesale on a fee or contract basis,1164,1043,121,187,177,10,977,866,111,80,69,11,2,2,0,78,67,11,1244,8.619834710743802,22.65423406060606,82.20022463636361
77057,STATE - MAHARASHTRA,Wholesale of agricultural raw materials and live animals,3570,3088,482,827,776,51,2743,2312,431,246,186,60,57,51,6,189,135,54,3816,6.406639004149378,22.65423406060606,82.20022463636361
77058,STATE - MAHARASHTRA,Wholesale of agricultural raw materials and live animals,3570,3088,482,827,776,51,2743,2312,431,246,186,60,57,51,6,189,135,54,3816,6.406639004149378,22.65423406060606,82.20022463636361
77059,STATE - MAHARASHTRA,"Wholesale of food, beverages and tobacco",5746,4666,1080,1007,854,153,4739,3812,927,617,440,177,98,71,27,519,369,150,6363,4.32037037037037,22.65423406060606,82.20022463636361
77060,STATE - MAHARASHTRA,"Wholesale of food, beverages and tobacco",5746,4666,1080,1007,854,153,4739,3812,927,617,440,177,98,71,27,519,369,150,6363,4.32037037037037,22.65423406060606,82.20022463636361
77061,STATE - MAHARASHTRA,Wholesale of household goods,1763,1577,186,280,256,24,1483,1321,162,99,88,11,15,15,0,84,73,11,1862,8.478494623655914,22.65423406060606,82.20022463636361
77062,STATE - MAHARASHTRA,"Wholesale of textiles, clothing and footwear",400,349,51,37,35,2,363,314,49,31,22,9,2,2,0,29,20,9,431,6.8431372549019605,22.65423406060606,82.20022463636361
77063,STATE - MAHARASHTRA,Wholesale of other household goods,1363,1228,135,243,221,22,1120,1007,113,68,66,2,13,13,0,55,53,2,1431,9.096296296296297,22.65423406060606,82.20022463636361
77064,STATE - MAHARASHTRA,"Wholesale of machinery, equipment and supplies",1335,1086,249,170,139,31,1165,947,218,73,55,18,11,9,2,62,46,16,1408,4.36144578313253,22.65423406060606,82.20022463636361
77065,STATE - MAHARASHTRA,"Wholesale of computers, computer peripheral equipment and software",63,50,13,3,3,0,60,47,13,3,3,0,0,0,0,3,3,0,66,3.8461538461538463,22.65423406060606,82.20022463636361
77066,STATE - MAHARASHTRA,Wholesale of electronic and telecommunications equipment and parts,83,74,9,9,9,0,74,65,9,8,2,6,0,0,0,8,2,6,91,8.222222222222221,22.65423406060606,82.20022463636361
77067,STATE - MAHARASHTRA,"Wholesale of agricultural machinery, equipment and supplies",96,75,21,20,17,3,76,58,18,14,12,2,1,1,0,13,11,2,110,3.571428571428572,22.65423406060606,82.20022463636361
77068,STATE - MAHARASHTRA,Wholesale of other machinery and equipment,1093,887,206,138,110,28,955,777,178,48,38,10,10,8,2,38,30,8,1141,4.305825242718447,22.65423406060606,82.20022463636361
77069,STATE - MAHARASHTRA,Other specialized wholesale,14049,8391,5658,1440,1146,294,12609,7245,5364,1886,890,996,247,164,83,1639,726,913,15935,1.4830328738069989,22.65423406060606,82.20022463636361
77070,STATE - MAHARASHTRA,"Wholesale of solid, liquid and gaseous fuels and related products",64,56,8,0,0,0,64,56,8,3,3,0,0,0,0,3,3,0,67,7,22.65423406060606,82.20022463636361
77071,STATE - MAHARASHTRA,Wholesale of metals and metal ores,43,41,2,1,1,0,42,40,2,6,6,0,0,0,0,6,6,0,49,20.5,22.65423406060606,82.20022463636361
77072,STATE - MAHARASHTRA,"Wholesale of construction materials, hardware, plumbing and heating",670,633,37,91,91,0,579,542,37,56,50,6,2,2,0,54,48,6,726,17.10810810810811,22.65423406060606,82.20022463636361
77073,STATE - MAHARASHTRA,Wholesale of waste and scrap and other products n.e.c.,13272,7661,5611,1348,1054,294,11924,6607,5317,1821,831,990,245,162,83,1576,669,907,15093,1.3653537693815718,22.65423406060606,82.20022463636361
77074,STATE - MAHARASHTRA,Non-specialized wholesale trade,6861,5641,1220,763,683,80,6098,4958,1140,732,571,161,87,85,2,645,486,159,7593,4.623770491803279,22.65423406060606,82.20022463636361
77075,STATE - MAHARASHTRA,Non-specialized wholesale trade,6861,5641,1220,763,683,80,6098,4958,1140,732,571,161,87,85,2,645,486,159,7593,4.623770491803279,22.65423406060606,82.20022463636361
77076,STATE - MAHARASHTRA,Retail sale in non-specialized stores,6021,5136,885,1042,893,149,4979,4243,736,661,517,144,158,106,52,503,411,92,6682,5.803389830508475,22.65423406060606,82.20022463636361
77077,STATE - MAHARASHTRA,"Retail sale in non-specialized stores with food, beverages or tobacco",1164,1086,78,341,320,21,823,766,57,131,109,22,50,45,5,81,64,17,1295,13.923076923076923,22.65423406060606,82.20022463636361
77078,STATE - MAHARASHTRA,Other retail sale in non-specialized stores,4857,4050,807,701,573,128,4156,3477,679,530,408,122,108,61,47,422,347,75,5387,5.018587360594796,22.65423406060606,82.20022463636361
77079,STATE - MAHARASHTRA,"Retail sale of food, beverages and tobacco in specialized stores",64649,50417,14232,14628,12088,2540,50021,38329,11692,6319,4359,1960,1597,1125,472,4722,3234,1488,70968,3.542509836987072,22.65423406060606,82.20022463636361
77080,STATE - MAHARASHTRA,Retail sale of food in specialized stores,59679,45751,13928,13519,11031,2488,46160,34720,11440,5907,3984,1923,1470,1008,462,4437,2976,1461,65586,3.284821941412981,22.65423406060606,82.20022463636361
77081,STATE - MAHARASHTRA,Retail sale of beverages in specialized stores,1402,1317,85,228,217,11,1174,1100,74,123,109,14,37,33,4,86,76,10,1525,15.494117647058824,22.65423406060606,82.20022463636361
77082,STATE - MAHARASHTRA,Retail sale of tobacco products in specialized stores,3568,3349,219,881,840,41,2687,2509,178,289,266,23,90,84,6,199,182,17,3857,15.292237442922374,22.65423406060606,82.20022463636361
77083,STATE - MAHARASHTRA,Retail sale of automotive fuel in specialized stores,2731,2603,128,638,625,13,2093,1978,115,192,179,13,49,48,1,143,131,12,2923,20.3359375,22.65423406060606,82.20022463636361
77084,STATE - MAHARASHTRA,Retail sale of automotive fuel in specialized stores,2731,2603,128,638,625,13,2093,1978,115,192,179,13,49,48,1,143,131,12,2923,20.3359375,22.65423406060606,82.20022463636361
77085,STATE - MAHARASHTRA,Retail sale of information and communications equipment in specialized,3585,3283,302,549,530,19,3036,2753,283,326,284,42,55,55,0,271,229,42,3911,10.870860927152318,22.65423406060606,82.20022463636361
77086,STATE - MAHARASHTRA,"Retail sale of computers, peripheral units, software and",3356,3062,294,511,492,19,2845,2570,275,313,276,37,55,55,0,258,221,37,3669,10.414965986394558,22.65423406060606,82.20022463636361
77087,STATE - MAHARASHTRA,Retail sale of audio and video equipment in specialized stores,229,221,8,38,38,0,191,183,8,13,8,5,0,0,0,13,8,5,242,27.625,22.65423406060606,82.20022463636361
77088,STATE - MAHARASHTRA,Retail sale of other household equipment in specialized stores,16644,14775,1869,2827,2510,317,13817,12265,1552,1426,1123,303,299,219,80,1127,904,223,18070,7.90529695024077,22.65423406060606,82.20022463636361
77089,STATE - MAHARASHTRA,Retail sale of textiles in specialized stores,4078,3359,719,712,628,84,3366,2731,635,428,333,95,77,65,12,351,268,83,4506,4.671766342141864,22.65423406060606,82.20022463636361
77090,STATE - MAHARASHTRA,"Retail sale of hardware, paints and glass in specialized stores",4638,4365,273,808,753,55,3830,3612,218,348,298,50,68,38,30,280,260,20,4986,15.989010989010987,22.65423406060606,82.20022463636361
77091,STATE - MAHARASHTRA,"Retail sale of carpets, rugs, wall and floor coverings in specialized",244,234,10,40,37,3,204,197,7,36,32,4,0,0,0,36,32,4,280,23.4,22.65423406060606,82.20022463636361
77092,STATE - MAHARASHTRA,"Retail sale of electrical household appliances, furniture, lighting",7684,6817,867,1267,1092,175,6417,5725,692,614,460,154,154,116,38,460,344,116,8298,7.862745098039215,22.65423406060606,82.20022463636361
77093,STATE - MAHARASHTRA,Retail sale of cultural and recreation goods in specialized stores,3588,3184,404,637,545,92,2951,2639,312,432,363,69,90,76,14,342,287,55,4020,7.881188118811881,22.65423406060606,82.20022463636361
77094,STATE - MAHARASHTRA,"Retail sale of books, newspapers and stationary in specialized stores",3095,2770,325,516,455,61,2579,2315,264,381,325,56,84,73,11,297,252,45,3476,8.523076923076923,22.65423406060606,82.20022463636361
77095,STATE - MAHARASHTRA,Retail sale of music and video recordings in specialized stores,95,95,0,19,19,0,76,76,0,2,2,0,0,0,0,2,2,0,97,95,22.65423406060606,82.20022463636361
77096,STATE - MAHARASHTRA,Retail sale of sporting equipment in specialized stores,43,41,2,1,1,0,42,40,2,6,3,3,6,3,3,0,0,0,49,20.5,22.65423406060606,82.20022463636361
77097,STATE - MAHARASHTRA,Retail sale of games and toys in specialized stores,355,278,77,101,70,31,254,208,46,43,33,10,0,0,0,43,33,10,398,3.6103896103896105,22.65423406060606,82.20022463636361
77098,STATE - MAHARASHTRA,Retail sale of other goods in specialized stores,35444,30608,4836,6418,5794,624,29026,24814,4212,2614,1912,702,615,441,174,1999,1471,528,38058,6.3291976840363935,22.65423406060606,82.20022463636361
77099,STATE - MAHARASHTRA,"Retail sale of clothing, footwear and leather articles in specialized",17525,15600,1925,3822,3547,275,13703,12053,1650,1081,877,204,276,228,48,805,649,156,18606,8.103896103896103,22.65423406060606,82.20022463636361
77100,STATE - MAHARASHTRA,"Retail sale of pharmaceutical and medical goods, cosmetic and toilet",5243,4455,788,846,778,68,4397,3677,720,419,289,130,110,73,37,309,216,93,5662,5.653553299492386,22.65423406060606,82.20022463636361
77101,STATE - MAHARASHTRA,Other retail sale of new goods in specialized stores,12585,10490,2095,1747,1466,281,10838,9024,1814,1112,746,366,229,140,89,883,606,277,13697,5.007159904534606,22.65423406060606,82.20022463636361
77102,STATE - MAHARASHTRA,Retail sale of second-hand goods,91,63,28,3,3,0,88,60,28,2,0,2,0,0,0,2,0,2,93,2.25,22.65423406060606,82.20022463636361
77103,STATE - MAHARASHTRA,Retail sale via stalls and markets,8901,7388,1513,1235,1059,176,7666,6329,1337,873,677,196,140,116,24,733,561,172,9774,4.883013879709187,22.65423406060606,82.20022463636361
77104,STATE - MAHARASHTRA,"Retail sale via stalls and markets of food, beverages and tobacco",1273,1110,163,286,266,20,987,844,143,122,101,21,40,32,8,82,69,13,1395,6.809815950920245,22.65423406060606,82.20022463636361
77105,STATE - MAHARASHTRA,"Retail sale via stalls and markets of textiles, clothing and footwear",1730,1427,303,299,258,41,1431,1169,262,156,117,39,8,7,1,148,110,38,1886,4.70957095709571,22.65423406060606,82.20022463636361
77106,STATE - MAHARASHTRA,Retail sale via stalls and markets of other goods,5898,4851,1047,650,535,115,5248,4316,932,595,459,136,92,77,15,503,382,121,6493,4.63323782234957,22.65423406060606,82.20022463636361
77107,STATE - MAHARASHTRA,"Retail trade not in stores, stalls or markets",10759,8387,2372,1778,1372,406,8981,7015,1966,1109,756,353,185,123,62,924,633,291,11868,3.5358347386172007,22.65423406060606,82.20022463636361
77108,STATE - MAHARASHTRA,Retail sale via mail order houses or via Internet,2907,2361,546,548,457,91,2359,1904,455,206,124,82,45,27,18,161,97,64,3113,4.324175824175824,22.65423406060606,82.20022463636361
77109,STATE - MAHARASHTRA,"Other retail sale not in stores, stalls or markets",7852,6026,1826,1230,915,315,6622,5111,1511,903,632,271,140,96,44,763,536,227,8755,3.300109529025192,22.65423406060606,82.20022463636361
77110,STATE - MAHARASHTRA,Transport via railways,28840,25781,3059,4149,3944,205,24691,21837,2854,789,673,116,99,87,12,690,586,104,29629,8.4279176201373,22.65423406060606,82.20022463636361
77111,STATE - MAHARASHTRA,Passenger rail transport,23289,20817,2472,3218,3067,151,20071,17750,2321,670,573,97,88,76,12,582,497,85,23959,8.42111650485437,22.65423406060606,82.20022463636361
77112,STATE - MAHARASHTRA,Freight rail transport,5551,4964,587,931,877,54,4620,4087,533,119,100,19,11,11,0,108,89,19,5670,8.456558773424192,22.65423406060606,82.20022463636361
77113,STATE - MAHARASHTRA,Urban or suburban passenger land transport,26913,26211,702,5584,5482,102,21329,20729,600,1619,1562,57,358,344,14,1261,1218,43,28532,37.33760683760684,22.65423406060606,82.20022463636361
77114,STATE - MAHARASHTRA,Other passenger land transport,77489,75161,2328,17941,17440,501,59548,57721,1827,4883,4682,201,1214,1171,43,3669,3511,158,82372,32.2856529209622,22.65423406060606,82.20022463636361
77115,STATE - MAHARASHTRA,Freight transport by road,45802,44621,1181,13573,13284,289,32229,31337,892,3493,3327,166,1153,1099,54,2340,2228,112,49295,37.78238780694327,22.65423406060606,82.20022463636361
77116,STATE - MAHARASHTRA,Transport via pipeline,18,15,3,3,3,0,15,12,3,0,0,0,0,0,0,0,0,0,18,5,22.65423406060606,82.20022463636361
77117,STATE - MAHARASHTRA,Transport via pipeline,18,15,3,3,3,0,15,12,3,0,0,0,0,0,0,0,0,0,18,5,22.65423406060606,82.20022463636361
77118,STATE - MAHARASHTRA,Water transport,3097,2778,319,174,168,6,2923,2610,313,112,106,6,14,14,0,98,92,6,3209,8.70846394984326,22.65423406060606,82.20022463636361
77119,STATE - MAHARASHTRA,Sea and coastal water transport,2748,2456,292,106,104,2,2642,2352,290,88,85,3,6,6,0,82,79,3,2836,8.41095890410959,22.65423406060606,82.20022463636361
77120,STATE - MAHARASHTRA,Sea and coastal passenger water transport,2284,2049,235,87,85,2,2197,1964,233,79,76,3,6,6,0,73,70,3,2363,8.719148936170212,22.65423406060606,82.20022463636361
77121,STATE - MAHARASHTRA,Sea and coastal freight water transport,464,407,57,19,19,0,445,388,57,9,9,0,0,0,0,9,9,0,473,7.140350877192983,22.65423406060606,82.20022463636361
77122,STATE - MAHARASHTRA,Inland water transport,349,322,27,68,64,4,281,258,23,24,21,3,8,8,0,16,13,3,373,11.925925925925926,22.65423406060606,82.20022463636361
77123,STATE - MAHARASHTRA,Inland passenger water transport,281,267,14,58,56,2,223,211,12,17,14,3,8,8,0,9,6,3,298,19.071428571428573,22.65423406060606,82.20022463636361
77124,STATE - MAHARASHTRA,Inland freight water transport,68,55,13,10,8,2,58,47,11,7,7,0,0,0,0,7,7,0,75,4.230769230769231,22.65423406060606,82.20022463636361
77125,STATE - MAHARASHTRA,Air transport,4440,3861,579,190,166,24,4250,3695,555,310,289,21,52,40,12,258,249,9,4750,6.668393782383419,22.65423406060606,82.20022463636361
77126,STATE - MAHARASHTRA,Passenger air transport,2393,2076,317,90,80,10,2303,1996,307,135,129,6,14,14,0,121,115,6,2528,6.548895899053628,22.65423406060606,82.20022463636361
77127,STATE - MAHARASHTRA,Passenger air transport,2393,2076,317,90,80,10,2303,1996,307,135,129,6,14,14,0,121,115,6,2528,6.548895899053628,22.65423406060606,82.20022463636361
77128,STATE - MAHARASHTRA,Freight air transport,2047,1785,262,100,86,14,1947,1699,248,175,160,15,38,26,12,137,134,3,2222,6.812977099236641,22.65423406060606,82.20022463636361
77129,STATE - MAHARASHTRA,Freight air transport,2047,1785,262,100,86,14,1947,1699,248,175,160,15,38,26,12,137,134,3,2222,6.812977099236641,22.65423406060606,82.20022463636361
77130,STATE - MAHARASHTRA,Warehousing and support activities for transportation,29237,27337,1900,5023,4716,307,24214,22621,1593,3355,2965,390,567,509,58,2788,2456,332,32592,14.387894736842105,22.65423406060606,82.20022463636361
77131,STATE - MAHARASHTRA,Warehousing and storage,17783,16525,1258,3063,2836,227,14720,13689,1031,2152,1890,262,319,284,35,1833,1606,227,19935,13.135930047694751,22.65423406060606,82.20022463636361
77132,STATE - MAHARASHTRA,Warehousing and storage,17783,16525,1258,3063,2836,227,14720,13689,1031,2152,1890,262,319,284,35,1833,1606,227,19935,13.135930047694751,22.65423406060606,82.20022463636361
77133,STATE - MAHARASHTRA,Support activities for transportation,11454,10812,642,1960,1880,80,9494,8932,562,1203,1075,128,248,225,23,955,850,105,12657,16.8411214953271,22.65423406060606,82.20022463636361
77134,STATE - MAHARASHTRA,Service activities incidental to land transportation,8616,8165,451,1497,1440,57,7119,6725,394,1002,904,98,213,198,15,789,706,83,9618,18.104212860310422,22.65423406060606,82.20022463636361
77135,STATE - MAHARASHTRA,Service activities incidental to water transportation,15,9,6,6,0,6,9,9,0,0,0,0,0,0,0,0,0,0,15,1.5,22.65423406060606,82.20022463636361
77136,STATE - MAHARASHTRA,Service activities incidental to air transportation,67,65,2,23,21,2,44,44,0,9,9,0,0,0,0,9,9,0,76,32.5,22.65423406060606,82.20022463636361
77137,STATE - MAHARASHTRA,Cargo handling,696,656,40,91,88,3,605,568,37,39,37,2,3,3,0,36,34,2,735,16.4,22.65423406060606,82.20022463636361
77138,STATE - MAHARASHTRA,Other transportation support activities,2060,1917,143,343,331,12,1717,1586,131,153,125,28,32,24,8,121,101,20,2213,13.405594405594403,22.65423406060606,82.20022463636361
77139,STATE - MAHARASHTRA,Postal and courier activities,8721,7707,1014,2134,2012,122,6587,5695,892,361,316,45,69,66,3,292,250,42,9082,7.600591715976331,22.65423406060606,82.20022463636361
77140,STATE - MAHARASHTRA,Postal activities,4777,4112,665,1932,1824,108,2845,2288,557,125,92,33,47,44,3,78,48,30,4902,6.1834586466165415,22.65423406060606,82.20022463636361
77141,STATE - MAHARASHTRA,Postal activities,4777,4112,665,1932,1824,108,2845,2288,557,125,92,33,47,44,3,78,48,30,4902,6.1834586466165415,22.65423406060606,82.20022463636361
77142,STATE - MAHARASHTRA,Courier activities,3944,3595,349,202,188,14,3742,3407,335,236,224,12,22,22,0,214,202,12,4180,10.300859598853869,22.65423406060606,82.20022463636361
77143,STATE - MAHARASHTRA,Courier activities,3944,3595,349,202,188,14,3742,3407,335,236,224,12,22,22,0,214,202,12,4180,10.300859598853869,22.65423406060606,82.20022463636361
77144,STATE - MAHARASHTRA,Accommodation,14672,12023,2649,3177,2609,568,11495,9414,2081,1372,1096,276,337,282,55,1035,814,221,16044,4.538693846734617,22.65423406060606,82.20022463636361
77145,STATE - MAHARASHTRA,Short term accommodation activities,12254,10414,1840,2305,1994,311,9949,8420,1529,1264,1025,239,303,263,40,961,762,199,13518,5.659782608695652,22.65423406060606,82.20022463636361
77146,STATE - MAHARASHTRA,Short term accommodation activities,12254,10414,1840,2305,1994,311,9949,8420,1529,1264,1025,239,303,263,40,961,762,199,13518,5.659782608695652,22.65423406060606,82.20022463636361
77147,STATE - MAHARASHTRA,"Camping grounds, recreational vehicle parks and trailer parks",9,9,0,0,0,0,9,9,0,3,3,0,0,0,0,3,3,0,12,9,22.65423406060606,82.20022463636361
77148,STATE - MAHARASHTRA,"Camping grounds, recreational vehicle parks and trailer parks",9,9,0,0,0,0,9,9,0,3,3,0,0,0,0,3,3,0,12,9,22.65423406060606,82.20022463636361
77149,STATE - MAHARASHTRA,Other accommodation,2409,1600,809,872,615,257,1537,985,552,105,68,37,34,19,15,71,49,22,2514,1.9777503090234856,22.65423406060606,82.20022463636361
77150,STATE - MAHARASHTRA,Other accommodation,2409,1600,809,872,615,257,1537,985,552,105,68,37,34,19,15,71,49,22,2514,1.9777503090234856,22.65423406060606,82.20022463636361
77151,STATE - MAHARASHTRA,Food and beverage service activities,28208,23315,4893,5057,4380,677,23151,18935,4216,3208,2359,849,662,544,118,2546,1815,731,31416,4.764970365828735,22.65423406060606,82.20022463636361
77152,STATE - MAHARASHTRA,Restaurants and mobile food service activities,7500,6487,1013,1499,1332,167,6001,5155,846,776,648,128,205,188,17,571,460,111,8276,6.403751233958539,22.65423406060606,82.20022463636361
77153,STATE - MAHARASHTRA,Restaurants and mobile food service activities,7500,6487,1013,1499,1332,167,6001,5155,846,776,648,128,205,188,17,571,460,111,8276,6.403751233958539,22.65423406060606,82.20022463636361
77154,STATE - MAHARASHTRA,Event catering and other food service activities,6610,4535,2075,635,441,194,5975,4094,1881,1221,693,528,112,80,32,1109,613,496,7831,2.185542168674699,22.65423406060606,82.20022463636361
77155,STATE - MAHARASHTRA,Event catering,6134,4241,1893,590,414,176,5544,3827,1717,1158,649,509,101,71,30,1057,578,479,7292,2.2403592181722134,22.65423406060606,82.20022463636361
77156,STATE - MAHARASHTRA,Other food service activities,476,294,182,45,27,18,431,267,164,63,44,19,11,9,2,52,35,17,539,1.6153846153846154,22.65423406060606,82.20022463636361
77157,STATE - MAHARASHTRA,Beverage serving activities,14098,12293,1805,2923,2607,316,11175,9686,1489,1211,1018,193,345,276,69,866,742,124,15309,6.810526315789474,22.65423406060606,82.20022463636361
77158,STATE - MAHARASHTRA,Beverage serving activities,14098,12293,1805,2923,2607,316,11175,9686,1489,1211,1018,193,345,276,69,866,742,124,15309,6.810526315789474,22.65423406060606,82.20022463636361
77159,STATE - MAHARASHTRA,Publishing activities,1769,1573,196,238,234,4,1531,1339,192,81,81,0,14,14,0,67,67,0,1850,8.025510204081632,22.65423406060606,82.20022463636361
77160,STATE - MAHARASHTRA,"Publishing of books, periodicals and other publishing activities",1530,1378,152,230,226,4,1300,1152,148,72,72,0,14,14,0,58,58,0,1602,9.06578947368421,22.65423406060606,82.20022463636361
77161,STATE - MAHARASHTRA,Book publishing,104,85,19,6,6,0,98,79,19,3,3,0,0,0,0,3,3,0,107,4.473684210526316,22.65423406060606,82.20022463636361
77162,STATE - MAHARASHTRA,Publishing of directories and mailing lists,11,11,0,3,3,0,8,8,0,0,0,0,0,0,0,0,0,0,11,11,22.65423406060606,82.20022463636361
77163,STATE - MAHARASHTRA,"Publishing of newspapers, journals and periodicals",1343,1226,117,206,202,4,1137,1024,113,66,66,0,14,14,0,52,52,0,1409,10.47863247863248,22.65423406060606,82.20022463636361
77164,STATE - MAHARASHTRA,Other publishing activities,72,56,16,15,15,0,57,41,16,3,3,0,0,0,0,3,3,0,75,3.5,22.65423406060606,82.20022463636361
77165,STATE - MAHARASHTRA,Software publishing,239,195,44,8,8,0,231,187,44,9,9,0,0,0,0,9,9,0,248,4.431818181818182,22.65423406060606,82.20022463636361
77166,STATE - MAHARASHTRA,Software publishing,239,195,44,8,8,0,231,187,44,9,9,0,0,0,0,9,9,0,248,4.431818181818182,22.65423406060606,82.20022463636361
77167,STATE - MAHARASHTRA,"Motion picture, video and television programme production, sound recording",2234,2070,164,184,169,15,2050,1901,149,255,238,17,46,39,7,209,199,10,2489,12.621951219512194,22.65423406060606,82.20022463636361
77168,STATE - MAHARASHTRA,"Motion picture, video and television programme activities",2043,1882,161,158,143,15,1885,1739,146,231,215,16,30,24,6,201,191,10,2274,11.68944099378882,22.65423406060606,82.20022463636361
77169,STATE - MAHARASHTRA,"Motion picture, video and television programme production activities",531,502,29,95,92,3,436,410,26,104,94,10,23,17,6,81,77,4,635,17.310344827586206,22.65423406060606,82.20022463636361
77170,STATE - MAHARASHTRA,"Motion picture, video and television programme post-production",315,291,24,9,9,0,306,282,24,11,9,2,1,1,0,10,8,2,326,12.125,22.65423406060606,82.20022463636361
77171,STATE - MAHARASHTRA,"Motion picture, video and television programme distribution activities",397,347,50,29,18,11,368,329,39,42,38,4,0,0,0,42,38,4,439,6.94,22.65423406060606,82.20022463636361
77172,STATE - MAHARASHTRA,Motion picture projection activities,800,742,58,25,24,1,775,718,57,74,74,0,6,6,0,68,68,0,874,12.79310344827586,22.65423406060606,82.20022463636361
77173,STATE - MAHARASHTRA,Sound recording and music publishing activities,191,188,3,26,26,0,165,162,3,24,23,1,16,15,1,8,8,0,215,62.66666666666666,22.65423406060606,82.20022463636361
77174,STATE - MAHARASHTRA,Sound recording and music publishing activitiesT,191,188,3,26,26,0,165,162,3,24,23,1,16,15,1,8,8,0,215,62.66666666666666,22.65423406060606,82.20022463636361
77175,STATE - MAHARASHTRA,Broadcasting and programming activities,1101,975,126,83,77,6,1018,898,120,41,32,9,9,9,0,32,23,9,1142,7.738095238095238,22.65423406060606,82.20022463636361
77176,STATE - MAHARASHTRA,Radio broadcasting,277,239,38,31,25,6,246,214,32,15,8,7,2,2,0,13,6,7,292,6.289473684210527,22.65423406060606,82.20022463636361
77177,STATE - MAHARASHTRA,Radio broadcasting,277,239,38,31,25,6,246,214,32,15,8,7,2,2,0,13,6,7,292,6.289473684210527,22.65423406060606,82.20022463636361
77178,STATE - MAHARASHTRA,Television programming and broadcasting activities,824,736,88,52,52,0,772,684,88,26,24,2,7,7,0,19,17,2,850,8.363636363636363,22.65423406060606,82.20022463636361
77179,STATE - MAHARASHTRA,Television programming and broadcasting activities,824,736,88,52,52,0,772,684,88,26,24,2,7,7,0,19,17,2,850,8.363636363636363,22.65423406060606,82.20022463636361
77180,STATE - MAHARASHTRA,Telecommunications,10854,9457,1397,1365,1293,72,9489,8164,1325,503,407,96,64,61,3,439,346,93,11357,6.769506084466714,22.65423406060606,82.20022463636361
77181,STATE - MAHARASHTRA,Wired telecommunications activities,4343,3887,456,495,464,31,3848,3423,425,249,200,49,24,24,0,225,176,49,4592,8.524122807017545,22.65423406060606,82.20022463636361
77182,STATE - MAHARASHTRA,Wired telecommunications activities,4343,3887,456,495,464,31,3848,3423,425,249,200,49,24,24,0,225,176,49,4592,8.524122807017545,22.65423406060606,82.20022463636361
77183,STATE - MAHARASHTRA,Wireless telecommunications activities,1952,1645,307,259,243,16,1693,1402,291,90,69,21,6,6,0,84,63,21,2042,5.358306188925082,22.65423406060606,82.20022463636361
77184,STATE - MAHARASHTRA,Wireless telecommunications activities,1952,1645,307,259,243,16,1693,1402,291,90,69,21,6,6,0,84,63,21,2042,5.358306188925082,22.65423406060606,82.20022463636361
77185,STATE - MAHARASHTRA,Satellite telecommunications activities,88,83,5,10,10,0,78,73,5,9,9,0,6,6,0,3,3,0,97,16.6,22.65423406060606,82.20022463636361
77186,STATE - MAHARASHTRA,Satellite telecommunications activities,88,83,5,10,10,0,78,73,5,9,9,0,6,6,0,3,3,0,97,16.6,22.65423406060606,82.20022463636361
77187,STATE - MAHARASHTRA,Other telecommunications activities,4471,3842,629,601,576,25,3870,3266,604,155,129,26,28,25,3,127,104,23,4626,6.108108108108108,22.65423406060606,82.20022463636361
77188,STATE - MAHARASHTRA,Other telecommunications activities,4471,3842,629,601,576,25,3870,3266,604,155,129,26,28,25,3,127,104,23,4626,6.108108108108108,22.65423406060606,82.20022463636361
77189,STATE - MAHARASHTRA,"Computer programming, consultancy and related activities",7350,5788,1562,501,425,76,6849,5363,1486,426,324,102,47,44,3,379,280,99,7776,3.70550576184379,22.65423406060606,82.20022463636361
77190,STATE - MAHARASHTRA,"Computer programming, consultancy and related activities",7350,5788,1562,501,425,76,6849,5363,1486,426,324,102,47,44,3,379,280,99,7776,3.70550576184379,22.65423406060606,82.20022463636361
77191,STATE - MAHARASHTRA,Computer programming activities,1344,1052,292,88,82,6,1256,970,286,77,56,21,8,8,0,69,48,21,1421,3.602739726027397,22.65423406060606,82.20022463636361
77192,STATE - MAHARASHTRA,Computer consultancy and computer facilities management activities,2660,2130,530,209,176,33,2451,1954,497,148,125,23,29,26,3,119,99,20,2808,4.018867924528302,22.65423406060606,82.20022463636361
77193,STATE - MAHARASHTRA,Other information technology and computer service activities,3346,2606,740,204,167,37,3142,2439,703,201,143,58,10,10,0,191,133,58,3547,3.5216216216216214,22.65423406060606,82.20022463636361
77194,STATE - MAHARASHTRA,Information service activities,3156,2545,611,283,265,18,2873,2280,593,146,104,42,8,5,3,138,99,39,3302,4.1653027823240585,22.65423406060606,82.20022463636361
77195,STATE - MAHARASHTRA,"Data processing, hosting and related activities; web portals",708,515,193,53,49,4,655,466,189,35,19,16,0,0,0,35,19,16,743,2.66839378238342,22.65423406060606,82.20022463636361
77196,STATE - MAHARASHTRA,"Data processing, hosting and related activities",631,447,184,43,39,4,588,408,180,32,16,16,0,0,0,32,16,16,663,2.4293478260869565,22.65423406060606,82.20022463636361
77197,STATE - MAHARASHTRA,Web portals,77,68,9,10,10,0,67,58,9,3,3,0,0,0,0,3,3,0,80,7.555555555555555,22.65423406060606,82.20022463636361
77198,STATE - MAHARASHTRA,Other information service activities,2448,2030,418,230,216,14,2218,1814,404,111,85,26,8,5,3,103,80,23,2559,4.856459330143541,22.65423406060606,82.20022463636361
77199,STATE - MAHARASHTRA,News agency activities,8,8,0,0,0,0,8,8,0,6,6,0,0,0,0,6,6,0,14,8,22.65423406060606,82.20022463636361
77200,STATE - MAHARASHTRA,Other information service activities n.e.c.,2440,2022,418,230,216,14,2210,1806,404,105,79,26,8,5,3,97,74,23,2545,4.837320574162679,22.65423406060606,82.20022463636361
77201,STATE - MAHARASHTRA,"Financial service activities, except insurance and pension funding",33881,28418,5463,5731,5170,561,28150,23248,4902,1273,988,285,300,245,55,973,743,230,35154,5.201903715907011,22.65423406060606,82.20022463636361
77202,STATE - MAHARASHTRA,Monetary intermediation,30794,25976,4818,5093,4650,443,25701,21326,4375,1018,803,215,205,165,40,813,638,175,31812,5.391448733914487,22.65423406060606,82.20022463636361
77203,STATE - MAHARASHTRA,Central banking,5875,4971,904,861,786,75,5014,4185,829,153,118,35,18,17,1,135,101,34,6028,5.498893805309734,22.65423406060606,82.20022463636361
77204,STATE - MAHARASHTRA,Other monetary intermediation,24919,21005,3914,4232,3864,368,20687,17141,3546,865,685,180,187,148,39,678,537,141,25784,5.366632600919775,22.65423406060606,82.20022463636361
77205,STATE - MAHARASHTRA,Activities of holding companies,321,260,61,48,40,8,273,220,53,23,20,3,6,6,0,17,14,3,344,4.262295081967213,22.65423406060606,82.20022463636361
77206,STATE - MAHARASHTRA,Activities of holding companies,321,260,61,48,40,8,273,220,53,23,20,3,6,6,0,17,14,3,344,4.262295081967213,22.65423406060606,82.20022463636361
77207,STATE - MAHARASHTRA,"Trusts, funds and other financial vehicles",1115,856,259,291,247,44,824,609,215,69,50,19,26,23,3,43,27,16,1184,3.305019305019305,22.65423406060606,82.20022463636361
77208,STATE - MAHARASHTRA,"Trusts, funds and other financial vehicles",1115,856,259,291,247,44,824,609,215,69,50,19,26,23,3,43,27,16,1184,3.305019305019305,22.65423406060606,82.20022463636361
77209,STATE - MAHARASHTRA,"Other financial service activities, except insurance and pension funding",1651,1326,325,299,233,66,1352,1093,259,163,115,48,63,51,12,100,64,36,1814,4.08,22.65423406060606,82.20022463636361
77210,STATE - MAHARASHTRA,Financial leasing,255,205,50,59,51,8,196,154,42,47,36,11,31,22,9,16,14,2,302,4.1,22.65423406060606,82.20022463636361
77211,STATE - MAHARASHTRA,Other credit granting,77,50,27,22,19,3,55,31,24,3,3,0,3,3,0,0,0,0,80,1.851851851851852,22.65423406060606,82.20022463636361
77212,STATE - MAHARASHTRA,"Other financial service activities, except insurance and pension funding",1319,1071,248,218,163,55,1101,908,193,113,76,37,29,26,3,84,50,34,1432,4.318548387096774,22.65423406060606,82.20022463636361
77213,STATE - MAHARASHTRA,"Insurance, reinsurance and pension funding, except compulsory social",7696,6326,1370,1178,1093,85,6518,5233,1285,471,336,135,72,53,19,399,283,116,8167,4.617518248175182,22.65423406060606,82.20022463636361
77214,STATE - MAHARASHTRA,Insurance,7608,6243,1365,1160,1075,85,6448,5168,1280,471,336,135,72,53,19,399,283,116,8079,4.573626373626373,22.65423406060606,82.20022463636361
77215,STATE - MAHARASHTRA,Life insurance,7191,5900,1291,1122,1037,85,6069,4863,1206,445,318,127,72,53,19,373,265,108,7636,4.570100697134005,22.65423406060606,82.20022463636361
77216,STATE - MAHARASHTRA,Non-life insurance,417,343,74,38,38,0,379,305,74,26,18,8,0,0,0,26,18,8,443,4.635135135135135,22.65423406060606,82.20022463636361
77217,STATE - MAHARASHTRA,Reinsurance,76,71,5,6,6,0,70,65,5,0,0,0,0,0,0,0,0,0,76,14.2,22.65423406060606,82.20022463636361
77218,STATE - MAHARASHTRA,Reinsurance,76,71,5,6,6,0,70,65,5,0,0,0,0,0,0,0,0,0,76,14.2,22.65423406060606,82.20022463636361
77219,STATE - MAHARASHTRA,Pension funding,12,12,0,12,12,0,0,0,0,0,0,0,0,0,0,0,0,0,12,12,22.65423406060606,82.20022463636361
77220,STATE - MAHARASHTRA,Pension funding,12,12,0,12,12,0,0,0,0,0,0,0,0,0,0,0,0,0,12,12,22.65423406060606,82.20022463636361
77221,STATE - MAHARASHTRA,Other financial activities,3119,2551,568,518,454,64,2601,2097,504,229,154,75,62,45,17,167,109,58,3348,4.491197183098592,22.65423406060606,82.20022463636361
77222,STATE - MAHARASHTRA,"Activities auxiliary to financial service activities, except insurance and",54,46,8,14,14,0,40,32,8,2,0,2,0,0,0,2,0,2,56,5.75,22.65423406060606,82.20022463636361
77223,STATE - MAHARASHTRA,Security and commodity contracts brokerage,33,28,5,8,8,0,25,20,5,2,0,2,0,0,0,2,0,2,35,5.6,22.65423406060606,82.20022463636361
77224,STATE - MAHARASHTRA,Activities auxiliary to financial service activities n.e.c.,21,18,3,6,6,0,15,12,3,0,0,0,0,0,0,0,0,0,21,6,22.65423406060606,82.20022463636361
77225,STATE - MAHARASHTRA,Activities auxiliary to insurance and pension funding,2220,1798,422,329,282,47,1891,1516,375,172,127,45,47,43,4,125,84,41,2392,4.260663507109005,22.65423406060606,82.20022463636361
77226,STATE - MAHARASHTRA,Risk and damage evaluation,40,33,7,0,0,0,40,33,7,5,0,5,0,0,0,5,0,5,45,4.714285714285714,22.65423406060606,82.20022463636361
77227,STATE - MAHARASHTRA,Activities of insurance agents and brokers,1742,1409,333,248,229,19,1494,1180,314,131,97,34,34,34,0,97,63,34,1873,4.231231231231231,22.65423406060606,82.20022463636361
77228,STATE - MAHARASHTRA,Other activities auxiliary to insurance and pension funding,438,356,82,81,53,28,357,303,54,36,30,6,13,9,4,23,21,2,474,4.341463414634147,22.65423406060606,82.20022463636361
77229,STATE - MAHARASHTRA,Fund management activities,845,707,138,175,158,17,670,549,121,55,27,28,15,2,13,40,25,15,900,5.1231884057971016,22.65423406060606,82.20022463636361
77230,STATE - MAHARASHTRA,Fund management activities,845,707,138,175,158,17,670,549,121,55,27,28,15,2,13,40,25,15,900,5.1231884057971016,22.65423406060606,82.20022463636361
77231,STATE - MAHARASHTRA,Real estate activities,4330,4107,223,266,263,3,4064,3844,220,270,237,33,36,28,8,234,209,25,4600,18.417040358744394,22.65423406060606,82.20022463636361
77232,STATE - MAHARASHTRA,Real estate activities with own or leased property,1956,1866,90,137,134,3,1819,1732,87,133,119,14,16,16,0,117,103,14,2089,20.73333333333333,22.65423406060606,82.20022463636361
77233,STATE - MAHARASHTRA,Real estate activities with own or leased property,1956,1866,90,137,134,3,1819,1732,87,133,119,14,16,16,0,117,103,14,2089,20.73333333333333,22.65423406060606,82.20022463636361
77234,STATE - MAHARASHTRA,Real estate activities on a fee or contract basis,2374,2241,133,129,129,0,2245,2112,133,137,118,19,20,12,8,117,106,11,2511,16.849624060150376,22.65423406060606,82.20022463636361
77235,STATE - MAHARASHTRA,Real estate activities on a fee or contract basis,2374,2241,133,129,129,0,2245,2112,133,137,118,19,20,12,8,117,106,11,2511,16.849624060150376,22.65423406060606,82.20022463636361
77236,STATE - MAHARASHTRA,Legal and accounting activities,5643,4616,1027,873,790,83,4770,3826,944,310,235,75,54,49,5,256,186,70,5953,4.494644595910419,22.65423406060606,82.20022463636361
77237,STATE - MAHARASHTRA,Legal activities,4140,3491,649,756,680,76,3384,2811,573,189,154,35,48,43,5,141,111,30,4329,5.37904468412943,22.65423406060606,82.20022463636361
77238,STATE - MAHARASHTRA,Legal activities,4140,3491,649,756,680,76,3384,2811,573,189,154,35,48,43,5,141,111,30,4329,5.37904468412943,22.65423406060606,82.20022463636361
77239,STATE - MAHARASHTRA,"Accounting, bookkeeping and auditing activities; tax consultancy",1503,1125,378,117,110,7,1386,1015,371,121,81,40,6,6,0,115,75,40,1624,2.9761904761904763,22.65423406060606,82.20022463636361
77240,STATE - MAHARASHTRA,"Accounting, bookkeeping and auditing activities; tax consultancy",1503,1125,378,117,110,7,1386,1015,371,121,81,40,6,6,0,115,75,40,1624,2.9761904761904763,22.65423406060606,82.20022463636361
77241,STATE - MAHARASHTRA,Activities of head offices; management consultancy activities,266,178,88,21,21,0,245,157,88,22,14,8,3,0,3,19,14,5,288,2.022727272727273,22.65423406060606,82.20022463636361
77242,STATE - MAHARASHTRA,Activities of head offices,24,21,3,12,12,0,12,9,3,0,0,0,0,0,0,0,0,0,24,7,22.65423406060606,82.20022463636361
77243,STATE - MAHARASHTRA,Activities of head offices,24,21,3,12,12,0,12,9,3,0,0,0,0,0,0,0,0,0,24,7,22.65423406060606,82.20022463636361
77244,STATE - MAHARASHTRA,Management consultancy activities,242,157,85,9,9,0,233,148,85,22,14,8,3,0,3,19,14,5,264,1.847058823529412,22.65423406060606,82.20022463636361
77245,STATE - MAHARASHTRA,Management consultancy activities,242,157,85,9,9,0,233,148,85,22,14,8,3,0,3,19,14,5,264,1.847058823529412,22.65423406060606,82.20022463636361
77246,STATE - MAHARASHTRA,Architecture and engineering activities; technical testing and analysis,754,640,114,88,81,7,666,559,107,32,32,0,6,6,0,26,26,0,786,5.614035087719298,22.65423406060606,82.20022463636361
77247,STATE - MAHARASHTRA,Architectural and engineering activities and related technical consultancy,721,610,111,88,81,7,633,529,104,32,32,0,6,6,0,26,26,0,753,5.495495495495495,22.65423406060606,82.20022463636361
77248,STATE - MAHARASHTRA,Architectural and engineering activities and related technical,721,610,111,88,81,7,633,529,104,32,32,0,6,6,0,26,26,0,753,5.495495495495495,22.65423406060606,82.20022463636361
77249,STATE - MAHARASHTRA,Technical testing and analysis,33,30,3,0,0,0,33,30,3,0,0,0,0,0,0,0,0,0,33,10,22.65423406060606,82.20022463636361
77250,STATE - MAHARASHTRA,Technical testing and analysis,33,30,3,0,0,0,33,30,3,0,0,0,0,0,0,0,0,0,33,10,22.65423406060606,82.20022463636361
77251,STATE - MAHARASHTRA,Scientific research and development,361,292,69,32,24,8,329,268,61,9,9,0,0,0,0,9,9,0,370,4.231884057971015,22.65423406060606,82.20022463636361
77252,STATE - MAHARASHTRA,Research and experimental development on natural sciences and,208,174,34,17,15,2,191,159,32,3,3,0,0,0,0,3,3,0,211,5.117647058823529,22.65423406060606,82.20022463636361
77253,STATE - MAHARASHTRA,Research and experimental development on natural sciences and,208,174,34,17,15,2,191,159,32,3,3,0,0,0,0,3,3,0,211,5.117647058823529,22.65423406060606,82.20022463636361
77254,STATE - MAHARASHTRA,Research and experimental development on social sciences and humanities,153,118,35,15,9,6,138,109,29,6,6,0,0,0,0,6,6,0,159,3.3714285714285714,22.65423406060606,82.20022463636361
77255,STATE - MAHARASHTRA,Research and experimental development on social sciences and,153,118,35,15,9,6,138,109,29,6,6,0,0,0,0,6,6,0,159,3.3714285714285714,22.65423406060606,82.20022463636361
77256,STATE - MAHARASHTRA,Advertising and market research,707,546,161,46,40,6,661,506,155,57,52,5,12,12,0,45,40,5,764,3.391304347826087,22.65423406060606,82.20022463636361
77257,STATE - MAHARASHTRA,Advertising,629,489,140,41,35,6,588,454,134,54,49,5,12,12,0,42,37,5,683,3.492857142857143,22.65423406060606,82.20022463636361
77258,STATE - MAHARASHTRA,Advertising,629,489,140,41,35,6,588,454,134,54,49,5,12,12,0,42,37,5,683,3.492857142857143,22.65423406060606,82.20022463636361
77259,STATE - MAHARASHTRA,Market research and public opinion polling,78,57,21,5,5,0,73,52,21,3,3,0,0,0,0,3,3,0,81,2.7142857142857144,22.65423406060606,82.20022463636361
77260,STATE - MAHARASHTRA,Market research and public opinion polling,78,57,21,5,5,0,73,52,21,3,3,0,0,0,0,3,3,0,81,2.7142857142857144,22.65423406060606,82.20022463636361
77261,STATE - MAHARASHTRA,"Other professional, scientific and technical activities",5426,4940,486,907,867,40,4519,4073,446,479,431,48,121,111,10,358,320,38,5905,10.164609053497944,22.65423406060606,82.20022463636361
77262,STATE - MAHARASHTRA,Specialized design activities,1299,1007,292,60,50,10,1239,957,282,87,70,17,0,0,0,87,70,17,1386,3.448630136986301,22.65423406060606,82.20022463636361
77263,STATE - MAHARASHTRA,Specialized design activities,1299,1007,292,60,50,10,1239,957,282,87,70,17,0,0,0,87,70,17,1386,3.448630136986301,22.65423406060606,82.20022463636361
77264,STATE - MAHARASHTRA,Photographic activities,3867,3714,153,829,801,28,3038,2913,125,365,334,31,115,105,10,250,229,21,4232,24.274509803921568,22.65423406060606,82.20022463636361
77265,STATE - MAHARASHTRA,Photographic activities,3867,3714,153,829,801,28,3038,2913,125,365,334,31,115,105,10,250,229,21,4232,24.274509803921568,22.65423406060606,82.20022463636361
77266,STATE - MAHARASHTRA,"Other professional, scientific and technical activities n.e.c.",260,219,41,18,16,2,242,203,39,27,27,0,6,6,0,21,21,0,287,5.341463414634147,22.65423406060606,82.20022463636361
77267,STATE - MAHARASHTRA,"Other professional, scientific and technical activities n.e.c.",260,219,41,18,16,2,242,203,39,27,27,0,6,6,0,21,21,0,287,5.341463414634147,22.65423406060606,82.20022463636361
77268,STATE - MAHARASHTRA,Veterinary activities,1559,1423,136,754,702,52,805,721,84,61,61,0,30,30,0,31,31,0,1620,10.463235294117649,22.65423406060606,82.20022463636361
77269,STATE - MAHARASHTRA,Veterinary activities,1559,1423,136,754,702,52,805,721,84,61,61,0,30,30,0,31,31,0,1620,10.463235294117649,22.65423406060606,82.20022463636361
77270,STATE - MAHARASHTRA,Veterinary activities,1559,1423,136,754,702,52,805,721,84,61,61,0,30,30,0,31,31,0,1620,10.463235294117649,22.65423406060606,82.20022463636361
77271,STATE - MAHARASHTRA,Rental and leasing activities,2645,2529,116,382,359,23,2263,2170,93,416,376,40,119,103,16,297,273,24,3061,21.80172413793104,22.65423406060606,82.20022463636361
77272,STATE - MAHARASHTRA,Renting and leasing of personal and household goods,2451,2343,108,358,337,21,2093,2006,87,385,350,35,113,97,16,272,253,19,2836,21.694444444444443,22.65423406060606,82.20022463636361
77273,STATE - MAHARASHTRA,Renting of video tapes and disks,8,8,0,0,0,0,8,8,0,0,0,0,0,0,0,0,0,0,8,8,22.65423406060606,82.20022463636361
77274,STATE - MAHARASHTRA,Renting and leasing of other personal and household goods n.e.c.,2443,2335,108,358,337,21,2085,1998,87,385,350,35,113,97,16,272,253,19,2828,21.62037037037037,22.65423406060606,82.20022463636361
77275,STATE - MAHARASHTRA,"Renting and leasing of other machinery, equipment and tangible goods",68,60,8,8,6,2,60,54,6,8,6,2,0,0,0,8,6,2,76,7.5,22.65423406060606,82.20022463636361
77276,STATE - MAHARASHTRA,"Renting and leasing of other machinery, equipment and tangible goods",68,60,8,8,6,2,60,54,6,8,6,2,0,0,0,8,6,2,76,7.5,22.65423406060606,82.20022463636361
77277,STATE - MAHARASHTRA,Leasing of nonfinancial intangible assets,6,6,0,0,0,0,6,6,0,3,0,3,0,0,0,3,0,3,9,6,22.65423406060606,82.20022463636361
77278,STATE - MAHARASHTRA,Leasing of nonfinancial intangible assets,6,6,0,0,0,0,6,6,0,3,0,3,0,0,0,3,0,3,9,6,22.65423406060606,82.20022463636361
77279,STATE - MAHARASHTRA,Employment activities,798,636,162,67,56,11,731,580,151,36,30,6,0,0,0,36,30,6,834,3.925925925925926,22.65423406060606,82.20022463636361
77280,STATE - MAHARASHTRA,Activities of employment placement agencies,505,427,78,30,30,0,475,397,78,26,23,3,0,0,0,26,23,3,531,5.474358974358975,22.65423406060606,82.20022463636361
77281,STATE - MAHARASHTRA,Activities of employment placement agencies,505,427,78,30,30,0,475,397,78,26,23,3,0,0,0,26,23,3,531,5.474358974358975,22.65423406060606,82.20022463636361
77282,STATE - MAHARASHTRA,Temporary employment agency activities,188,158,30,36,26,10,152,132,20,5,5,0,0,0,0,5,5,0,193,5.266666666666667,22.65423406060606,82.20022463636361
77283,STATE - MAHARASHTRA,Temporary employment agency activities,188,158,30,36,26,10,152,132,20,5,5,0,0,0,0,5,5,0,193,5.266666666666667,22.65423406060606,82.20022463636361
77284,STATE - MAHARASHTRA,Human resources provision and management of human resources functions,105,51,54,1,0,1,104,51,53,5,2,3,0,0,0,5,2,3,110,0.9444444444444444,22.65423406060606,82.20022463636361
77285,STATE - MAHARASHTRA,Human resources provision and management of human resources,105,51,54,1,0,1,104,51,53,5,2,3,0,0,0,5,2,3,110,0.9444444444444444,22.65423406060606,82.20022463636361
77286,STATE - MAHARASHTRA,"Travel agency, tour operator and other reservation service activities",1625,1452,173,94,86,8,1531,1366,165,78,63,15,9,9,0,69,54,15,1703,8.393063583815028,22.65423406060606,82.20022463636361
77287,STATE - MAHARASHTRA,Travel agency and tour operator activities,1487,1327,160,91,83,8,1396,1244,152,76,61,15,9,9,0,67,52,15,1563,8.29375,22.65423406060606,82.20022463636361
77288,STATE - MAHARASHTRA,Travel agency activities,1421,1270,151,83,75,8,1338,1195,143,76,61,15,9,9,0,67,52,15,1497,8.410596026490067,22.65423406060606,82.20022463636361
77289,STATE - MAHARASHTRA,Tour operator activities,66,57,9,8,8,0,58,49,9,0,0,0,0,0,0,0,0,0,66,6.333333333333333,22.65423406060606,82.20022463636361
77290,STATE - MAHARASHTRA,Other reservation service activities,138,125,13,3,3,0,135,122,13,2,2,0,0,0,0,2,2,0,140,9.615384615384617,22.65423406060606,82.20022463636361
77291,STATE - MAHARASHTRA,Other reservation service and related activities,138,125,13,3,3,0,135,122,13,2,2,0,0,0,0,2,2,0,140,9.615384615384617,22.65423406060606,82.20022463636361
77292,STATE - MAHARASHTRA,Security and investigation activities,16882,16056,826,1720,1663,57,15162,14393,769,1149,1084,65,163,161,2,986,923,63,18031,19.43825665859564,22.65423406060606,82.20022463636361
77293,STATE - MAHARASHTRA,Private security activities,9962,9525,437,1007,984,23,8955,8541,414,639,610,29,99,97,2,540,513,27,10601,21.79633867276888,22.65423406060606,82.20022463636361
77294,STATE - MAHARASHTRA,Private security activities,9962,9525,437,1007,984,23,8955,8541,414,639,610,29,99,97,2,540,513,27,10601,21.79633867276888,22.65423406060606,82.20022463636361
77295,STATE - MAHARASHTRA,Security systems service activities,6791,6412,379,692,660,32,6099,5752,347,503,469,34,64,64,0,439,405,34,7294,16.91820580474934,22.65423406060606,82.20022463636361
77296,STATE - MAHARASHTRA,Security systems service activities,6791,6412,379,692,660,32,6099,5752,347,503,469,34,64,64,0,439,405,34,7294,16.91820580474934,22.65423406060606,82.20022463636361
77297,STATE - MAHARASHTRA,Investigation activities,129,119,10,21,19,2,108,100,8,7,5,2,0,0,0,7,5,2,136,11.9,22.65423406060606,82.20022463636361
77298,STATE - MAHARASHTRA,Investigation activities,129,119,10,21,19,2,108,100,8,7,5,2,0,0,0,7,5,2,136,11.9,22.65423406060606,82.20022463636361
77299,STATE - MAHARASHTRA,Services to buildings and landscape activities,13105,8069,5036,556,359,197,12549,7710,4839,1201,784,417,44,33,11,1157,751,406,14306,1.602263701350278,22.65423406060606,82.20022463636361
77300,STATE - MAHARASHTRA,Combined facilities support activities,327,214,113,23,17,6,304,197,107,17,11,6,0,0,0,17,11,6,344,1.893805309734513,22.65423406060606,82.20022463636361
77301,STATE - MAHARASHTRA,Combined facilities support activities,327,214,113,23,17,6,304,197,107,17,11,6,0,0,0,17,11,6,344,1.893805309734513,22.65423406060606,82.20022463636361
77302,STATE - MAHARASHTRA,Cleaning activities,11060,6826,4234,424,271,153,10636,6555,4081,1072,701,371,37,31,6,1035,670,365,12132,1.6121870571563532,22.65423406060606,82.20022463636361
77303,STATE - MAHARASHTRA,General cleaning of buildings,5215,3094,2121,159,102,57,5056,2992,2064,457,283,174,8,6,2,449,277,172,5672,1.4587458745874586,22.65423406060606,82.20022463636361
77304,STATE - MAHARASHTRA,Other building and industrial cleaning activities,5845,3732,2113,265,169,96,5580,3563,2017,615,418,197,29,25,4,586,393,193,6460,1.7662091812588736,22.65423406060606,82.20022463636361
77305,STATE - MAHARASHTRA,Landscape care and maintenance service activities,1718,1029,689,109,71,38,1609,958,651,112,72,40,7,2,5,105,70,35,1830,1.493468795355588,22.65423406060606,82.20022463636361
77306,STATE - MAHARASHTRA,Landscape care and maintenance service activities,1718,1029,689,109,71,38,1609,958,651,112,72,40,7,2,5,105,70,35,1830,1.493468795355588,22.65423406060606,82.20022463636361
77307,STATE - MAHARASHTRA,Office administrative and support activities,4513,3711,802,646,558,88,3867,3153,714,394,295,99,83,61,22,311,234,77,4907,4.627182044887781,22.65423406060606,82.20022463636361
77308,STATE - MAHARASHTRA,Combined office administrative service activities,2156,1755,401,304,258,46,1852,1497,355,181,143,38,24,21,3,157,122,35,2337,4.376558603491272,22.65423406060606,82.20022463636361
77309,STATE - MAHARASHTRA,"Photocopying, document preparation and other specialized office",2357,1956,401,342,300,42,2015,1656,359,213,152,61,59,40,19,154,112,42,2570,4.87780548628429,22.65423406060606,82.20022463636361
77310,STATE - MAHARASHTRA,Activities of call centres,3715,2876,839,228,189,39,3487,2687,800,287,213,74,23,17,6,264,196,68,4002,3.427890345649583,22.65423406060606,82.20022463636361
77311,STATE - MAHARASHTRA,Activities of call centres,3715,2876,839,228,189,39,3487,2687,800,287,213,74,23,17,6,264,196,68,4002,3.427890345649583,22.65423406060606,82.20022463636361
77312,STATE - MAHARASHTRA,Organization of conventions and trade shows,18,18,0,0,0,0,18,18,0,0,0,0,0,0,0,0,0,0,18,18,22.65423406060606,82.20022463636361
77313,STATE - MAHARASHTRA,Organization of conventions and trade shows,18,18,0,0,0,0,18,18,0,0,0,0,0,0,0,0,0,0,18,18,22.65423406060606,82.20022463636361
77314,STATE - MAHARASHTRA,Business support service activities n.e.c.,75436,60745,14691,10577,9157,1420,64859,51588,13271,5425,4114,1311,921,739,182,4504,3375,1129,80861,4.134844462596147,22.65423406060606,82.20022463636361
77315,STATE - MAHARASHTRA,Activities of collection agencies and credit bureaus,173,132,41,16,14,2,157,118,39,14,12,2,0,0,0,14,12,2,187,3.2195121951219514,22.65423406060606,82.20022463636361
77316,STATE - MAHARASHTRA,Packaging activities,1505,884,621,158,113,45,1347,771,576,192,75,117,43,5,38,149,70,79,1697,1.423510466988728,22.65423406060606,82.20022463636361
77317,STATE - MAHARASHTRA,Other business support service activities n.e.c.,73758,59729,14029,10403,9030,1373,63355,50699,12656,5219,4027,1192,878,734,144,4341,3293,1048,78977,4.257537957088887,22.65423406060606,82.20022463636361
77318,STATE - MAHARASHTRA,"Regulation of the activities of providing health care, education, cultural",521,396,125,57,51,6,464,345,119,18,8,10,13,6,7,5,2,3,539,3.168,22.65423406060606,82.20022463636361
77319,STATE - MAHARASHTRA,Regulation of and contribution to more efficient operation of,17,11,6,1,1,0,16,10,6,2,0,2,0,0,0,2,0,2,19,1.8333333333333333,22.65423406060606,82.20022463636361
77320,STATE - MAHARASHTRA,Provision of services to the community as a whole,24981,21956,3025,5457,4967,490,19524,16989,2535,805,630,175,194,160,34,611,470,141,25786,7.258181818181818,22.65423406060606,82.20022463636361
77321,STATE - MAHARASHTRA,Foreign affairs,66,51,15,11,5,6,55,46,9,0,0,0,0,0,0,0,0,0,66,3.4,22.65423406060606,82.20022463636361
77322,STATE - MAHARASHTRA,Defence activities,5009,4498,511,1266,1222,44,3743,3276,467,156,112,44,24,14,10,132,98,34,5165,8.802348336594912,22.65423406060606,82.20022463636361
77323,STATE - MAHARASHTRA,Public order and safety activities,19906,17407,2499,4180,3740,440,15726,13667,2059,649,518,131,170,146,24,479,372,107,20555,6.965586234493798,22.65423406060606,82.20022463636361
77324,STATE - MAHARASHTRA,Compulsory social security activities,1116,995,121,189,181,8,927,814,113,21,9,12,6,0,6,15,9,6,1137,8.223140495867769,22.65423406060606,82.20022463636361
77325,STATE - MAHARASHTRA,Compulsory social security activities,1116,995,121,189,181,8,927,814,113,21,9,12,6,0,6,15,9,6,1137,8.223140495867769,22.65423406060606,82.20022463636361
77326,STATE - MAHARASHTRA,Secondary education,34161,24703,9458,15052,12740,2312,19109,11963,7146,1090,664,426,418,304,114,672,360,312,35251,2.611862973144428,22.65423406060606,82.20022463636361
77327,STATE - MAHARASHTRA,General secondary education,32259,23543,8716,14278,12176,2102,17981,11367,6614,1018,622,396,391,286,105,627,336,291,33277,2.7011243689765947,22.65423406060606,82.20022463636361
77328,STATE - MAHARASHTRA,Technical and vocational secondary education,1902,1160,742,774,564,210,1128,596,532,72,42,30,27,18,9,45,24,21,1974,1.5633423180592991,22.65423406060606,82.20022463636361
77329,STATE - MAHARASHTRA,Higher education,23120,17448,5672,5263,4437,826,17857,13011,4846,925,588,337,187,139,48,738,449,289,24045,3.076163610719323,22.65423406060606,82.20022463636361
77330,STATE - MAHARASHTRA,Higher education,23120,17448,5672,5263,4437,826,17857,13011,4846,925,588,337,187,139,48,738,449,289,24045,3.076163610719323,22.65423406060606,82.20022463636361
77331,STATE - MAHARASHTRA,Other education,10110,6752,3358,2174,1614,560,7936,5138,2798,999,569,430,316,225,91,683,344,339,11109,2.0107206670637283,22.65423406060606,82.20022463636361
77332,STATE - MAHARASHTRA,Sports and recreation education,392,350,42,42,35,7,350,315,35,23,21,2,3,3,0,20,18,2,415,8.333333333333334,22.65423406060606,82.20022463636361
77333,STATE - MAHARASHTRA,Cultural education,85,71,14,7,7,0,78,64,14,11,11,0,7,7,0,4,4,0,96,5.071428571428571,22.65423406060606,82.20022463636361
77334,STATE - MAHARASHTRA,Other education n.e.c.,9633,6331,3302,2125,1572,553,7508,4759,2749,965,537,428,306,215,91,659,322,337,10598,1.9173228346456688,22.65423406060606,82.20022463636361
77335,STATE - MAHARASHTRA,Educational support services,12296,8619,3677,4001,3161,840,8295,5458,2837,579,305,274,166,94,72,413,211,202,12875,2.3440304596138155,22.65423406060606,82.20022463636361
77336,STATE - MAHARASHTRA,Educational support services,12296,8619,3677,4001,3161,840,8295,5458,2837,579,305,274,166,94,72,413,211,202,12875,2.3440304596138155,22.65423406060606,82.20022463636361
77337,STATE - MAHARASHTRA,Hospital activities,31230,16697,14533,5071,2575,2496,26159,14122,12037,1522,649,873,267,105,162,1255,544,711,32752,1.14890249776371,22.65423406060606,82.20022463636361
77338,STATE - MAHARASHTRA,Hospital activities,31230,16697,14533,5071,2575,2496,26159,14122,12037,1522,649,873,267,105,162,1255,544,711,32752,1.14890249776371,22.65423406060606,82.20022463636361
77339,STATE - MAHARASHTRA,Medical and dental practice activities,10790,6527,4263,2202,1635,567,8588,4892,3696,534,225,309,85,58,27,449,167,282,11324,1.531081398076472,22.65423406060606,82.20022463636361
77340,STATE - MAHARASHTRA,Medical and dental practice activities,10790,6527,4263,2202,1635,567,8588,4892,3696,534,225,309,85,58,27,449,167,282,11324,1.531081398076472,22.65423406060606,82.20022463636361
77341,STATE - MAHARASHTRA,Residential care activities,164,84,80,65,42,23,99,42,57,9,9,0,0,0,0,9,9,0,173,1.05,22.65423406060606,82.20022463636361
77342,STATE - MAHARASHTRA,Nursing care facilities,14,0,14,9,0,9,5,0,5,0,0,0,0,0,0,0,0,0,14,0,22.65423406060606,82.20022463636361
77343,STATE - MAHARASHTRA,Nursing care facilities,14,0,14,9,0,9,5,0,5,0,0,0,0,0,0,0,0,0,14,0,22.65423406060606,82.20022463636361
77344,STATE - MAHARASHTRA,"Residential care activities for mental retardation, mental health and substance",10,7,3,3,0,3,7,7,0,0,0,0,0,0,0,0,0,0,10,2.333333333333333,22.65423406060606,82.20022463636361
77345,STATE - MAHARASHTRA,"Residential care activities for mental retardation, mental health and",10,7,3,3,0,3,7,7,0,0,0,0,0,0,0,0,0,0,10,2.333333333333333,22.65423406060606,82.20022463636361
77346,STATE - MAHARASHTRA,Residential care activities for the elderly and disabled,65,43,22,28,27,1,37,16,21,3,3,0,0,0,0,3,3,0,68,1.9545454545454544,22.65423406060606,82.20022463636361
77347,STATE - MAHARASHTRA,Residential care activities for the elderly and disabled,65,43,22,28,27,1,37,16,21,3,3,0,0,0,0,3,3,0,68,1.9545454545454544,22.65423406060606,82.20022463636361
77348,STATE - MAHARASHTRA,Other residential care activities n.e.c.,75,34,41,25,15,10,50,19,31,6,6,0,0,0,0,6,6,0,81,0.8292682926829268,22.65423406060606,82.20022463636361
77349,STATE - MAHARASHTRA,Other residential care activities n.e.c.,75,34,41,25,15,10,50,19,31,6,6,0,0,0,0,6,6,0,81,0.8292682926829268,22.65423406060606,82.20022463636361
77350,STATE - MAHARASHTRA,Social work activities without accommodation,3264,1433,1831,1326,354,972,1938,1079,859,220,104,116,76,34,42,144,70,74,3484,0.7826324412889132,22.65423406060606,82.20022463636361
77351,STATE - MAHARASHTRA,Social work activities without accommodation for the elderly and disabled,652,270,382,190,37,153,462,233,229,57,17,40,20,3,17,37,14,23,709,0.7068062827225131,22.65423406060606,82.20022463636361
77352,STATE - MAHARASHTRA,Social work activities without accommodation for the elderly and,652,270,382,190,37,153,462,233,229,57,17,40,20,3,17,37,14,23,709,0.7068062827225131,22.65423406060606,82.20022463636361
77353,STATE - MAHARASHTRA,Other social work activities without accommodation n.e.c.,2612,1163,1449,1136,317,819,1476,846,630,163,87,76,56,31,25,107,56,51,2775,0.8026224982746721,22.65423406060606,82.20022463636361
77354,STATE - MAHARASHTRA,Other social work activities without accommodation n.e.c.,2612,1163,1449,1136,317,819,1476,846,630,163,87,76,56,31,25,107,56,51,2775,0.8026224982746721,22.65423406060606,82.20022463636361
77355,STATE - MAHARASHTRA,"Creative, arts and entertainment activities",11250,10470,780,2616,2431,185,8634,8039,595,2864,2683,181,1200,1136,64,1664,1547,117,14114,13.423076923076923,22.65423406060606,82.20022463636361
77356,STATE - MAHARASHTRA,"Creative, arts and entertainment activities",11250,10470,780,2616,2431,185,8634,8039,595,2864,2683,181,1200,1136,64,1664,1547,117,14114,13.423076923076923,22.65423406060606,82.20022463636361
77357,STATE - MAHARASHTRA,"Dramatic arts, music and other arts activities",11250,10470,780,2616,2431,185,8634,8039,595,2864,2683,181,1200,1136,64,1664,1547,117,14114,13.423076923076923,22.65423406060606,82.20022463636361
77358,STATE - MAHARASHTRA,"Libraries, archives, museums and other cultural activities",1293,921,372,304,215,89,989,706,283,95,70,25,46,37,9,49,33,16,1388,2.475806451612903,22.65423406060606,82.20022463636361
77359,STATE - MAHARASHTRA,"Libraries, archives, museums and other cultural activities",1293,921,372,304,215,89,989,706,283,95,70,25,46,37,9,49,33,16,1388,2.475806451612903,22.65423406060606,82.20022463636361
77360,STATE - MAHARASHTRA,Library and archives activities,700,465,235,174,131,43,526,334,192,41,29,12,14,11,3,27,18,9,741,1.9787234042553192,22.65423406060606,82.20022463636361
77361,STATE - MAHARASHTRA,Museums activities and operation of historical sites and buildings,16,9,7,2,0,2,14,9,5,6,6,0,6,6,0,0,0,0,22,1.2857142857142858,22.65423406060606,82.20022463636361
77362,STATE - MAHARASHTRA,Botanical and zoological gardens and nature reserves activities,577,447,130,128,84,44,449,363,86,48,35,13,26,20,6,22,15,7,625,3.4384615384615387,22.65423406060606,82.20022463636361
77363,STATE - MAHARASHTRA,Gambling and betting activities,693,667,26,41,41,0,652,626,26,33,29,4,2,0,2,31,29,2,726,25.653846153846157,22.65423406060606,82.20022463636361
77364,STATE - MAHARASHTRA,Gambling and betting activities,693,667,26,41,41,0,652,626,26,33,29,4,2,0,2,31,29,2,726,25.653846153846157,22.65423406060606,82.20022463636361
77365,STATE - MAHARASHTRA,Gambling and betting activities,693,667,26,41,41,0,652,626,26,33,29,4,2,0,2,31,29,2,726,25.653846153846157,22.65423406060606,82.20022463636361
77366,STATE - MAHARASHTRA,Sports activities and amusement and recreation activities,3978,3749,229,937,885,52,3041,2864,177,1253,1205,48,520,509,11,733,696,37,5231,16.37117903930131,22.65423406060606,82.20022463636361
77367,STATE - MAHARASHTRA,Sports activities,1159,1071,88,123,110,13,1036,961,75,118,105,13,28,26,2,90,79,11,1277,12.170454545454543,22.65423406060606,82.20022463636361
77368,STATE - MAHARASHTRA,Operation of sports facilities,38,29,9,0,0,0,38,29,9,0,0,0,0,0,0,0,0,0,38,3.2222222222222223,22.65423406060606,82.20022463636361
77369,STATE - MAHARASHTRA,Activities of sports clubs,553,517,36,42,37,5,511,480,31,30,19,11,2,0,2,28,19,9,583,14.36111111111111,22.65423406060606,82.20022463636361
77370,STATE - MAHARASHTRA,Other sports activities,568,525,43,81,73,8,487,452,35,88,86,2,26,26,0,62,60,2,656,12.209302325581396,22.65423406060606,82.20022463636361
77371,STATE - MAHARASHTRA,Other amusement and recreation activities,2819,2678,141,814,775,39,2005,1903,102,1135,1100,35,492,483,9,643,617,26,3954,18.99290780141844,22.65423406060606,82.20022463636361
77372,STATE - MAHARASHTRA,Activities of amusement parks and theme parks,25,18,7,5,0,5,20,18,2,3,0,3,0,0,0,3,0,3,28,2.571428571428572,22.65423406060606,82.20022463636361
77373,STATE - MAHARASHTRA,Other amusement and recreation activities n.e.c.,2794,2660,134,809,775,34,1985,1885,100,1132,1100,32,492,483,9,640,617,23,3926,19.85074626865672,22.65423406060606,82.20022463636361
77374,STATE - MAHARASHTRA,Activities of membership organizations,3754,2944,810,1257,984,273,2497,1960,537,425,292,133,151,113,38,274,179,95,4179,3.634567901234568,22.65423406060606,82.20022463636361
77375,STATE - MAHARASHTRA,"Activities of business, employers and professional membership",57,40,17,18,14,4,39,26,13,9,9,0,6,6,0,3,3,0,66,2.3529411764705883,22.65423406060606,82.20022463636361
77376,STATE - MAHARASHTRA,Activities of business and employers membership organizations,46,31,15,14,10,4,32,21,11,6,6,0,6,6,0,0,0,0,52,2.066666666666667,22.65423406060606,82.20022463636361
77377,STATE - MAHARASHTRA,Activities of professional membership organizations,11,9,2,4,4,0,7,5,2,3,3,0,0,0,0,3,3,0,14,4.5,22.65423406060606,82.20022463636361
77378,STATE - MAHARASHTRA,Activities of trade unions,152,121,31,40,37,3,112,84,28,11,9,2,0,0,0,11,9,2,163,3.903225806451613,22.65423406060606,82.20022463636361
77379,STATE - MAHARASHTRA,Activities of trade unions,152,121,31,40,37,3,112,84,28,11,9,2,0,0,0,11,9,2,163,3.903225806451613,22.65423406060606,82.20022463636361
77380,STATE - MAHARASHTRA,Activities of other membership organizations,3545,2783,762,1199,933,266,2346,1850,496,405,274,131,145,107,38,260,167,93,3950,3.652230971128609,22.65423406060606,82.20022463636361
77381,STATE - MAHARASHTRA,Activities of religious organizations,2149,1726,423,752,595,157,1397,1131,266,275,186,89,100,71,29,175,115,60,2424,4.080378250591017,22.65423406060606,82.20022463636361
77382,STATE - MAHARASHTRA,Activities of political organizations,963,778,185,340,263,77,623,515,108,81,67,14,43,34,9,38,33,5,1044,4.205405405405405,22.65423406060606,82.20022463636361
77383,STATE - MAHARASHTRA,Activities of other membership organizations n.e.c.,433,279,154,107,75,32,326,204,122,49,21,28,2,2,0,47,19,28,482,1.811688311688312,22.65423406060606,82.20022463636361
77384,STATE - MAHARASHTRA,Repair of computers and personal and household goods,25098,23122,1976,7947,7341,606,17151,15781,1370,2486,2163,323,984,842,142,1502,1321,181,27584,11.701417004048585,22.65423406060606,82.20022463636361
77385,STATE - MAHARASHTRA,Repair of computers and communication equipment,1685,1555,130,275,258,17,1410,1297,113,137,132,5,36,31,5,101,101,0,1822,11.961538461538462,22.65423406060606,82.20022463636361
77386,STATE - MAHARASHTRA,Repair of computers and peripheral equipment,1051,958,93,145,128,17,906,830,76,66,65,1,10,9,1,56,56,0,1117,10.301075268817204,22.65423406060606,82.20022463636361
77387,STATE - MAHARASHTRA,Repair of communication equipment,634,597,37,130,130,0,504,467,37,71,67,4,26,22,4,45,45,0,705,16.135135135135137,22.65423406060606,82.20022463636361
77388,STATE - MAHARASHTRA,Repair of personal and household goods,23413,21567,1846,7672,7083,589,15741,14484,1257,2349,2031,318,948,811,137,1401,1220,181,25762,11.683098591549296,22.65423406060606,82.20022463636361
77389,STATE - MAHARASHTRA,Repair of consumer electronics,984,839,145,240,203,37,744,636,108,137,123,14,53,49,4,84,74,10,1121,5.786206896551724,22.65423406060606,82.20022463636361
77390,STATE - MAHARASHTRA,Repair of household appliances and home and garden equipment,2361,2098,263,514,415,99,1847,1683,164,222,152,70,78,37,41,144,115,29,2583,7.977186311787072,22.65423406060606,82.20022463636361
77391,STATE - MAHARASHTRA,Repair of footwear and leather goods,13641,12816,825,4953,4646,307,8688,8170,518,1130,1019,111,522,464,58,608,555,53,14771,15.534545454545457,22.65423406060606,82.20022463636361
77392,STATE - MAHARASHTRA,Repair of furniture and home furnishings,66,60,6,15,13,2,51,47,4,6,6,0,3,3,0,3,3,0,72,10,22.65423406060606,82.20022463636361
77393,STATE - MAHARASHTRA,"Repair of personal and household goods, n.e.c.",6361,5754,607,1950,1806,144,4411,3948,463,854,731,123,292,258,34,562,473,89,7215,9.479406919275124,22.65423406060606,82.20022463636361
77394,STATE - MAHARASHTRA,Washing and (dry-) cleaning of textile and fur products,3406,2920,486,560,506,54,2846,2414,432,348,255,93,59,44,15,289,211,78,3754,6.008230452674897,22.65423406060606,82.20022463636361
77395,STATE - MAHARASHTRA,Hairdressing and other beauty treatment,3976,804,3172,465,190,275,3511,614,2897,506,74,432,89,12,77,417,62,355,4482,0.253467843631778,22.65423406060606,82.20022463636361
77396,STATE - MAHARASHTRA,Funeral and related activities,57,43,14,0,0,0,57,43,14,0,0,0,0,0,0,0,0,0,57,3.071428571428572,22.65423406060606,82.20022463636361
77397,STATE - MAHARASHTRA,Activities of households as employers of domestic personnel,2534,1789,745,489,345,144,2045,1444,601,237,122,115,62,32,30,175,90,85,2771,2.4013422818791947,22.65423406060606,82.20022463636361
77398,STATE - MAHARASHTRA,Activities of households as employers of domestic personnel,2534,1789,745,489,345,144,2045,1444,601,237,122,115,62,32,30,175,90,85,2771,2.4013422818791947,22.65423406060606,82.20022463636361
77399,STATE - MAHARASHTRA,Activities of households as employers of domestic personnel,2534,1789,745,489,345,144,2045,1444,601,237,122,115,62,32,30,175,90,85,2771,2.4013422818791947,22.65423406060606,82.20022463636361
77400,STATE - MAHARASHTRA,Undifferentiated goods- and services-producing activities of private,51,21,30,3,3,0,48,18,30,3,0,3,0,0,0,3,0,3,54,0.7,22.65423406060606,82.20022463636361
77401,STATE - MAHARASHTRA,Undifferentiated goods-producing activities of private households for own,32,10,22,3,3,0,29,7,22,3,0,3,0,0,0,3,0,3,35,0.4545454545454545,22.65423406060606,82.20022463636361
77402,STATE - MAHARASHTRA,Undifferentiated goods-producing activities of private households for own,32,10,22,3,3,0,29,7,22,3,0,3,0,0,0,3,0,3,35,0.4545454545454545,22.65423406060606,82.20022463636361
77403,STATE - MAHARASHTRA,Undifferentiated service-producing activities of private households for own,19,11,8,0,0,0,19,11,8,0,0,0,0,0,0,0,0,0,19,1.375,22.65423406060606,82.20022463636361
77404,STATE - MAHARASHTRA,Undifferentiated service-producing activities of private households for own,19,11,8,0,0,0,19,11,8,0,0,0,0,0,0,0,0,0,19,1.375,22.65423406060606,82.20022463636361
77405,STATE - MAHARASHTRA,Activities of extraterritorial organizations and bodies,10,7,3,1,1,0,9,6,3,0,0,0,0,0,0,0,0,0,10,2.333333333333333,22.65423406060606,82.20022463636361
77406,STATE - MAHARASHTRA,Activities of extraterritorial organizations and bodies,10,7,3,1,1,0,9,6,3,0,0,0,0,0,0,0,0,0,10,2.333333333333333,22.65423406060606,82.20022463636361
