,IndiaStates,NIC_Name,Main_Workers__Total___Persons,Main_Workers__Total__Males,Main_Workers__Total__Females,Main_Workers__Rural___Persons,Main_Workers__Rural__Males,Main_Workers__Rural__Females,Main_Workers__Urban___Persons,Main_Workers__Urban__Males,Main_Workers__Urban__Females,Marginal_Workers__Total___Persons,Marginal_Workers__Total__Males,Marginal_Workers__Total__Females,Marginal_Workers__Rural___Persons,Marginal_Workers__Rural__Males,Marginal_Workers__Rural__Females,Marginal_Workers__Urban___Persons,Marginal_Workers__Urban__Males,Marginal_Workers__Urban__Females,TotalWorkers,MaleFemaleRatio,Latitude,Longitude
26838,STATE - MANIPUR,"Crop and animal production, hunting and related service activities",12240,8443,3797,6999,4692,2307,5241,3751,1490,5447,2804,2643,3968,2019,1949,1479,785,694,17687,2.223597577034501,14.750429,78.570026
26839,STATE - MANIPUR,Growing of non-perennial crops,6511,4268,2243,3724,2346,1378,2787,1922,865,3610,1818,1792,2732,1374,1358,878,444,434,10121,1.902808738296924,27.100399,93.616601
26840,STATE - MANIPUR,"Growing of cereals (except rice), leguminous crops and oil seeds",27,21,6,26,21,5,1,0,1,30,8,22,28,8,20,2,0,2,57,3.5,26.749981,94.216667
26841,STATE - MANIPUR,Growing of rice,5981,4028,1953,3415,2207,1208,2566,1821,745,2915,1675,1240,2352,1285,1067,563,390,173,8896,2.062467997951869,25.785414,87.479973
26842,STATE - MANIPUR,"Growing of vegetables and melons, roots and tubers",484,200,284,274,109,165,210,91,119,655,129,526,342,75,267,313,54,259,1139,0.704225352112676,30.719997,76.780006
26843,STATE - MANIPUR,Growing of sugar cane,14,14,0,8,8,0,6,6,0,8,4,4,8,4,4,0,0,0,22,14,22.09042,82.159987
26844,STATE - MANIPUR,Growing of other non-perennial crop,5,5,0,1,1,0,4,4,0,2,2,0,2,2,0,0,0,0,7,5,20.266578,73.016618
26845,STATE - MANIPUR,Growing of perennial crops,649,356,293,557,283,274,92,73,19,130,81,49,112,65,47,18,16,2,779,1.2150170648464165,28.669993,77.230004
26846,STATE - MANIPUR,Growing of tropical and subtropical fruits,252,94,158,246,88,158,6,6,0,31,22,9,24,16,8,7,6,1,283,0.5949367088607594,15.491997,73.818001
26847,STATE - MANIPUR,Growing of citrus fruits,28,22,6,25,20,5,3,2,1,3,1,2,3,1,2,0,0,0,31,3.6666666666666665,28.450006,77.019991
26848,STATE - MANIPUR,Growing of pome fruits and stone fruits,6,4,2,6,4,2,0,0,0,0,0,0,0,0,0,0,0,0,6,2,31.100025,77.166597
26849,STATE - MANIPUR,Growing of other tree and bush fruits and nuts,25,23,2,12,10,2,13,13,0,16,13,3,9,7,2,7,6,1,41,11.5,34.299959,74.466658
26850,STATE - MANIPUR,Growing of oleaginous fruits,59,37,22,27,13,14,32,24,8,2,2,0,2,2,0,0,0,0,61,1.681818181818182,23.800393,86.419986
26851,STATE - MANIPUR,Growing of beverage crops,149,61,88,124,44,80,25,17,8,27,15,12,23,11,12,4,4,0,176,0.6931818181818182,12.570381,76.919997
26852,STATE - MANIPUR,"Growing of spices, aromatic, drug and pharmaceutical crops",7,7,0,7,7,0,0,0,0,2,0,2,2,0,2,0,0,0,9,7,8.900373,76.569993
26853,STATE - MANIPUR,Growing of other perennial crops,123,108,15,110,97,13,13,11,2,49,28,21,49,28,21,0,0,0,172,7.2,10.562573,72.636867
26854,STATE - MANIPUR,Plant propagation,83,57,26,48,38,10,35,19,16,35,16,19,30,14,16,5,2,3,118,2.1923076923076925,21.300391,76.130019
26855,STATE - MANIPUR,Plant propagation,83,57,26,48,38,10,35,19,16,35,16,19,30,14,16,5,2,3,118,2.1923076923076925,19.250232,73.160175
26856,STATE - MANIPUR,Animal production,2997,2223,774,1649,1209,440,1348,1014,334,1212,628,584,752,382,370,460,246,214,4209,2.872093023255814,24.799971,93.950017
26857,STATE - MANIPUR,Raising of cattle and buffaloes,1057,832,225,651,515,136,406,317,89,318,190,128,218,129,89,100,61,39,1375,3.6977777777777776,25.570492,91.880014
26858,STATE - MANIPUR,Raising of horses and other equines,6,6,0,6,6,0,0,0,0,0,0,0,0,0,0,0,0,0,6,6,23.710399,92.720015
26859,STATE - MANIPUR,Raising of sheep and goats,28,22,6,28,22,6,0,0,0,19,16,3,17,15,2,2,1,1,47,3.6666666666666665,25.666998,94.11657
26860,STATE - MANIPUR,Raising of swine/pigs,370,203,167,188,88,100,182,115,67,182,111,71,116,82,34,66,29,37,552,1.215568862275449,19.82043,85.900017
26861,STATE - MANIPUR,Raising of poultry,1071,812,259,541,402,139,530,410,120,520,219,301,289,91,198,231,128,103,1591,3.135135135135135,11.934994,79.83
26862,STATE - MANIPUR,Raising of other animals,465,348,117,235,176,59,230,172,58,173,92,81,112,65,47,61,27,34,638,2.9743589743589745,31.519974,75.980003
26863,STATE - MANIPUR,Mixed farming,662,476,186,445,320,125,217,156,61,356,177,179,286,140,146,70,37,33,1018,2.5591397849462365,26.449999,74.639981
26864,STATE - MANIPUR,Mixed farming,662,476,186,445,320,125,217,156,61,356,177,179,286,140,146,70,37,33,1018,2.5591397849462365,27.33333,88.616647
26865,STATE - MANIPUR,Support activities to agriculture and post-harvest crop activities,1327,1052,275,571,491,80,756,561,195,86,66,20,38,26,12,48,40,8,1413,3.8254545454545457,12.920386,79.150042
26866,STATE - MANIPUR,Support activities for crop production,1114,876,238,475,405,70,639,471,168,62,48,14,20,10,10,42,38,4,1176,3.680672268907563,23.835404,91.279999
26867,STATE - MANIPUR,Support activities for animal production,8,6,2,8,6,2,0,0,0,2,0,2,0,0,0,2,0,2,10,3,27.599981,78.050006
26868,STATE - MANIPUR,Post-harvest crop activities,203,168,35,86,78,8,117,90,27,22,18,4,18,16,2,4,2,2,225,4.8,30.320409,78.050006
26869,STATE - MANIPUR,Seed processing for propagation,2,2,0,2,2,0,0,0,0,0,0,0,0,0,0,0,0,0,2,2,22.58039,88.329947
26870,STATE - MANIPUR,"Hunting, trapping and related service activities",11,11,0,5,5,0,6,6,0,18,18,0,18,18,0,0,0,0,29,11,22.65423406060606,82.20022463636361
26871,STATE - MANIPUR,"Hunting, trapping and related service activities",11,11,0,5,5,0,6,6,0,18,18,0,18,18,0,0,0,0,29,11,22.65423406060606,82.20022463636361
26872,STATE - MANIPUR,Forestry and logging,2559,2209,350,1570,1389,181,989,820,169,830,524,306,733,465,268,97,59,38,3389,6.311428571428571,22.65423406060606,82.20022463636361
26873,STATE - MANIPUR,Silviculture and other forestry activities,277,219,58,100,80,20,177,139,38,24,24,0,24,24,0,0,0,0,301,3.775862068965517,22.65423406060606,82.20022463636361
26874,STATE - MANIPUR,Silviculture and other forestry activities,277,219,58,100,80,20,177,139,38,24,24,0,24,24,0,0,0,0,301,3.775862068965517,22.65423406060606,82.20022463636361
26875,STATE - MANIPUR,Logging,1020,906,114,873,769,104,147,137,10,736,444,292,653,393,260,83,51,32,1756,7.947368421052632,22.65423406060606,82.20022463636361
26876,STATE - MANIPUR,Logging,1020,906,114,873,769,104,147,137,10,736,444,292,653,393,260,83,51,32,1756,7.947368421052632,22.65423406060606,82.20022463636361
26877,STATE - MANIPUR,Gathering of non-wood forest products,8,8,0,8,8,0,0,0,0,2,2,0,2,2,0,0,0,0,10,8,22.65423406060606,82.20022463636361
26878,STATE - MANIPUR,Gathering of non-wood forest products,8,8,0,8,8,0,0,0,0,2,2,0,2,2,0,0,0,0,10,8,22.65423406060606,82.20022463636361
26879,STATE - MANIPUR,Support services to forestry,1254,1076,178,589,532,57,665,544,121,68,54,14,54,46,8,14,8,6,1322,6.044943820224719,22.65423406060606,82.20022463636361
26880,STATE - MANIPUR,Support services to forestry,1254,1076,178,589,532,57,665,544,121,68,54,14,54,46,8,14,8,6,1322,6.044943820224719,22.65423406060606,82.20022463636361
26881,STATE - MANIPUR,Fishing and aquaculture,8499,7725,774,6976,6409,567,1523,1316,207,911,709,202,658,511,147,253,198,55,9410,9.98062015503876,22.65423406060606,82.20022463636361
26882,STATE - MANIPUR,Fishing,7039,6487,552,5970,5542,428,1069,945,124,752,610,142,585,468,117,167,142,25,7791,11.751811594202898,22.65423406060606,82.20022463636361
26883,STATE - MANIPUR,Marine fishing,2733,2513,220,2239,2077,162,494,436,58,164,102,62,118,65,53,46,37,9,2897,11.422727272727272,22.65423406060606,82.20022463636361
26884,STATE - MANIPUR,Freash water fishing,4306,3974,332,3731,3465,266,575,509,66,588,508,80,467,403,64,121,105,16,4894,11.96987951807229,22.65423406060606,82.20022463636361
26885,STATE - MANIPUR,Aquaculture,1460,1238,222,1006,867,139,454,371,83,159,99,60,73,43,30,86,56,30,1619,5.576576576576577,22.65423406060606,82.20022463636361
26886,STATE - MANIPUR,Marine aquaculture,76,57,19,54,48,6,22,9,13,0,0,0,0,0,0,0,0,0,76,3,22.65423406060606,82.20022463636361
26887,STATE - MANIPUR,Freshwater aquaculture,1384,1181,203,952,819,133,432,362,70,159,99,60,73,43,30,86,56,30,1543,5.817733990147783,22.65423406060606,82.20022463636361
26888,STATE - MANIPUR,Mining of coal and lignite,2,2,0,0,0,0,2,2,0,0,0,0,0,0,0,0,0,0,2,2,22.65423406060606,82.20022463636361
26889,STATE - MANIPUR,Mining of hard coal,1,1,0,0,0,0,1,1,0,0,0,0,0,0,0,0,0,0,1,1,22.65423406060606,82.20022463636361
26890,STATE - MANIPUR,Mining of hard coal,1,1,0,0,0,0,1,1,0,0,0,0,0,0,0,0,0,0,1,1,22.65423406060606,82.20022463636361
26891,STATE - MANIPUR,Mining of lignite,1,1,0,0,0,0,1,1,0,0,0,0,0,0,0,0,0,0,1,1,22.65423406060606,82.20022463636361
26892,STATE - MANIPUR,Mining of lignite,1,1,0,0,0,0,1,1,0,0,0,0,0,0,0,0,0,0,1,1,22.65423406060606,82.20022463636361
26893,STATE - MANIPUR,Extraction of crude petroleum and natural gas,97,69,28,78,56,22,19,13,6,2,2,0,2,2,0,0,0,0,99,2.4642857142857144,22.65423406060606,82.20022463636361
26894,STATE - MANIPUR,Extraction of crude petroleum,97,69,28,78,56,22,19,13,6,2,2,0,2,2,0,0,0,0,99,2.4642857142857144,22.65423406060606,82.20022463636361
26895,STATE - MANIPUR,Extraction of crude petroleum,97,69,28,78,56,22,19,13,6,2,2,0,2,2,0,0,0,0,99,2.4642857142857144,22.65423406060606,82.20022463636361
26896,STATE - MANIPUR,Other mining and quarrying,1368,660,708,1099,532,567,269,128,141,328,151,177,280,129,151,48,22,26,1696,0.9322033898305084,22.65423406060606,82.20022463636361
26897,STATE - MANIPUR,"Quarrying of stone, sand and clay",932,443,489,723,347,376,209,96,113,205,102,103,176,81,95,29,21,8,1137,0.9059304703476484,22.65423406060606,82.20022463636361
26898,STATE - MANIPUR,"Quarrying of stone, sand and clay",932,443,489,723,347,376,209,96,113,205,102,103,176,81,95,29,21,8,1137,0.9059304703476484,22.65423406060606,82.20022463636361
26899,STATE - MANIPUR,Mining and quarrying n.e.c.,436,217,219,376,185,191,60,32,28,123,49,74,104,48,56,19,1,18,559,0.9908675799086758,22.65423406060606,82.20022463636361
26900,STATE - MANIPUR,Other mining and quarrying n.e.c.,436,217,219,376,185,191,60,32,28,123,49,74,104,48,56,19,1,18,559,0.9908675799086758,22.65423406060606,82.20022463636361
26901,STATE - MANIPUR,Mining support service activities,57,47,10,40,32,8,17,15,2,4,2,2,2,2,0,2,0,2,61,4.7,22.65423406060606,82.20022463636361
26902,STATE - MANIPUR,Support activities for petroleum and natural gas mining,36,34,2,32,30,2,4,4,0,0,0,0,0,0,0,0,0,0,36,17,22.65423406060606,82.20022463636361
26903,STATE - MANIPUR,Support activities for petroleum and natural gas mining,36,34,2,32,30,2,4,4,0,0,0,0,0,0,0,0,0,0,36,17,22.65423406060606,82.20022463636361
26904,STATE - MANIPUR,Support activities for other mining and quarrying,21,13,8,8,2,6,13,11,2,4,2,2,2,2,0,2,0,2,25,1.625,22.65423406060606,82.20022463636361
26905,STATE - MANIPUR,Support activities for other mining and quarrying,21,13,8,8,2,6,13,11,2,4,2,2,2,2,0,2,0,2,25,1.625,22.65423406060606,82.20022463636361
26906,STATE - MANIPUR,Manufacture of food products,5492,2991,2501,2850,1550,1300,2642,1441,1201,3394,1124,2270,2118,623,1495,1276,501,775,8886,1.195921631347461,22.65423406060606,82.20022463636361
26907,STATE - MANIPUR,Processing and preserving of meat,337,199,138,157,84,73,180,115,65,259,113,146,157,69,88,102,44,58,596,1.4420289855072463,22.65423406060606,82.20022463636361
26908,STATE - MANIPUR,Processing and preserving of meat,337,199,138,157,84,73,180,115,65,259,113,146,157,69,88,102,44,58,596,1.4420289855072463,22.65423406060606,82.20022463636361
26909,STATE - MANIPUR,"Processing and preserving of fish, crustaceans and molluscs",162,129,33,106,86,20,56,43,13,170,71,99,139,53,86,31,18,13,332,3.909090909090909,22.65423406060606,82.20022463636361
26910,STATE - MANIPUR,"Processing and preserving of fish, crustaceans and molluscs and",162,129,33,106,86,20,56,43,13,170,71,99,139,53,86,31,18,13,332,3.909090909090909,22.65423406060606,82.20022463636361
26911,STATE - MANIPUR,Processing and preserving of fruit and vegetables,596,267,329,318,148,170,278,119,159,688,176,512,459,96,363,229,80,149,1284,0.8115501519756839,22.65423406060606,82.20022463636361
26912,STATE - MANIPUR,Processing and preserving of fruit and vegetables,596,267,329,318,148,170,278,119,159,688,176,512,459,96,363,229,80,149,1284,0.8115501519756839,22.65423406060606,82.20022463636361
26913,STATE - MANIPUR,Manufacture of vegetable and animal oils and fats,0,0,0,0,0,0,0,0,0,1,0,1,1,0,1,0,0,0,1,0,22.65423406060606,82.20022463636361
26914,STATE - MANIPUR,Manufacture of vegetable and animal oils and fats,0,0,0,0,0,0,0,0,0,1,0,1,1,0,1,0,0,0,1,0,22.65423406060606,82.20022463636361
26915,STATE - MANIPUR,Manufacture of dairy products,340,200,140,213,110,103,127,90,37,293,129,164,165,86,79,128,43,85,633,1.4285714285714286,22.65423406060606,82.20022463636361
26916,STATE - MANIPUR,Manufacture of dairy products,340,200,140,213,110,103,127,90,37,293,129,164,165,86,79,128,43,85,633,1.4285714285714286,22.65423406060606,82.20022463636361
26917,STATE - MANIPUR,"Manufacture of grain mill products, starches and starch products",2071,1359,712,1410,872,538,661,487,174,678,321,357,499,210,289,179,111,68,2749,1.9087078651685396,22.65423406060606,82.20022463636361
26918,STATE - MANIPUR,Manufacture of grain mill products,2049,1337,712,1406,868,538,643,469,174,678,321,357,499,210,289,179,111,68,2727,1.877808988764045,22.65423406060606,82.20022463636361
26919,STATE - MANIPUR,Manufacture of starches and starch products,22,22,0,4,4,0,18,18,0,0,0,0,0,0,0,0,0,0,22,22,22.65423406060606,82.20022463636361
26920,STATE - MANIPUR,Manufacture of other food products,1986,837,1149,646,250,396,1340,587,753,1305,314,991,698,109,589,607,205,402,3291,0.7284595300261096,22.65423406060606,82.20022463636361
26921,STATE - MANIPUR,Manufacture of bakery products,252,146,106,46,28,18,206,118,88,61,14,47,27,5,22,34,9,25,313,1.3773584905660377,22.65423406060606,82.20022463636361
26922,STATE - MANIPUR,Manufacture of sugar,49,13,36,16,8,8,33,5,28,17,9,8,12,6,6,5,3,2,66,0.3611111111111111,22.65423406060606,82.20022463636361
26923,STATE - MANIPUR,"Manufacture of cocoa, chocolate and sugar confectionery",41,16,25,0,0,0,41,16,25,16,9,7,3,0,3,13,9,4,57,0.64,22.65423406060606,82.20022463636361
26924,STATE - MANIPUR,"Manufacture of macaroni, noodles, couscous and similar farinaceous",16,6,10,9,1,8,7,5,2,6,0,6,6,0,6,0,0,0,22,0.6,22.65423406060606,82.20022463636361
26925,STATE - MANIPUR,Manufacture of prepared meals and dishes,1184,440,744,426,139,287,758,301,457,996,211,785,536,66,470,460,145,315,2180,0.5913978494623656,22.65423406060606,82.20022463636361
26926,STATE - MANIPUR,Manufacture of other food products n.e.c.,444,216,228,149,74,75,295,142,153,209,71,138,114,32,82,95,39,56,653,0.9473684210526316,22.65423406060606,82.20022463636361
26927,STATE - MANIPUR,Manufacture of beverages,270,42,228,100,28,72,170,14,156,60,2,58,4,0,4,56,2,54,330,0.1842105263157894,22.65423406060606,82.20022463636361
26928,STATE - MANIPUR,Manufacture of beverages,270,42,228,100,28,72,170,14,156,60,2,58,4,0,4,56,2,54,330,0.1842105263157894,22.65423406060606,82.20022463636361
26929,STATE - MANIPUR,"Distilling, rectifying and blending of spirits; ethyl alcohol production",75,14,61,40,12,28,35,2,33,6,0,6,0,0,0,6,0,6,81,0.2295081967213114,22.65423406060606,82.20022463636361
26930,STATE - MANIPUR,Manufacture of wines,83,9,74,8,6,2,75,3,72,8,0,8,2,0,2,6,0,6,91,0.1216216216216216,22.65423406060606,82.20022463636361
26931,STATE - MANIPUR,Manufacture of malt liquors and malt,89,7,82,38,6,32,51,1,50,18,0,18,0,0,0,18,0,18,107,0.0853658536585365,22.65423406060606,82.20022463636361
26932,STATE - MANIPUR,Manufacture of soft drinks; production of mineral waters and other,23,12,11,14,4,10,9,8,1,28,2,26,2,0,2,26,2,24,51,1.0909090909090908,22.65423406060606,82.20022463636361
26933,STATE - MANIPUR,Manufacture of tobacco products,56,9,47,19,2,17,37,7,30,39,8,31,28,6,22,11,2,9,95,0.1914893617021276,22.65423406060606,82.20022463636361
26934,STATE - MANIPUR,Manufacture of tobacco products,56,9,47,19,2,17,37,7,30,39,8,31,28,6,22,11,2,9,95,0.1914893617021276,22.65423406060606,82.20022463636361
26935,STATE - MANIPUR,Manufacture of tobacco products,56,9,47,19,2,17,37,7,30,39,8,31,28,6,22,11,2,9,95,0.1914893617021276,22.65423406060606,82.20022463636361
26936,STATE - MANIPUR,Preparation and spinning of textile fibres,3855,833,3022,2387,510,1877,1468,323,1145,4098,562,3536,2583,402,2181,1515,160,1355,7953,0.2756452680344143,22.65423406060606,82.20022463636361
26937,STATE - MANIPUR,Finishing of textiles,5600,136,5464,3925,90,3835,1675,46,1629,5305,87,5218,3760,54,3706,1545,33,1512,10905,0.0248901903367496,22.65423406060606,82.20022463636361
26938,STATE - MANIPUR,Manufacture of other textiles,5503,184,5319,2170,60,2110,3333,124,3209,3434,109,3325,1605,38,1567,1829,71,1758,8937,0.0345929686031208,22.65423406060606,82.20022463636361
26939,STATE - MANIPUR,Manufacture of knitted and crocheted fabrics,548,39,509,272,6,266,276,33,243,320,5,315,196,0,196,124,5,119,868,0.0766208251473477,22.65423406060606,82.20022463636361
26940,STATE - MANIPUR,"Manufacture of made-up textile articles, except apparel",212,10,202,68,6,62,144,4,140,151,7,144,78,4,74,73,3,70,363,0.0495049504950495,22.65423406060606,82.20022463636361
26941,STATE - MANIPUR,Manufacture of carpets and rugs,69,11,58,52,0,52,17,11,6,43,7,36,20,4,16,23,3,20,112,0.1896551724137931,22.65423406060606,82.20022463636361
26942,STATE - MANIPUR,"Manufacture of cordage, rope, twine and netting",26,0,26,12,0,12,14,0,14,60,16,44,38,16,22,22,0,22,86,0,22.65423406060606,82.20022463636361
26943,STATE - MANIPUR,Manufacture of other textiles n.e.c.,4648,124,4524,1766,48,1718,2882,76,2806,2860,74,2786,1273,14,1259,1587,60,1527,7508,0.0274093722369584,22.65423406060606,82.20022463636361
26944,STATE - MANIPUR,Manufacture of wearing apparel,6175,2166,4009,2501,941,1560,3674,1225,2449,3208,376,2832,1438,181,1257,1770,195,1575,9383,0.5402843601895735,22.65423406060606,82.20022463636361
26945,STATE - MANIPUR,"Manufacture of wearing apparel, except fur apparel",5982,2137,3845,2381,929,1452,3601,1208,2393,3002,360,2642,1304,169,1135,1698,191,1507,8984,0.5557867360208062,22.65423406060606,82.20022463636361
26946,STATE - MANIPUR,"Manufacture of wearing apparel, except fur apparel",5982,2137,3845,2381,929,1452,3601,1208,2393,3002,360,2642,1304,169,1135,1698,191,1507,8984,0.5557867360208062,22.65423406060606,82.20022463636361
26947,STATE - MANIPUR,Manufacture of articles of fur,29,11,18,16,6,10,13,5,8,3,0,3,0,0,0,3,0,3,32,0.6111111111111112,22.65423406060606,82.20022463636361
26948,STATE - MANIPUR,Manufacture of articles of fur,29,11,18,16,6,10,13,5,8,3,0,3,0,0,0,3,0,3,32,0.6111111111111112,22.65423406060606,82.20022463636361
26949,STATE - MANIPUR,Manufacture of knitted and crocheted apparel,164,18,146,104,6,98,60,12,48,203,16,187,134,12,122,69,4,65,367,0.1232876712328767,22.65423406060606,82.20022463636361
26950,STATE - MANIPUR,Manufacture of knitted and crocheted apparel,164,18,146,104,6,98,60,12,48,203,16,187,134,12,122,69,4,65,367,0.1232876712328767,22.65423406060606,82.20022463636361
26951,STATE - MANIPUR,Manufacture of leather and related products,427,221,206,158,86,72,269,135,134,215,33,182,85,10,75,130,23,107,642,1.0728155339805825,22.65423406060606,82.20022463636361
26952,STATE - MANIPUR,"Tanning and dressing of leather; manufacture of luggage, handbags, saddlery",40,22,18,8,0,8,32,22,10,0,0,0,0,0,0,0,0,0,40,1.2222222222222223,22.65423406060606,82.20022463636361
26953,STATE - MANIPUR,Tanning and dressing of leather; dressing and dyeing of fur,3,0,3,0,0,0,3,0,3,0,0,0,0,0,0,0,0,0,3,0,22.65423406060606,82.20022463636361
26954,STATE - MANIPUR,"Manufacture of luggage, handbags and the like, saddlery and harness",37,22,15,8,0,8,29,22,7,0,0,0,0,0,0,0,0,0,37,1.4666666666666666,22.65423406060606,82.20022463636361
26955,STATE - MANIPUR,Manufacture of footwear,387,199,188,150,86,64,237,113,124,215,33,182,85,10,75,130,23,107,602,1.0585106382978724,22.65423406060606,82.20022463636361
26956,STATE - MANIPUR,Manufacture of footwear,387,199,188,150,86,64,237,113,124,215,33,182,85,10,75,130,23,107,602,1.0585106382978724,22.65423406060606,82.20022463636361
26957,STATE - MANIPUR,"Manufacture of wood and products of wood and cork, except furniture;",3962,2895,1067,2496,1760,736,1466,1135,331,1915,999,916,1382,675,707,533,324,209,5877,2.713214620431115,22.65423406060606,82.20022463636361
26958,STATE - MANIPUR,Sawmilling and planing of wood,307,291,16,200,184,16,107,107,0,51,51,0,42,42,0,9,9,0,358,18.1875,22.65423406060606,82.20022463636361
26959,STATE - MANIPUR,Saw milling and planing of wood,307,291,16,200,184,16,107,107,0,51,51,0,42,42,0,9,9,0,358,18.1875,22.65423406060606,82.20022463636361
26960,STATE - MANIPUR,"Manufacture of products of wood, cork, straw and plaiting materials",3655,2604,1051,2296,1576,720,1359,1028,331,1864,948,916,1340,633,707,524,315,209,5519,2.477640342530923,22.65423406060606,82.20022463636361
26961,STATE - MANIPUR,"Manufacture of veneer sheets; manufacture of plywood, laminboard,",12,7,5,6,4,2,6,3,3,3,0,3,2,0,2,1,0,1,15,1.4,22.65423406060606,82.20022463636361
26962,STATE - MANIPUR,Manufacture of builders carpentry and joinery,59,59,0,30,30,0,29,29,0,2,2,0,2,2,0,0,0,0,61,59,22.65423406060606,82.20022463636361
26963,STATE - MANIPUR,Manufacture of wooden containers,996,602,394,732,426,306,264,176,88,770,365,405,594,281,313,176,84,92,1766,1.5279187817258884,22.65423406060606,82.20022463636361
26964,STATE - MANIPUR,"Manufacture of other products of wood; manufacture of articles of cork,",2588,1936,652,1528,1116,412,1060,820,240,1089,581,508,742,350,392,347,231,116,3677,2.9693251533742333,22.65423406060606,82.20022463636361
26965,STATE - MANIPUR,Manufacture of paper and paper products,63,32,31,28,20,8,35,12,23,28,8,20,16,8,8,12,0,12,91,1.032258064516129,22.65423406060606,82.20022463636361
26966,STATE - MANIPUR,Manufacture of paper and paper products,63,32,31,28,20,8,35,12,23,28,8,20,16,8,8,12,0,12,91,1.032258064516129,22.65423406060606,82.20022463636361
26967,STATE - MANIPUR,"Manufacture of pulp, paper and paperboard",10,3,7,0,0,0,10,3,7,6,0,6,2,0,2,4,0,4,16,0.4285714285714285,22.65423406060606,82.20022463636361
26968,STATE - MANIPUR,Manufacture of corrugated paper and paperboard and containers of,0,0,0,0,0,0,0,0,0,2,0,2,0,0,0,2,0,2,2,0,22.65423406060606,82.20022463636361
26969,STATE - MANIPUR,Manufacture of other articles of paper and paperboard,53,29,24,28,20,8,25,9,16,20,8,12,14,8,6,6,0,6,73,1.2083333333333333,22.65423406060606,82.20022463636361
26970,STATE - MANIPUR,Printing and reproduction of recorded media,439,377,62,98,90,8,341,287,54,38,32,6,10,6,4,28,26,2,477,6.080645161290323,22.65423406060606,82.20022463636361
26971,STATE - MANIPUR,Printing and service activities related to printing,439,377,62,98,90,8,341,287,54,38,32,6,10,6,4,28,26,2,477,6.080645161290323,22.65423406060606,82.20022463636361
26972,STATE - MANIPUR,Printing,174,150,24,33,32,1,141,118,23,6,4,2,2,0,2,4,4,0,180,6.25,22.65423406060606,82.20022463636361
26973,STATE - MANIPUR,Service activities related to printing,265,227,38,65,58,7,200,169,31,32,28,4,8,6,2,24,22,2,297,5.973684210526316,22.65423406060606,82.20022463636361
26974,STATE - MANIPUR,Manufacture of coke and refined petroleum products,67,61,6,43,39,4,24,22,2,22,6,16,18,4,14,4,2,2,89,10.166666666666666,22.65423406060606,82.20022463636361
26975,STATE - MANIPUR,Manufacture of coke oven products,5,3,2,0,0,0,5,3,2,6,6,0,4,4,0,2,2,0,11,1.5,22.65423406060606,82.20022463636361
26976,STATE - MANIPUR,Manufacture of coke oven products,5,3,2,0,0,0,5,3,2,6,6,0,4,4,0,2,2,0,11,1.5,22.65423406060606,82.20022463636361
26977,STATE - MANIPUR,Manufacture of refined petroleum products,62,58,4,43,39,4,19,19,0,16,0,16,14,0,14,2,0,2,78,14.5,22.65423406060606,82.20022463636361
26978,STATE - MANIPUR,Manufacture of refined petroleum products,62,58,4,43,39,4,19,19,0,16,0,16,14,0,14,2,0,2,78,14.5,22.65423406060606,82.20022463636361
26979,STATE - MANIPUR,Manufacture of chemicals and chemical products,650,177,473,222,36,186,428,141,287,544,36,508,227,26,201,317,10,307,1194,0.3742071881606765,22.65423406060606,82.20022463636361
26980,STATE - MANIPUR,"Manufacture of basic chemicals, fertilizer and nitrogen compounds, plastics",23,17,6,8,8,0,15,9,6,0,0,0,0,0,0,0,0,0,23,2.833333333333333,22.65423406060606,82.20022463636361
26981,STATE - MANIPUR,Manufacture of basic chemicals,13,11,2,2,2,0,11,9,2,0,0,0,0,0,0,0,0,0,13,5.5,22.65423406060606,82.20022463636361
26982,STATE - MANIPUR,Manufacture of fertilizers and nitrogen compounds,4,0,4,0,0,0,4,0,4,0,0,0,0,0,0,0,0,0,4,0,22.65423406060606,82.20022463636361
26983,STATE - MANIPUR,Manufacture of plastics and synthetic rubber in primary forms,6,6,0,6,6,0,0,0,0,0,0,0,0,0,0,0,0,0,6,6,22.65423406060606,82.20022463636361
26984,STATE - MANIPUR,Manufacture of other chemical products,627,160,467,214,28,186,413,132,281,544,36,508,227,26,201,317,10,307,1171,0.3426124197002141,22.65423406060606,82.20022463636361
26985,STATE - MANIPUR,"Manufacture of paints, varnishes and similar coatings, printing ink and",75,42,33,30,8,22,45,34,11,24,12,12,14,8,6,10,4,6,99,1.2727272727272727,22.65423406060606,82.20022463636361
26986,STATE - MANIPUR,"Manufacture of soap and detergents, cleaning and polishing preparations,",549,118,431,184,20,164,365,98,267,520,24,496,213,18,195,307,6,301,1069,0.2737819025522042,22.65423406060606,82.20022463636361
26987,STATE - MANIPUR,Manufacture of other chemical products n.e.c.,3,0,3,0,0,0,3,0,3,0,0,0,0,0,0,0,0,0,3,0,22.65423406060606,82.20022463636361
26988,STATE - MANIPUR,"Manufacture of pharmaceuticals, medicinal chemical and botanical products",9,7,2,6,6,0,3,1,2,1,0,1,0,0,0,1,0,1,10,3.5,22.65423406060606,82.20022463636361
26989,STATE - MANIPUR,"Manufacture of pharmaceuticals, medicinal chemical and botanical products",9,7,2,6,6,0,3,1,2,1,0,1,0,0,0,1,0,1,10,3.5,22.65423406060606,82.20022463636361
26990,STATE - MANIPUR,"Manufacture of pharmaceuticals, medicinal chemical and botanical",9,7,2,6,6,0,3,1,2,1,0,1,0,0,0,1,0,1,10,3.5,22.65423406060606,82.20022463636361
26991,STATE - MANIPUR,Manufacture of rubber and plastics products,171,152,19,73,68,5,98,84,14,34,17,17,14,6,8,20,11,9,205,8,22.65423406060606,82.20022463636361
26992,STATE - MANIPUR,Manufacture of rubber products,121,119,2,63,62,1,58,57,1,5,5,0,4,4,0,1,1,0,126,59.5,22.65423406060606,82.20022463636361
26993,STATE - MANIPUR,Manufacture of other rubber products,2,0,2,1,0,1,1,0,1,0,0,0,0,0,0,0,0,0,2,0,22.65423406060606,82.20022463636361
26994,STATE - MANIPUR,Manufacture of plastics products,50,33,17,10,6,4,40,27,13,29,12,17,10,2,8,19,10,9,79,1.9411764705882355,22.65423406060606,82.20022463636361
26995,STATE - MANIPUR,Manufacture of plastics products,50,33,17,10,6,4,40,27,13,29,12,17,10,2,8,19,10,9,79,1.9411764705882355,22.65423406060606,82.20022463636361
26996,STATE - MANIPUR,Manufacture of other non-metallic mineral products,2162,1399,763,1525,933,592,637,466,171,572,299,273,316,192,124,256,107,149,2734,1.833551769331586,22.65423406060606,82.20022463636361
26997,STATE - MANIPUR,Manufacture of glass and glass products,0,0,0,0,0,0,0,0,0,2,0,2,2,0,2,0,0,0,2,0,22.65423406060606,82.20022463636361
26998,STATE - MANIPUR,Manufacture of glass and glass products,0,0,0,0,0,0,0,0,0,2,0,2,2,0,2,0,0,0,2,0,22.65423406060606,82.20022463636361
26999,STATE - MANIPUR,Manufacture of non-metallic mineral products n.e.c.,2162,1399,763,1525,933,592,637,466,171,570,299,271,314,192,122,256,107,149,2732,1.833551769331586,22.65423406060606,82.20022463636361
27000,STATE - MANIPUR,Manufacture of refractory products,129,112,17,102,88,14,27,24,3,14,6,8,6,4,2,8,2,6,143,6.588235294117647,22.65423406060606,82.20022463636361
27001,STATE - MANIPUR,Manufacture of clay building materials,1466,1121,345,958,720,238,508,401,107,320,228,92,196,148,48,124,80,44,1786,3.2492753623188406,22.65423406060606,82.20022463636361
27002,STATE - MANIPUR,Manufacture of other porcelain and ceramic products,468,79,389,389,55,334,79,24,55,216,53,163,92,28,64,124,25,99,684,0.2030848329048843,22.65423406060606,82.20022463636361
27003,STATE - MANIPUR,"Manufacture of cement, lime and plaster",8,8,0,2,2,0,6,6,0,2,0,2,2,0,2,0,0,0,10,8,22.65423406060606,82.20022463636361
27004,STATE - MANIPUR,"Manufacture of articles of concrete, cement and plaster",80,68,12,68,62,6,12,6,6,18,12,6,18,12,6,0,0,0,98,5.666666666666667,22.65423406060606,82.20022463636361
27005,STATE - MANIPUR,"Cutting, shaping and finishing of stone",11,11,0,6,6,0,5,5,0,0,0,0,0,0,0,0,0,0,11,11,22.65423406060606,82.20022463636361
27006,STATE - MANIPUR,Manufacture of basic metals,698,644,54,366,348,18,332,296,36,92,74,18,20,14,6,72,60,12,790,11.925925925925926,22.65423406060606,82.20022463636361
27007,STATE - MANIPUR,Manufacture of basic iron and steel,425,412,13,168,164,4,257,248,9,62,53,9,8,8,0,54,45,9,487,31.692307692307693,22.65423406060606,82.20022463636361
27008,STATE - MANIPUR,Manufacture of basic iron and steel,425,412,13,168,164,4,257,248,9,62,53,9,8,8,0,54,45,9,487,31.692307692307693,22.65423406060606,82.20022463636361
27009,STATE - MANIPUR,Manufacture of basic precious and other non-ferrous metals,247,206,41,186,172,14,61,34,27,21,15,6,12,6,6,9,9,0,268,5.024390243902439,22.65423406060606,82.20022463636361
27010,STATE - MANIPUR,Manufacture of basic precious and other non-ferrous metals,247,206,41,186,172,14,61,34,27,21,15,6,12,6,6,9,9,0,268,5.024390243902439,22.65423406060606,82.20022463636361
27011,STATE - MANIPUR,Casting of metals,26,26,0,12,12,0,14,14,0,9,6,3,0,0,0,9,6,3,35,26,22.65423406060606,82.20022463636361
27012,STATE - MANIPUR,Casting of iron and steel,26,26,0,12,12,0,14,14,0,6,6,0,0,0,0,6,6,0,32,26,22.65423406060606,82.20022463636361
27013,STATE - MANIPUR,Casting of non-ferrous metals,0,0,0,0,0,0,0,0,0,3,0,3,0,0,0,3,0,3,3,0,22.65423406060606,82.20022463636361
27014,STATE - MANIPUR,"Manufacture of fabricated metal products, except machinery and equipment",916,814,102,302,278,24,614,536,78,214,154,60,58,48,10,156,106,50,1130,7.980392156862745,22.65423406060606,82.20022463636361
27015,STATE - MANIPUR,"Manufacture of structural metal products, tanks, reservoirs and steam",113,107,6,42,36,6,71,71,0,14,14,0,0,0,0,14,14,0,127,17.833333333333332,22.65423406060606,82.20022463636361
27016,STATE - MANIPUR,Manufacture of structural metal products,101,101,0,36,36,0,65,65,0,14,14,0,0,0,0,14,14,0,115,101,22.65423406060606,82.20022463636361
27017,STATE - MANIPUR,"Manufacture of tanks, reservoirs and containers of metal",12,6,6,6,0,6,6,6,0,0,0,0,0,0,0,0,0,0,12,1,22.65423406060606,82.20022463636361
27018,STATE - MANIPUR,Manufacture of other fabricated metal products; metalworking service,803,707,96,260,242,18,543,465,78,200,140,60,58,48,10,142,92,50,1003,7.364583333333333,22.65423406060606,82.20022463636361
27019,STATE - MANIPUR,"Forging, pressing, stamping and roll-forming of metal; powder",2,0,2,2,0,2,0,0,0,0,0,0,0,0,0,0,0,0,2,0,22.65423406060606,82.20022463636361
27020,STATE - MANIPUR,"Manufacture of cutlery, hand tools and general hardware",733,658,75,238,224,14,495,434,61,176,118,58,50,40,10,126,78,48,909,8.773333333333333,22.65423406060606,82.20022463636361
27021,STATE - MANIPUR,Manufacture of other fabricated metal products n.e.c.,68,49,19,20,18,2,48,31,17,24,22,2,8,8,0,16,14,2,92,2.5789473684210527,22.65423406060606,82.20022463636361
27022,STATE - MANIPUR,"Manufacture of computer, electronic and optical products",71,71,0,32,32,0,39,39,0,12,10,2,2,0,2,10,10,0,83,71,22.65423406060606,82.20022463636361
27023,STATE - MANIPUR,Manufacture of electronic components,16,16,0,8,8,0,8,8,0,5,5,0,0,0,0,5,5,0,21,16,22.65423406060606,82.20022463636361
27024,STATE - MANIPUR,Manufacture of electronic components,16,16,0,8,8,0,8,8,0,5,5,0,0,0,0,5,5,0,21,16,22.65423406060606,82.20022463636361
27025,STATE - MANIPUR,Manufacture of computers and peripheral equipment,6,6,0,6,6,0,0,0,0,5,5,0,0,0,0,5,5,0,11,6,22.65423406060606,82.20022463636361
27026,STATE - MANIPUR,Manufacture of computers and peripheral equipment,6,6,0,6,6,0,0,0,0,5,5,0,0,0,0,5,5,0,11,6,22.65423406060606,82.20022463636361
27027,STATE - MANIPUR,Manufacture of communication equipment,20,20,0,0,0,0,20,20,0,0,0,0,0,0,0,0,0,0,20,20,22.65423406060606,82.20022463636361
27028,STATE - MANIPUR,Manufacture of communication equipment,20,20,0,0,0,0,20,20,0,0,0,0,0,0,0,0,0,0,20,20,22.65423406060606,82.20022463636361
27029,STATE - MANIPUR,Manufacture of consumer electronics,23,23,0,12,12,0,11,11,0,0,0,0,0,0,0,0,0,0,23,23,22.65423406060606,82.20022463636361
27030,STATE - MANIPUR,Manufacture of consumer electronics,23,23,0,12,12,0,11,11,0,0,0,0,0,0,0,0,0,0,23,23,22.65423406060606,82.20022463636361
27031,STATE - MANIPUR,"Manufacture of measuring, testing, navigating and control equipment;",0,0,0,0,0,0,0,0,0,2,0,2,2,0,2,0,0,0,2,0,22.65423406060606,82.20022463636361
27032,STATE - MANIPUR,Manufacture of watches and clocks,0,0,0,0,0,0,0,0,0,2,0,2,2,0,2,0,0,0,2,0,22.65423406060606,82.20022463636361
27033,STATE - MANIPUR,"Manufacture of irradiation, electromedical and electrotherapeutic",6,6,0,6,6,0,0,0,0,0,0,0,0,0,0,0,0,0,6,6,22.65423406060606,82.20022463636361
27034,STATE - MANIPUR,"Manufacture of irradiation, electromedical and electrotherapeutic",6,6,0,6,6,0,0,0,0,0,0,0,0,0,0,0,0,0,6,6,22.65423406060606,82.20022463636361
27035,STATE - MANIPUR,Manufacture of electrical equipment,35,31,4,18,16,2,17,15,2,22,20,2,8,8,0,14,12,2,57,7.75,22.65423406060606,82.20022463636361
27036,STATE - MANIPUR,"Manufacture of electric motors, generators, transformers and electricity",12,12,0,6,6,0,6,6,0,6,6,0,6,6,0,0,0,0,18,12,22.65423406060606,82.20022463636361
27037,STATE - MANIPUR,"Manufacture of electric motors, generators, transformers and electricity",12,12,0,6,6,0,6,6,0,6,6,0,6,6,0,0,0,0,18,12,22.65423406060606,82.20022463636361
27038,STATE - MANIPUR,Manufacture of batteries and accumulators,13,13,0,8,8,0,5,5,0,10,8,2,2,2,0,8,6,2,23,13,22.65423406060606,82.20022463636361
27039,STATE - MANIPUR,Manufacture of batteries and accumulators,13,13,0,8,8,0,5,5,0,10,8,2,2,2,0,8,6,2,23,13,22.65423406060606,82.20022463636361
27040,STATE - MANIPUR,Manufacture of wiring and wiring devices,1,1,0,0,0,0,1,1,0,0,0,0,0,0,0,0,0,0,1,1,22.65423406060606,82.20022463636361
27041,STATE - MANIPUR,Manufacture of other electronic and electric wires and cables,1,1,0,0,0,0,1,1,0,0,0,0,0,0,0,0,0,0,1,1,22.65423406060606,82.20022463636361
27042,STATE - MANIPUR,Manufacture of electric lighting equipment,3,3,0,0,0,0,3,3,0,0,0,0,0,0,0,0,0,0,3,3,22.65423406060606,82.20022463636361
27043,STATE - MANIPUR,Manufacture of electric lighting equipment,3,3,0,0,0,0,3,3,0,0,0,0,0,0,0,0,0,0,3,3,22.65423406060606,82.20022463636361
27044,STATE - MANIPUR,Manufacture of domestic appliances,6,2,4,4,2,2,2,0,2,6,6,0,0,0,0,6,6,0,12,0.5,22.65423406060606,82.20022463636361
27045,STATE - MANIPUR,Manufacture of domestic appliances,6,2,4,4,2,2,2,0,2,6,6,0,0,0,0,6,6,0,12,0.5,22.65423406060606,82.20022463636361
27046,STATE - MANIPUR,Manufacture of machinery and equipment n.e.c.,21,6,15,12,2,10,9,4,5,26,5,21,15,2,13,11,3,8,47,0.4,22.65423406060606,82.20022463636361
27047,STATE - MANIPUR,Manufacture of special-purpose machinery,21,6,15,12,2,10,9,4,5,26,5,21,15,2,13,11,3,8,47,0.4,22.65423406060606,82.20022463636361
27048,STATE - MANIPUR,Manufacture of agricultural and forestry machinery,1,1,0,0,0,0,1,1,0,0,0,0,0,0,0,0,0,0,1,1,22.65423406060606,82.20022463636361
27049,STATE - MANIPUR,Manufacture of metal-forming machinery and machine tools,0,0,0,0,0,0,0,0,0,3,3,0,0,0,0,3,3,0,3,0,22.65423406060606,82.20022463636361
27050,STATE - MANIPUR,Manufacture of machinery for metallurgy,2,2,0,2,2,0,0,0,0,2,0,2,0,0,0,2,0,2,4,2,22.65423406060606,82.20022463636361
27051,STATE - MANIPUR,"Manufacture of machinery for food, beverage and tobacco processing",2,0,2,0,0,0,2,0,2,0,0,0,0,0,0,0,0,0,2,0,22.65423406060606,82.20022463636361
27052,STATE - MANIPUR,"Manufacture of machinery for textile, apparel and leather production",13,0,13,10,0,10,3,0,3,21,2,19,15,2,13,6,0,6,34,0,22.65423406060606,82.20022463636361
27053,STATE - MANIPUR,Manufacture of other special-purpose machinery,3,3,0,0,0,0,3,3,0,0,0,0,0,0,0,0,0,0,3,3,22.65423406060606,82.20022463636361
27054,STATE - MANIPUR,"Manufacture of motor vehicles, trailers and semi-trailers",28,27,1,2,2,0,26,25,1,9,9,0,0,0,0,9,9,0,37,27,22.65423406060606,82.20022463636361
27055,STATE - MANIPUR,Manufacture of motor vehicles,3,3,0,0,0,0,3,3,0,0,0,0,0,0,0,0,0,0,3,3,22.65423406060606,82.20022463636361
27056,STATE - MANIPUR,Manufacture of motor vehicles,3,3,0,0,0,0,3,3,0,0,0,0,0,0,0,0,0,0,3,3,22.65423406060606,82.20022463636361
27057,STATE - MANIPUR,Manufacture of bodies (coachwork) for motor vehicles; manufacture of,16,16,0,2,2,0,14,14,0,9,9,0,0,0,0,9,9,0,25,16,22.65423406060606,82.20022463636361
27058,STATE - MANIPUR,Manufacture of bodies (coachwork) for motor vehicles; manufacture of trailers and semi-trailers,16,16,0,2,2,0,14,14,0,9,9,0,0,0,0,9,9,0,25,16,22.65423406060606,82.20022463636361
27059,STATE - MANIPUR,Manufacture of parts and accessories for motor vehicles,9,8,1,0,0,0,9,8,1,0,0,0,0,0,0,0,0,0,9,8,22.65423406060606,82.20022463636361
27060,STATE - MANIPUR,Manufacture of parts and accessories for motor vehicles,9,8,1,0,0,0,9,8,1,0,0,0,0,0,0,0,0,0,9,8,22.65423406060606,82.20022463636361
27061,STATE - MANIPUR,Manufacture of other transport equipment,292,283,9,171,162,9,121,121,0,90,78,12,53,45,8,37,33,4,382,31.444444444444443,22.65423406060606,82.20022463636361
27062,STATE - MANIPUR,Building of ships and boats,8,8,0,2,2,0,6,6,0,6,6,0,6,6,0,0,0,0,14,8,22.65423406060606,82.20022463636361
27063,STATE - MANIPUR,Building of ships and floating structures,8,8,0,2,2,0,6,6,0,6,6,0,6,6,0,0,0,0,14,8,22.65423406060606,82.20022463636361
27064,STATE - MANIPUR,Manufacture of railway locomotives and rolling stock,6,6,0,0,0,0,6,6,0,0,0,0,0,0,0,0,0,0,6,6,22.65423406060606,82.20022463636361
27065,STATE - MANIPUR,Manufacture of railway locomotives and rolling stock,6,6,0,0,0,0,6,6,0,0,0,0,0,0,0,0,0,0,6,6,22.65423406060606,82.20022463636361
27066,STATE - MANIPUR,Manufacture of air and spacecraft and related machinery,6,6,0,6,6,0,0,0,0,0,0,0,0,0,0,0,0,0,6,6,22.65423406060606,82.20022463636361
27067,STATE - MANIPUR,Manufacture of air and spacecraft and related machinery,6,6,0,6,6,0,0,0,0,0,0,0,0,0,0,0,0,0,6,6,22.65423406060606,82.20022463636361
27068,STATE - MANIPUR,Manufacture of transport equipment n.e.c.,272,263,9,163,154,9,109,109,0,84,72,12,47,39,8,37,33,4,356,29.22222222222222,22.65423406060606,82.20022463636361
27069,STATE - MANIPUR,Manufacture of other transport equipment n.e.c.,272,263,9,163,154,9,109,109,0,84,72,12,47,39,8,37,33,4,356,29.22222222222222,22.65423406060606,82.20022463636361
27070,STATE - MANIPUR,Manufacture of furniture,9731,9510,221,5464,5324,140,4267,4186,81,2500,2429,71,1273,1222,51,1227,1207,20,12231,43.0316742081448,22.65423406060606,82.20022463636361
27071,STATE - MANIPUR,Manufacture of furniture,9731,9510,221,5464,5324,140,4267,4186,81,2500,2429,71,1273,1222,51,1227,1207,20,12231,43.0316742081448,22.65423406060606,82.20022463636361
27072,STATE - MANIPUR,Manufacture of furniture,9731,9510,221,5464,5324,140,4267,4186,81,2500,2429,71,1273,1222,51,1227,1207,20,12231,43.0316742081448,22.65423406060606,82.20022463636361
27073,STATE - MANIPUR,Other manufacturing,4448,3655,793,2004,1616,388,2444,2039,405,754,511,243,263,186,77,491,325,166,5202,4.609079445145019,22.65423406060606,82.20022463636361
27074,STATE - MANIPUR,"Manufacture of jewellery, bijouterie and related articles",3834,3353,481,1696,1476,220,2138,1877,261,538,436,102,168,156,12,370,280,90,4372,6.970893970893971,22.65423406060606,82.20022463636361
27075,STATE - MANIPUR,Manufacture of jewellery and related articles,3823,3342,481,1696,1476,220,2127,1866,261,535,433,102,168,156,12,367,277,90,4358,6.948024948024948,22.65423406060606,82.20022463636361
27076,STATE - MANIPUR,Manufacture of imitation jewellery and related articles,11,11,0,0,0,0,11,11,0,3,3,0,0,0,0,3,3,0,14,11,22.65423406060606,82.20022463636361
27077,STATE - MANIPUR,Manufacture of musical instruments,0,0,0,0,0,0,0,0,0,10,0,10,10,0,10,0,0,0,10,0,22.65423406060606,82.20022463636361
27078,STATE - MANIPUR,Manufacture of musical instruments,0,0,0,0,0,0,0,0,0,10,0,10,10,0,10,0,0,0,10,0,22.65423406060606,82.20022463636361
27079,STATE - MANIPUR,Manufacture of games and toys,60,12,48,20,6,14,40,6,34,69,31,38,26,12,14,43,19,24,129,0.25,22.65423406060606,82.20022463636361
27080,STATE - MANIPUR,Manufacture of games and toys,60,12,48,20,6,14,40,6,34,69,31,38,26,12,14,43,19,24,129,0.25,22.65423406060606,82.20022463636361
27081,STATE - MANIPUR,Other manufacturing n.e.c.,554,290,264,288,134,154,266,156,110,137,44,93,59,18,41,78,26,52,691,1.0984848484848484,22.65423406060606,82.20022463636361
27082,STATE - MANIPUR,Other manufacturing n.e.c.,554,290,264,288,134,154,266,156,110,137,44,93,59,18,41,78,26,52,691,1.0984848484848484,22.65423406060606,82.20022463636361
27083,STATE - MANIPUR,Repair and installation of machinery and equipment,634,606,28,242,226,16,392,380,12,89,87,2,28,28,0,61,59,2,723,21.642857142857142,22.65423406060606,82.20022463636361
27084,STATE - MANIPUR,"Repair of fabricated metal products, machinery and equipment",629,601,28,242,226,16,387,375,12,89,87,2,28,28,0,61,59,2,718,21.464285714285715,22.65423406060606,82.20022463636361
27085,STATE - MANIPUR,Repair of fabricated metal products,19,19,0,8,8,0,11,11,0,2,0,2,0,0,0,2,0,2,21,19,22.65423406060606,82.20022463636361
27086,STATE - MANIPUR,Repair of machinery,14,14,0,1,1,0,13,13,0,2,2,0,2,2,0,0,0,0,16,14,22.65423406060606,82.20022463636361
27087,STATE - MANIPUR,Repair of electronic and optical equipment,130,128,2,40,40,0,90,88,2,2,2,0,2,2,0,0,0,0,132,64,22.65423406060606,82.20022463636361
27088,STATE - MANIPUR,Repair of electrical equipment,231,212,19,97,83,14,134,129,5,74,74,0,24,24,0,50,50,0,305,11.157894736842104,22.65423406060606,82.20022463636361
27089,STATE - MANIPUR,"Repair of transport equipment, except motor vehicles",94,94,0,38,38,0,56,56,0,3,3,0,0,0,0,3,3,0,97,94,22.65423406060606,82.20022463636361
27090,STATE - MANIPUR,Repair of other equipment,141,134,7,58,56,2,83,78,5,6,6,0,0,0,0,6,6,0,147,19.142857142857142,22.65423406060606,82.20022463636361
27091,STATE - MANIPUR,Installation of industrial machinery and equipment,5,5,0,0,0,0,5,5,0,0,0,0,0,0,0,0,0,0,5,5,22.65423406060606,82.20022463636361
27092,STATE - MANIPUR,Installation of industrial machinery and equipment,5,5,0,0,0,0,5,5,0,0,0,0,0,0,0,0,0,0,5,5,22.65423406060606,82.20022463636361
27093,STATE - MANIPUR,"Electricity, gas, steam and air conditioning supply",4159,3705,454,1837,1715,122,2322,1990,332,166,130,36,85,72,13,81,58,23,4325,8.16079295154185,22.65423406060606,82.20022463636361
27094,STATE - MANIPUR,"Electric power generation, transmission and distribution",4082,3633,449,1803,1685,118,2279,1948,331,157,127,30,79,72,7,78,55,23,4239,8.091314031180401,22.65423406060606,82.20022463636361
27095,STATE - MANIPUR,"Electric power generation, transmission and distribution",4082,3633,449,1803,1685,118,2279,1948,331,157,127,30,79,72,7,78,55,23,4239,8.091314031180401,22.65423406060606,82.20022463636361
27096,STATE - MANIPUR,Manufacture of gas; distribution of gaseous fuels through mains,65,64,1,22,22,0,43,42,1,9,3,6,6,0,6,3,3,0,74,64,22.65423406060606,82.20022463636361
27097,STATE - MANIPUR,Manufacture of gas; distribution of gaseous fuels through mains,65,64,1,22,22,0,43,42,1,9,3,6,6,0,6,3,3,0,74,64,22.65423406060606,82.20022463636361
27098,STATE - MANIPUR,Steam and air conditioning supply,12,8,4,12,8,4,0,0,0,0,0,0,0,0,0,0,0,0,12,2,22.65423406060606,82.20022463636361
27099,STATE - MANIPUR,Steam and air conditioning supply,12,8,4,12,8,4,0,0,0,0,0,0,0,0,0,0,0,0,12,2,22.65423406060606,82.20022463636361
27100,STATE - MANIPUR,"Water collection, treatment and supply",2203,1849,354,1046,956,90,1157,893,264,64,56,8,20,16,4,44,40,4,2267,5.22316384180791,22.65423406060606,82.20022463636361
27101,STATE - MANIPUR,"Water collection, treatment and supply",2203,1849,354,1046,956,90,1157,893,264,64,56,8,20,16,4,44,40,4,2267,5.22316384180791,22.65423406060606,82.20022463636361
27102,STATE - MANIPUR,"Water collection, treatment and supply",2203,1849,354,1046,956,90,1157,893,264,64,56,8,20,16,4,44,40,4,2267,5.22316384180791,22.65423406060606,82.20022463636361
27103,STATE - MANIPUR,Sewerage,104,91,13,76,72,4,28,19,9,11,7,4,8,6,2,3,1,2,115,7,22.65423406060606,82.20022463636361
27104,STATE - MANIPUR,Sewerage,104,91,13,76,72,4,28,19,9,11,7,4,8,6,2,3,1,2,115,7,22.65423406060606,82.20022463636361
27105,STATE - MANIPUR,Sewerage,104,91,13,76,72,4,28,19,9,11,7,4,8,6,2,3,1,2,115,7,22.65423406060606,82.20022463636361
27106,STATE - MANIPUR,Collection of hazardous waste,28,27,1,16,16,0,12,11,1,1,1,0,0,0,0,1,1,0,29,27,22.65423406060606,82.20022463636361
27107,STATE - MANIPUR,Materials recovery,6,6,0,0,0,0,6,6,0,0,0,0,0,0,0,0,0,0,6,6,22.65423406060606,82.20022463636361
27108,STATE - MANIPUR,Materials recovery,6,6,0,0,0,0,6,6,0,0,0,0,0,0,0,0,0,0,6,6,22.65423406060606,82.20022463636361
27109,STATE - MANIPUR,Construction of buildings,20371,19443,928,12134,11580,554,8237,7863,374,5203,4636,567,3069,2613,456,2134,2023,111,25574,20.95150862068965,22.65423406060606,82.20022463636361
27110,STATE - MANIPUR,Construction of buildings,20371,19443,928,12134,11580,554,8237,7863,374,5203,4636,567,3069,2613,456,2134,2023,111,25574,20.95150862068965,22.65423406060606,82.20022463636361
27111,STATE - MANIPUR,Construction of buildings,20371,19443,928,12134,11580,554,8237,7863,374,5203,4636,567,3069,2613,456,2134,2023,111,25574,20.95150862068965,22.65423406060606,82.20022463636361
27112,STATE - MANIPUR,Civil engineering,7210,6104,1106,3724,3108,616,3486,2996,490,5793,1895,3898,5150,1444,3706,643,451,192,13003,5.518987341772152,22.65423406060606,82.20022463636361
27113,STATE - MANIPUR,Construction of roads and railways,5774,4740,1034,3032,2458,574,2742,2282,460,5386,1615,3771,4910,1316,3594,476,299,177,11160,4.584139264990329,22.65423406060606,82.20022463636361
27114,STATE - MANIPUR,Construction roads and railways,5774,4740,1034,3032,2458,574,2742,2282,460,5386,1615,3771,4910,1316,3594,476,299,177,11160,4.584139264990329,22.65423406060606,82.20022463636361
27115,STATE - MANIPUR,Construction of utility projects,177,167,10,104,102,2,73,65,8,9,9,0,6,6,0,3,3,0,186,16.7,22.65423406060606,82.20022463636361
27116,STATE - MANIPUR,Construction of utility projects,177,167,10,104,102,2,73,65,8,9,9,0,6,6,0,3,3,0,186,16.7,22.65423406060606,82.20022463636361
27117,STATE - MANIPUR,Construction of other civil engineering projects,1259,1197,62,588,548,40,671,649,22,398,271,127,234,122,112,164,149,15,1657,19.306451612903224,22.65423406060606,82.20022463636361
27118,STATE - MANIPUR,Construction of other civil engineering projects,1259,1197,62,588,548,40,671,649,22,398,271,127,234,122,112,164,149,15,1657,19.306451612903224,22.65423406060606,82.20022463636361
27119,STATE - MANIPUR,Specialized construction activities,4514,4091,423,2597,2295,302,1917,1796,121,1276,1082,194,746,596,150,530,486,44,5790,9.671394799054374,22.65423406060606,82.20022463636361
27120,STATE - MANIPUR,Demolition and site preparation,388,350,38,206,194,12,182,156,26,182,119,63,114,64,50,68,55,13,570,9.210526315789474,22.65423406060606,82.20022463636361
27121,STATE - MANIPUR,Demolition,0,0,0,0,0,0,0,0,0,6,6,0,0,0,0,6,6,0,6,0,22.65423406060606,82.20022463636361
27122,STATE - MANIPUR,Site preparation,388,350,38,206,194,12,182,156,26,176,113,63,114,64,50,62,49,13,564,9.210526315789474,22.65423406060606,82.20022463636361
27123,STATE - MANIPUR,"Electrical, plumbing and other construction installation activities",1627,1418,209,826,688,138,801,730,71,543,445,98,288,213,75,255,232,23,2170,6.784688995215311,22.65423406060606,82.20022463636361
27124,STATE - MANIPUR,Electrical installation,240,231,9,62,58,4,178,173,5,81,79,2,8,8,0,73,71,2,321,25.666666666666668,22.65423406060606,82.20022463636361
27125,STATE - MANIPUR,"Plumbing, heat and air-conditioning installation",63,63,0,25,25,0,38,38,0,21,21,0,14,14,0,7,7,0,84,63,22.65423406060606,82.20022463636361
27126,STATE - MANIPUR,Other construction installation,1324,1124,200,739,605,134,585,519,66,441,345,96,266,191,75,175,154,21,1765,5.62,22.65423406060606,82.20022463636361
27127,STATE - MANIPUR,Building completion and finishing,2135,1971,164,1336,1194,142,799,777,22,495,462,33,302,277,25,193,185,8,2630,12.018292682926829,22.65423406060606,82.20022463636361
27128,STATE - MANIPUR,Building completion and finishing,2135,1971,164,1336,1194,142,799,777,22,495,462,33,302,277,25,193,185,8,2630,12.018292682926829,22.65423406060606,82.20022463636361
27129,STATE - MANIPUR,Other specialized construction activities,364,352,12,229,219,10,135,133,2,56,56,0,42,42,0,14,14,0,420,29.33333333333333,22.65423406060606,82.20022463636361
27130,STATE - MANIPUR,Other specialized construction activities,364,352,12,229,219,10,135,133,2,56,56,0,42,42,0,14,14,0,420,29.33333333333333,22.65423406060606,82.20022463636361
27131,STATE - MANIPUR,Wholesale and retail trade and repair of motor vehicles and motorcycles,4549,4442,107,1855,1806,49,2694,2636,58,602,587,15,254,249,5,348,338,10,5151,41.51401869158879,22.65423406060606,82.20022463636361
27132,STATE - MANIPUR,Sale of motor vehicles,137,126,11,38,36,2,99,90,9,26,26,0,2,2,0,24,24,0,163,11.454545454545457,22.65423406060606,82.20022463636361
27133,STATE - MANIPUR,Sale of motor vehicles,137,126,11,38,36,2,99,90,9,26,26,0,2,2,0,24,24,0,163,11.454545454545457,22.65423406060606,82.20022463636361
27134,STATE - MANIPUR,Maintenance and repair of motor vehicles,3030,2983,47,1253,1235,18,1777,1748,29,414,400,14,192,187,5,222,213,9,3444,63.46808510638298,22.65423406060606,82.20022463636361
27135,STATE - MANIPUR,Maintenance and repair of motor vehicles,3030,2983,47,1253,1235,18,1777,1748,29,414,400,14,192,187,5,222,213,9,3444,63.46808510638298,22.65423406060606,82.20022463636361
27136,STATE - MANIPUR,Sale of motor vehicle parts and accessories,594,561,33,162,146,16,432,415,17,39,38,1,13,13,0,26,25,1,633,17,22.65423406060606,82.20022463636361
27137,STATE - MANIPUR,Sale of motor vehicle parts and accessories,594,561,33,162,146,16,432,415,17,39,38,1,13,13,0,26,25,1,633,17,22.65423406060606,82.20022463636361
27138,STATE - MANIPUR,"Sale, maintenance and repair of motorcycles and related parts and",788,772,16,402,389,13,386,383,3,123,123,0,47,47,0,76,76,0,911,48.25,22.65423406060606,82.20022463636361
27139,STATE - MANIPUR,"Sale, maintenance and repair of motorcycles and related parts and",788,772,16,402,389,13,386,383,3,123,123,0,47,47,0,76,76,0,911,48.25,22.65423406060606,82.20022463636361
27140,STATE - MANIPUR,"Wholesale trade, except of motor vehicles and motorcycles",1767,1420,347,658,534,124,1109,886,223,354,199,155,175,77,98,179,122,57,2121,4.092219020172911,22.65423406060606,82.20022463636361
27141,STATE - MANIPUR,Wholesale on a fee or contract basis,141,64,77,48,20,28,93,44,49,105,16,89,62,0,62,43,16,27,246,0.8311688311688312,22.65423406060606,82.20022463636361
27142,STATE - MANIPUR,Wholesale on a fee or contract basis,141,64,77,48,20,28,93,44,49,105,16,89,62,0,62,43,16,27,246,0.8311688311688312,22.65423406060606,82.20022463636361
27143,STATE - MANIPUR,Wholesale of agricultural raw materials and live animals,183,119,64,108,66,42,75,53,22,64,39,25,34,22,12,30,17,13,247,1.859375,22.65423406060606,82.20022463636361
27144,STATE - MANIPUR,Wholesale of agricultural raw materials and live animals,183,119,64,108,66,42,75,53,22,64,39,25,34,22,12,30,17,13,247,1.859375,22.65423406060606,82.20022463636361
27145,STATE - MANIPUR,"Wholesale of food, beverages and tobacco",166,132,34,66,60,6,100,72,28,32,27,5,16,12,4,16,15,1,198,3.882352941176471,22.65423406060606,82.20022463636361
27146,STATE - MANIPUR,"Wholesale of food, beverages and tobacco",166,132,34,66,60,6,100,72,28,32,27,5,16,12,4,16,15,1,198,3.882352941176471,22.65423406060606,82.20022463636361
27147,STATE - MANIPUR,Wholesale of household goods,794,686,108,273,240,33,521,446,75,60,31,29,26,10,16,34,21,13,854,6.351851851851852,22.65423406060606,82.20022463636361
27148,STATE - MANIPUR,"Wholesale of textiles, clothing and footwear",168,140,28,65,50,15,103,90,13,24,8,16,12,8,4,12,0,12,192,5,22.65423406060606,82.20022463636361
27149,STATE - MANIPUR,Wholesale of other household goods,626,546,80,208,190,18,418,356,62,36,23,13,14,2,12,22,21,1,662,6.825,22.65423406060606,82.20022463636361
27150,STATE - MANIPUR,"Wholesale of machinery, equipment and supplies",103,81,22,28,26,2,75,55,20,22,21,1,6,6,0,16,15,1,125,3.6818181818181817,22.65423406060606,82.20022463636361
27151,STATE - MANIPUR,"Wholesale of agricultural machinery, equipment and supplies",6,0,6,0,0,0,6,0,6,0,0,0,0,0,0,0,0,0,6,0,22.65423406060606,82.20022463636361
27152,STATE - MANIPUR,Wholesale of other machinery and equipment,97,81,16,28,26,2,69,55,14,22,21,1,6,6,0,16,15,1,119,5.0625,22.65423406060606,82.20022463636361
27153,STATE - MANIPUR,Other specialized wholesale,160,137,23,53,44,9,107,93,14,39,39,0,19,19,0,20,20,0,199,5.956521739130435,22.65423406060606,82.20022463636361
27154,STATE - MANIPUR,"Wholesale of solid, liquid and gaseous fuels and related products",40,27,13,8,8,0,32,19,13,9,9,0,0,0,0,9,9,0,49,2.076923076923077,22.65423406060606,82.20022463636361
27155,STATE - MANIPUR,"Wholesale of construction materials, hardware, plumbing and heating",91,90,1,29,28,1,62,62,0,16,16,0,5,5,0,11,11,0,107,90,22.65423406060606,82.20022463636361
27156,STATE - MANIPUR,Wholesale of waste and scrap and other products n.e.c.,29,20,9,16,8,8,13,12,1,14,14,0,14,14,0,0,0,0,43,2.2222222222222223,22.65423406060606,82.20022463636361
27157,STATE - MANIPUR,Non-specialized wholesale trade,220,201,19,82,78,4,138,123,15,32,26,6,12,8,4,20,18,2,252,10.578947368421051,22.65423406060606,82.20022463636361
27158,STATE - MANIPUR,Non-specialized wholesale trade,220,201,19,82,78,4,138,123,15,32,26,6,12,8,4,20,18,2,252,10.578947368421051,22.65423406060606,82.20022463636361
27159,STATE - MANIPUR,"Retail trade, except of motor vehicles and motorcycles",54868,32087,22781,21589,11471,10118,33279,20616,12663,10818,4529,6289,4857,1545,3312,5961,2984,2977,65686,1.4084983099951711,22.65423406060606,82.20022463636361
27160,STATE - MANIPUR,Retail sale in non-specialized stores,20687,13297,7390,8165,4905,3260,12522,8392,4130,3318,1787,1531,1260,559,701,2058,1228,830,24005,1.7993234100135318,22.65423406060606,82.20022463636361
27161,STATE - MANIPUR,"Retail sale in non-specialized stores with food, beverages or tobacco",9490,5960,3530,3623,2136,1487,5867,3824,2043,1558,849,709,602,243,359,956,606,350,11048,1.688385269121813,22.65423406060606,82.20022463636361
27162,STATE - MANIPUR,Other retail sale in non-specialized stores,11197,7337,3860,4542,2769,1773,6655,4568,2087,1760,938,822,658,316,342,1102,622,480,12957,1.9007772020725389,22.65423406060606,82.20022463636361
27163,STATE - MANIPUR,"Retail sale of food, beverages and tobacco in specialized stores",15808,4925,10883,7294,2022,5272,8514,2903,5611,4259,661,3598,2359,275,2084,1900,386,1514,20067,0.4525406597445557,22.65423406060606,82.20022463636361
27164,STATE - MANIPUR,Retail sale of food in specialized stores,15001,4587,10414,7001,1863,5138,8000,2724,5276,4125,623,3502,2306,257,2049,1819,366,1453,19126,0.4404647589782984,22.65423406060606,82.20022463636361
27165,STATE - MANIPUR,Retail sale of beverages in specialized stores,230,73,157,72,42,30,158,31,127,7,3,4,4,0,4,3,3,0,237,0.464968152866242,22.65423406060606,82.20022463636361
27166,STATE - MANIPUR,Retail sale of tobacco products in specialized stores,577,265,312,221,117,104,356,148,208,127,35,92,49,18,31,78,17,61,704,0.8493589743589743,22.65423406060606,82.20022463636361
27167,STATE - MANIPUR,Retail sale of automotive fuel in specialized stores,334,307,27,94,84,10,240,223,17,19,15,4,2,2,0,17,13,4,353,11.37037037037037,22.65423406060606,82.20022463636361
27168,STATE - MANIPUR,Retail sale of automotive fuel in specialized stores,334,307,27,94,84,10,240,223,17,19,15,4,2,2,0,17,13,4,353,11.37037037037037,22.65423406060606,82.20022463636361
27169,STATE - MANIPUR,Retail sale of information and communications equipment in specialized,809,714,95,193,181,12,616,533,83,145,121,24,43,36,7,102,85,17,954,7.515789473684211,22.65423406060606,82.20022463636361
27170,STATE - MANIPUR,"Retail sale of computers, peripheral units, software and",718,637,81,173,163,10,545,474,71,128,108,20,37,30,7,91,78,13,846,7.864197530864198,22.65423406060606,82.20022463636361
27171,STATE - MANIPUR,Retail sale of audio and video equipment in specialized stores,91,77,14,20,18,2,71,59,12,17,13,4,6,6,0,11,7,4,108,5.5,22.65423406060606,82.20022463636361
27172,STATE - MANIPUR,Retail sale of other household equipment in specialized stores,3224,2902,322,1087,963,124,2137,1939,198,528,403,125,228,156,72,300,247,53,3752,9.012422360248449,22.65423406060606,82.20022463636361
27173,STATE - MANIPUR,Retail sale of textiles in specialized stores,62,42,20,38,24,14,24,18,6,8,6,2,0,0,0,8,6,2,70,2.1,22.65423406060606,82.20022463636361
27174,STATE - MANIPUR,"Retail sale of hardware, paints and glass in specialized stores",2057,1878,179,768,685,83,1289,1193,96,384,281,103,180,117,63,204,164,40,2441,10.491620111731844,22.65423406060606,82.20022463636361
27175,STATE - MANIPUR,"Retail sale of carpets, rugs, wall and floor coverings in specialized",42,36,6,6,6,0,36,30,6,1,0,1,0,0,0,1,0,1,43,6,22.65423406060606,82.20022463636361
27176,STATE - MANIPUR,"Retail sale of electrical household appliances, furniture, lighting",1063,946,117,275,248,27,788,698,90,135,116,19,48,39,9,87,77,10,1198,8.085470085470085,22.65423406060606,82.20022463636361
27177,STATE - MANIPUR,Retail sale of cultural and recreation goods in specialized stores,950,769,181,296,226,70,654,543,111,186,125,61,82,53,29,104,72,32,1136,4.248618784530387,22.65423406060606,82.20022463636361
27178,STATE - MANIPUR,"Retail sale of books, newspapers and stationary in specialized stores",851,696,155,282,214,68,569,482,87,163,107,56,74,47,27,89,60,29,1014,4.490322580645161,22.65423406060606,82.20022463636361
27179,STATE - MANIPUR,Retail sale of music and video recordings in specialized stores,38,32,6,6,4,2,32,28,4,16,16,0,6,6,0,10,10,0,54,5.333333333333333,22.65423406060606,82.20022463636361
27180,STATE - MANIPUR,Retail sale of sporting equipment in specialized stores,10,7,3,0,0,0,10,7,3,0,0,0,0,0,0,0,0,0,10,2.333333333333333,22.65423406060606,82.20022463636361
27181,STATE - MANIPUR,Retail sale of games and toys in specialized stores,51,34,17,8,8,0,43,26,17,7,2,5,2,0,2,5,2,3,58,2,22.65423406060606,82.20022463636361
27182,STATE - MANIPUR,Retail sale of other goods in specialized stores,10766,7716,3050,3491,2470,1021,7275,5246,2029,1886,1174,712,688,384,304,1198,790,408,12652,2.5298360655737704,22.65423406060606,82.20022463636361
27183,STATE - MANIPUR,"Retail sale of clothing, footwear and leather articles in specialized",7041,4786,2255,2309,1568,741,4732,3218,1514,1224,744,480,428,256,172,796,488,308,8265,2.12239467849224,22.65423406060606,82.20022463636361
27184,STATE - MANIPUR,"Retail sale of pharmaceutical and medical goods, cosmetic and toilet",2465,2084,381,843,692,151,1622,1392,230,327,236,91,130,80,50,197,156,41,2792,5.469816272965879,22.65423406060606,82.20022463636361
27185,STATE - MANIPUR,Other retail sale of new goods in specialized stores,1144,758,386,319,202,117,825,556,269,291,165,126,110,40,70,181,125,56,1435,1.9637305699481864,22.65423406060606,82.20022463636361
27186,STATE - MANIPUR,Retail sale of second-hand goods,116,88,28,20,8,12,96,80,16,44,29,15,20,8,12,24,21,3,160,3.142857142857143,22.65423406060606,82.20022463636361
27187,STATE - MANIPUR,Retail sale via stalls and markets,1877,1222,655,846,530,316,1031,692,339,367,203,164,149,60,89,218,143,75,2244,1.865648854961832,22.65423406060606,82.20022463636361
27188,STATE - MANIPUR,"Retail sale via stalls and markets of food, beverages and tobacco",14,2,12,10,2,8,4,0,4,4,0,4,0,0,0,4,0,4,18,0.1666666666666666,22.65423406060606,82.20022463636361
27189,STATE - MANIPUR,"Retail sale via stalls and markets of textiles, clothing and footwear",174,84,90,88,43,45,86,41,45,33,8,25,2,0,2,31,8,23,207,0.9333333333333332,22.65423406060606,82.20022463636361
27190,STATE - MANIPUR,Retail sale via stalls and markets of other goods,1689,1136,553,748,485,263,941,651,290,330,195,135,147,60,87,183,135,48,2019,2.054249547920434,22.65423406060606,82.20022463636361
27191,STATE - MANIPUR,"Retail trade not in stores, stalls or markets",413,235,178,123,90,33,290,145,145,110,40,70,46,20,26,64,20,44,523,1.3202247191011236,22.65423406060606,82.20022463636361
27192,STATE - MANIPUR,Retail sale via mail order houses or via Internet,82,44,38,17,8,9,65,36,29,15,0,15,12,0,12,3,0,3,97,1.1578947368421053,22.65423406060606,82.20022463636361
27193,STATE - MANIPUR,"Other retail sale not in stores, stalls or markets",331,191,140,106,82,24,225,109,116,95,40,55,34,20,14,61,20,41,426,1.3642857142857143,22.65423406060606,82.20022463636361
27194,STATE - MANIPUR,Land transport and transport via pipelines,22822,22498,324,13832,13646,186,8990,8852,138,2671,2603,68,1601,1562,39,1070,1041,29,25493,69.43827160493827,22.65423406060606,82.20022463636361
27195,STATE - MANIPUR,Transport via railways,118,90,28,61,46,15,57,44,13,5,5,0,1,1,0,4,4,0,123,3.2142857142857144,22.65423406060606,82.20022463636361
27196,STATE - MANIPUR,Passenger rail transport,102,80,22,52,43,9,50,37,13,5,5,0,1,1,0,4,4,0,107,3.636363636363636,22.65423406060606,82.20022463636361
27197,STATE - MANIPUR,Freight rail transport,16,10,6,9,3,6,7,7,0,0,0,0,0,0,0,0,0,0,16,1.6666666666666667,22.65423406060606,82.20022463636361
27198,STATE - MANIPUR,Other land transport,22698,22402,296,13771,13600,171,8927,8802,125,2666,2598,68,1600,1561,39,1066,1037,29,25364,75.68243243243244,22.65423406060606,82.20022463636361
27199,STATE - MANIPUR,Urban or suburban passenger land transport,5423,5362,61,3226,3188,38,2197,2174,23,643,630,13,375,370,5,268,260,8,6066,87.90163934426229,22.65423406060606,82.20022463636361
27200,STATE - MANIPUR,Other passenger land transport,11728,11557,171,6926,6829,97,4802,4728,74,1450,1415,35,861,837,24,589,578,11,13178,67.58479532163743,22.65423406060606,82.20022463636361
27201,STATE - MANIPUR,Freight transport by road,5547,5483,64,3619,3583,36,1928,1900,28,573,553,20,364,354,10,209,199,10,6120,85.671875,22.65423406060606,82.20022463636361
27202,STATE - MANIPUR,Transport via pipeline,6,6,0,0,0,0,6,6,0,0,0,0,0,0,0,0,0,0,6,6,22.65423406060606,82.20022463636361
27203,STATE - MANIPUR,Transport via pipeline,6,6,0,0,0,0,6,6,0,0,0,0,0,0,0,0,0,0,6,6,22.65423406060606,82.20022463636361
27204,STATE - MANIPUR,Water transport,71,59,12,58,48,10,13,11,2,26,26,0,26,26,0,0,0,0,97,4.916666666666667,22.65423406060606,82.20022463636361
27205,STATE - MANIPUR,Sea and coastal water transport,12,8,4,6,2,4,6,6,0,6,6,0,6,6,0,0,0,0,18,2,22.65423406060606,82.20022463636361
27206,STATE - MANIPUR,Sea and coastal passenger water transport,12,8,4,6,2,4,6,6,0,6,6,0,6,6,0,0,0,0,18,2,22.65423406060606,82.20022463636361
27207,STATE - MANIPUR,Inland water transport,59,51,8,52,46,6,7,5,2,20,20,0,20,20,0,0,0,0,79,6.375,22.65423406060606,82.20022463636361
27208,STATE - MANIPUR,Inland passenger water transport,55,49,6,48,44,4,7,5,2,18,18,0,18,18,0,0,0,0,73,8.166666666666666,22.65423406060606,82.20022463636361
27209,STATE - MANIPUR,Inland freight water transport,4,2,2,4,2,2,0,0,0,2,2,0,2,2,0,0,0,0,6,1,22.65423406060606,82.20022463636361
27210,STATE - MANIPUR,Air transport,496,381,115,198,168,30,298,213,85,39,18,21,18,12,6,21,6,15,535,3.313043478260869,22.65423406060606,82.20022463636361
27211,STATE - MANIPUR,Passenger air transport,226,179,47,103,92,11,123,87,36,18,6,12,0,0,0,18,6,12,244,3.808510638297872,22.65423406060606,82.20022463636361
27212,STATE - MANIPUR,Passenger air transport,226,179,47,103,92,11,123,87,36,18,6,12,0,0,0,18,6,12,244,3.808510638297872,22.65423406060606,82.20022463636361
27213,STATE - MANIPUR,Freight air transport,270,202,68,95,76,19,175,126,49,21,12,9,18,12,6,3,0,3,291,2.9705882352941178,22.65423406060606,82.20022463636361
27214,STATE - MANIPUR,Freight air transport,270,202,68,95,76,19,175,126,49,21,12,9,18,12,6,3,0,3,291,2.9705882352941178,22.65423406060606,82.20022463636361
27215,STATE - MANIPUR,Warehousing and support activities for transportation,1249,1208,41,654,650,4,595,558,37,120,106,14,57,53,4,63,53,10,1369,29.463414634146343,22.65423406060606,82.20022463636361
27216,STATE - MANIPUR,Warehousing and storage,99,86,13,23,21,2,76,65,11,2,2,0,0,0,0,2,2,0,101,6.615384615384615,22.65423406060606,82.20022463636361
27217,STATE - MANIPUR,Warehousing and storage,99,86,13,23,21,2,76,65,11,2,2,0,0,0,0,2,2,0,101,6.615384615384615,22.65423406060606,82.20022463636361
27218,STATE - MANIPUR,Support activities for transportation,1150,1122,28,631,629,2,519,493,26,118,104,14,57,53,4,61,51,10,1268,40.07142857142857,22.65423406060606,82.20022463636361
27219,STATE - MANIPUR,Service activities incidental to land transportation,1019,1002,17,578,576,2,441,426,15,101,90,11,55,51,4,46,39,7,1120,58.94117647058823,22.65423406060606,82.20022463636361
27220,STATE - MANIPUR,Service activities incidental to water transportation,6,6,0,0,0,0,6,6,0,0,0,0,0,0,0,0,0,0,6,6,22.65423406060606,82.20022463636361
27221,STATE - MANIPUR,Service activities incidental to air transportation,12,9,3,7,7,0,5,2,3,0,0,0,0,0,0,0,0,0,12,3,22.65423406060606,82.20022463636361
27222,STATE - MANIPUR,Cargo handling,39,39,0,26,26,0,13,13,0,0,0,0,0,0,0,0,0,0,39,39,22.65423406060606,82.20022463636361
27223,STATE - MANIPUR,Other transportation support activities,74,66,8,20,20,0,54,46,8,17,14,3,2,2,0,15,12,3,91,8.25,22.65423406060606,82.20022463636361
27224,STATE - MANIPUR,Postal and courier activities,1181,986,195,741,658,83,440,328,112,30,27,3,20,20,0,10,7,3,1211,5.056410256410256,22.65423406060606,82.20022463636361
27225,STATE - MANIPUR,Postal activities,1146,951,195,733,650,83,413,301,112,29,26,3,20,20,0,9,6,3,1175,4.876923076923077,22.65423406060606,82.20022463636361
27226,STATE - MANIPUR,Postal activities,1146,951,195,733,650,83,413,301,112,29,26,3,20,20,0,9,6,3,1175,4.876923076923077,22.65423406060606,82.20022463636361
27227,STATE - MANIPUR,Courier activities,35,35,0,8,8,0,27,27,0,1,1,0,0,0,0,1,1,0,36,35,22.65423406060606,82.20022463636361
27228,STATE - MANIPUR,Courier activities,35,35,0,8,8,0,27,27,0,1,1,0,0,0,0,1,1,0,36,35,22.65423406060606,82.20022463636361
27229,STATE - MANIPUR,Accommodation,2912,1479,1433,1056,532,524,1856,947,909,542,184,358,212,61,151,330,123,207,3454,1.0321004884856944,22.65423406060606,82.20022463636361
27230,STATE - MANIPUR,Short term accommodation activities,2737,1393,1344,979,492,487,1758,901,857,509,172,337,186,50,136,323,122,201,3246,1.0364583333333333,22.65423406060606,82.20022463636361
27231,STATE - MANIPUR,Short term accommodation activities,2737,1393,1344,979,492,487,1758,901,857,509,172,337,186,50,136,323,122,201,3246,1.0364583333333333,22.65423406060606,82.20022463636361
27232,STATE - MANIPUR,Other accommodation,175,86,89,77,40,37,98,46,52,33,12,21,26,11,15,7,1,6,208,0.9662921348314608,22.65423406060606,82.20022463636361
27233,STATE - MANIPUR,Other accommodation,175,86,89,77,40,37,98,46,52,33,12,21,26,11,15,7,1,6,208,0.9662921348314608,22.65423406060606,82.20022463636361
27234,STATE - MANIPUR,Food and beverage service activities,3167,1324,1843,1458,599,859,1709,725,984,520,189,331,189,59,130,331,130,201,3687,0.7183939229517091,22.65423406060606,82.20022463636361
27235,STATE - MANIPUR,Restaurants and mobile food service activities,560,276,284,280,140,140,280,136,144,89,38,51,38,14,24,51,24,27,649,0.971830985915493,22.65423406060606,82.20022463636361
27236,STATE - MANIPUR,Restaurants and mobile food service activities,560,276,284,280,140,140,280,136,144,89,38,51,38,14,24,51,24,27,649,0.971830985915493,22.65423406060606,82.20022463636361
27237,STATE - MANIPUR,Event catering and other food service activities,412,256,156,214,120,94,198,136,62,103,73,30,28,20,8,75,53,22,515,1.641025641025641,22.65423406060606,82.20022463636361
27238,STATE - MANIPUR,Event catering,312,202,110,156,96,60,156,106,50,74,64,10,26,20,6,48,44,4,386,1.8363636363636364,22.65423406060606,82.20022463636361
27239,STATE - MANIPUR,Other food service activities,100,54,46,58,24,34,42,30,12,29,9,20,2,0,2,27,9,18,129,1.173913043478261,22.65423406060606,82.20022463636361
27240,STATE - MANIPUR,Beverage serving activities,2195,792,1403,964,339,625,1231,453,778,328,78,250,123,25,98,205,53,152,2523,0.5645046329294369,22.65423406060606,82.20022463636361
27241,STATE - MANIPUR,Beverage serving activities,2195,792,1403,964,339,625,1231,453,778,328,78,250,123,25,98,205,53,152,2523,0.5645046329294369,22.65423406060606,82.20022463636361
27242,STATE - MANIPUR,Publishing activities,615,510,105,145,138,7,470,372,98,56,50,6,4,4,0,52,46,6,671,4.857142857142857,22.65423406060606,82.20022463636361
27243,STATE - MANIPUR,"Publishing of books, periodicals and other publishing activities",612,507,105,145,138,7,467,369,98,56,50,6,4,4,0,52,46,6,668,4.828571428571428,22.65423406060606,82.20022463636361
27244,STATE - MANIPUR,Book publishing,337,271,66,70,66,4,267,205,62,29,26,3,2,2,0,27,24,3,366,4.106060606060606,22.65423406060606,82.20022463636361
27245,STATE - MANIPUR,"Publishing of newspapers, journals and periodicals",201,181,20,45,44,1,156,137,19,15,12,3,0,0,0,15,12,3,216,9.05,22.65423406060606,82.20022463636361
27246,STATE - MANIPUR,Other publishing activities,74,55,19,30,28,2,44,27,17,12,12,0,2,2,0,10,10,0,86,2.8947368421052637,22.65423406060606,82.20022463636361
27247,STATE - MANIPUR,Software publishing,3,3,0,0,0,0,3,3,0,0,0,0,0,0,0,0,0,0,3,3,22.65423406060606,82.20022463636361
27248,STATE - MANIPUR,Software publishing,3,3,0,0,0,0,3,3,0,0,0,0,0,0,0,0,0,0,3,3,22.65423406060606,82.20022463636361
27249,STATE - MANIPUR,"Motion picture, video and television programme production, sound recording",389,350,39,152,140,12,237,210,27,51,45,6,12,10,2,39,35,4,440,8.974358974358974,22.65423406060606,82.20022463636361
27250,STATE - MANIPUR,"Motion picture, video and television programme activities",385,346,39,152,140,12,233,206,27,49,45,4,12,10,2,37,35,2,434,8.871794871794872,22.65423406060606,82.20022463636361
27251,STATE - MANIPUR,"Motion picture, video and television programme production activities",157,136,21,78,72,6,79,64,15,19,17,2,6,4,2,13,13,0,176,6.476190476190476,22.65423406060606,82.20022463636361
27252,STATE - MANIPUR,"Motion picture, video and television programme post-production",30,30,0,20,20,0,10,10,0,12,12,0,4,4,0,8,8,0,42,30,22.65423406060606,82.20022463636361
27253,STATE - MANIPUR,"Motion picture, video and television programme distribution activities",119,113,6,36,36,0,83,77,6,15,13,2,2,2,0,13,11,2,134,18.83333333333333,22.65423406060606,82.20022463636361
27254,STATE - MANIPUR,Motion picture projection activities,79,67,12,18,12,6,61,55,6,3,3,0,0,0,0,3,3,0,82,5.583333333333333,22.65423406060606,82.20022463636361
27255,STATE - MANIPUR,Sound recording and music publishing activities,4,4,0,0,0,0,4,4,0,2,0,2,0,0,0,2,0,2,6,4,22.65423406060606,82.20022463636361
27256,STATE - MANIPUR,Sound recording and music publishing activitiesT,4,4,0,0,0,0,4,4,0,2,0,2,0,0,0,2,0,2,6,4,22.65423406060606,82.20022463636361
27257,STATE - MANIPUR,Broadcasting and programming activities,457,343,114,138,107,31,319,236,83,31,16,15,10,4,6,21,12,9,488,3.008771929824561,22.65423406060606,82.20022463636361
27258,STATE - MANIPUR,Radio broadcasting,198,123,75,61,42,19,137,81,56,16,10,6,10,4,6,6,6,0,214,1.64,22.65423406060606,82.20022463636361
27259,STATE - MANIPUR,Radio broadcasting,198,123,75,61,42,19,137,81,56,16,10,6,10,4,6,6,6,0,214,1.64,22.65423406060606,82.20022463636361
27260,STATE - MANIPUR,Television programming and broadcasting activities,259,220,39,77,65,12,182,155,27,15,6,9,0,0,0,15,6,9,274,5.641025641025641,22.65423406060606,82.20022463636361
27261,STATE - MANIPUR,Television programming and broadcasting activities,259,220,39,77,65,12,182,155,27,15,6,9,0,0,0,15,6,9,274,5.641025641025641,22.65423406060606,82.20022463636361
27262,STATE - MANIPUR,Telecommunications,1757,1554,203,559,486,73,1198,1068,130,235,204,31,97,85,12,138,119,19,1992,7.655172413793103,22.65423406060606,82.20022463636361
27263,STATE - MANIPUR,Wired telecommunications activities,647,568,79,218,183,35,429,385,44,104,83,21,44,33,11,60,50,10,751,7.189873417721519,22.65423406060606,82.20022463636361
27264,STATE - MANIPUR,Wired telecommunications activities,647,568,79,218,183,35,429,385,44,104,83,21,44,33,11,60,50,10,751,7.189873417721519,22.65423406060606,82.20022463636361
27265,STATE - MANIPUR,Wireless telecommunications activities,266,228,38,79,65,14,187,163,24,42,36,6,16,16,0,26,20,6,308,6,22.65423406060606,82.20022463636361
27266,STATE - MANIPUR,Wireless telecommunications activities,266,228,38,79,65,14,187,163,24,42,36,6,16,16,0,26,20,6,308,6,22.65423406060606,82.20022463636361
27267,STATE - MANIPUR,Satellite telecommunications activities,92,90,2,45,43,2,47,47,0,12,12,0,0,0,0,12,12,0,104,45,22.65423406060606,82.20022463636361
27268,STATE - MANIPUR,Satellite telecommunications activities,92,90,2,45,43,2,47,47,0,12,12,0,0,0,0,12,12,0,104,45,22.65423406060606,82.20022463636361
27269,STATE - MANIPUR,Other telecommunications activities,752,668,84,217,195,22,535,473,62,77,73,4,37,36,1,40,37,3,829,7.952380952380952,22.65423406060606,82.20022463636361
27270,STATE - MANIPUR,Other telecommunications activities,752,668,84,217,195,22,535,473,62,77,73,4,37,36,1,40,37,3,829,7.952380952380952,22.65423406060606,82.20022463636361
27271,STATE - MANIPUR,"Computer programming, consultancy and related activities",239,200,39,75,63,12,164,137,27,11,9,2,0,0,0,11,9,2,250,5.128205128205129,22.65423406060606,82.20022463636361
27272,STATE - MANIPUR,"Computer programming, consultancy and related activities",239,200,39,75,63,12,164,137,27,11,9,2,0,0,0,11,9,2,250,5.128205128205129,22.65423406060606,82.20022463636361
27273,STATE - MANIPUR,Computer programming activities,15,9,6,6,0,6,9,9,0,0,0,0,0,0,0,0,0,0,15,1.5,22.65423406060606,82.20022463636361
27274,STATE - MANIPUR,Computer consultancy and computer facilities management activities,181,155,26,51,47,4,130,108,22,11,9,2,0,0,0,11,9,2,192,5.961538461538462,22.65423406060606,82.20022463636361
27275,STATE - MANIPUR,Other information technology and computer service activities,43,36,7,18,16,2,25,20,5,0,0,0,0,0,0,0,0,0,43,5.142857142857143,22.65423406060606,82.20022463636361
27276,STATE - MANIPUR,Information service activities,535,492,43,183,167,16,352,325,27,55,43,12,11,9,2,44,34,10,590,11.44186046511628,22.65423406060606,82.20022463636361
27277,STATE - MANIPUR,"Data processing, hosting and related activities; web portals",195,179,16,66,64,2,129,115,14,35,26,9,5,3,2,30,23,7,230,11.1875,22.65423406060606,82.20022463636361
27278,STATE - MANIPUR,"Data processing, hosting and related activities",170,162,8,60,58,2,110,104,6,33,26,7,5,3,2,28,23,5,203,20.25,22.65423406060606,82.20022463636361
27279,STATE - MANIPUR,Web portals,25,17,8,6,6,0,19,11,8,2,0,2,0,0,0,2,0,2,27,2.125,22.65423406060606,82.20022463636361
27280,STATE - MANIPUR,Other information service activities,340,313,27,117,103,14,223,210,13,20,17,3,6,6,0,14,11,3,360,11.592592592592592,22.65423406060606,82.20022463636361
27281,STATE - MANIPUR,Other information service activities n.e.c.,340,313,27,117,103,14,223,210,13,20,17,3,6,6,0,14,11,3,360,11.592592592592592,22.65423406060606,82.20022463636361
27282,STATE - MANIPUR,"Financial service activities, except insurance and pension funding",2524,1957,567,900,750,150,1624,1207,417,173,123,50,35,26,9,138,97,41,2697,3.451499118165785,22.65423406060606,82.20022463636361
27283,STATE - MANIPUR,Monetary intermediation,2490,1927,563,900,750,150,1590,1177,413,168,120,48,35,26,9,133,94,39,2658,3.422735346358792,22.65423406060606,82.20022463636361
27284,STATE - MANIPUR,Central banking,1,1,0,0,0,0,1,1,0,0,0,0,0,0,0,0,0,0,1,1,22.65423406060606,82.20022463636361
27285,STATE - MANIPUR,Other monetary intermediation,2489,1926,563,900,750,150,1589,1176,413,168,120,48,35,26,9,133,94,39,2657,3.420959147424512,22.65423406060606,82.20022463636361
27286,STATE - MANIPUR,Activities of holding companies,11,9,2,0,0,0,11,9,2,3,3,0,0,0,0,3,3,0,14,4.5,22.65423406060606,82.20022463636361
27287,STATE - MANIPUR,Activities of holding companies,11,9,2,0,0,0,11,9,2,3,3,0,0,0,0,3,3,0,14,4.5,22.65423406060606,82.20022463636361
27288,STATE - MANIPUR,"Trusts, funds and other financial vehicles",8,8,0,0,0,0,8,8,0,0,0,0,0,0,0,0,0,0,8,8,22.65423406060606,82.20022463636361
27289,STATE - MANIPUR,"Trusts, funds and other financial vehicles",8,8,0,0,0,0,8,8,0,0,0,0,0,0,0,0,0,0,8,8,22.65423406060606,82.20022463636361
27290,STATE - MANIPUR,"Other financial service activities, except insurance and pension funding",15,13,2,0,0,0,15,13,2,2,0,2,0,0,0,2,0,2,17,6.5,22.65423406060606,82.20022463636361
27291,STATE - MANIPUR,Financial leasing,1,1,0,0,0,0,1,1,0,0,0,0,0,0,0,0,0,0,1,1,22.65423406060606,82.20022463636361
27292,STATE - MANIPUR,Other credit granting,12,12,0,0,0,0,12,12,0,0,0,0,0,0,0,0,0,0,12,12,22.65423406060606,82.20022463636361
27293,STATE - MANIPUR,"Other financial service activities, except insurance and pension funding",2,0,2,0,0,0,2,0,2,2,0,2,0,0,0,2,0,2,4,0,22.65423406060606,82.20022463636361
27294,STATE - MANIPUR,"Insurance, reinsurance and pension funding, except compulsory social",1014,796,218,328,280,48,686,516,170,80,60,20,7,7,0,73,53,20,1094,3.651376146788991,22.65423406060606,82.20022463636361
27295,STATE - MANIPUR,Insurance,1014,796,218,328,280,48,686,516,170,80,60,20,7,7,0,73,53,20,1094,3.651376146788991,22.65423406060606,82.20022463636361
27296,STATE - MANIPUR,Life insurance,929,734,195,293,247,46,636,487,149,80,60,20,7,7,0,73,53,20,1009,3.764102564102564,22.65423406060606,82.20022463636361
27297,STATE - MANIPUR,Non-life insurance,85,62,23,35,33,2,50,29,21,0,0,0,0,0,0,0,0,0,85,2.6956521739130435,22.65423406060606,82.20022463636361
27298,STATE - MANIPUR,Other financial activities,100,50,50,14,10,4,86,40,46,18,16,2,4,2,2,14,14,0,118,1,22.65423406060606,82.20022463636361
27299,STATE - MANIPUR,Activities auxiliary to insurance and pension funding,20,9,11,0,0,0,20,9,11,5,3,2,2,0,2,3,3,0,25,0.8181818181818182,22.65423406060606,82.20022463636361
27300,STATE - MANIPUR,Activities of insurance agents and brokers,13,6,7,0,0,0,13,6,7,5,3,2,2,0,2,3,3,0,18,0.8571428571428571,22.65423406060606,82.20022463636361
27301,STATE - MANIPUR,Other activities auxiliary to insurance and pension funding,7,3,4,0,0,0,7,3,4,0,0,0,0,0,0,0,0,0,7,0.75,22.65423406060606,82.20022463636361
27302,STATE - MANIPUR,Fund management activities,80,41,39,14,10,4,66,31,35,13,13,0,2,2,0,11,11,0,93,1.051282051282051,22.65423406060606,82.20022463636361
27303,STATE - MANIPUR,Fund management activities,80,41,39,14,10,4,66,31,35,13,13,0,2,2,0,11,11,0,93,1.051282051282051,22.65423406060606,82.20022463636361
27304,STATE - MANIPUR,Real estate activities,14,8,6,5,3,2,9,5,4,0,0,0,0,0,0,0,0,0,14,1.3333333333333333,22.65423406060606,82.20022463636361
27305,STATE - MANIPUR,Real estate activities with own or leased property,2,2,0,2,2,0,0,0,0,0,0,0,0,0,0,0,0,0,2,2,22.65423406060606,82.20022463636361
27306,STATE - MANIPUR,Real estate activities with own or leased property,2,2,0,2,2,0,0,0,0,0,0,0,0,0,0,0,0,0,2,2,22.65423406060606,82.20022463636361
27307,STATE - MANIPUR,Real estate activities on a fee or contract basis,12,6,6,3,1,2,9,5,4,0,0,0,0,0,0,0,0,0,12,1,22.65423406060606,82.20022463636361
27308,STATE - MANIPUR,Real estate activities on a fee or contract basis,12,6,6,3,1,2,9,5,4,0,0,0,0,0,0,0,0,0,12,1,22.65423406060606,82.20022463636361
27309,STATE - MANIPUR,Legal and accounting activities,1149,879,270,295,221,74,854,658,196,98,81,17,18,10,8,80,71,9,1247,3.2555555555555555,22.65423406060606,82.20022463636361
27310,STATE - MANIPUR,Legal activities,1114,856,258,285,213,72,829,643,186,92,75,17,18,10,8,74,65,9,1206,3.317829457364341,22.65423406060606,82.20022463636361
27311,STATE - MANIPUR,Legal activities,1114,856,258,285,213,72,829,643,186,92,75,17,18,10,8,74,65,9,1206,3.317829457364341,22.65423406060606,82.20022463636361
27312,STATE - MANIPUR,"Accounting, bookkeeping and auditing activities; tax consultancy",35,23,12,10,8,2,25,15,10,6,6,0,0,0,0,6,6,0,41,1.9166666666666667,22.65423406060606,82.20022463636361
27313,STATE - MANIPUR,"Accounting, bookkeeping and auditing activities; tax consultancy",35,23,12,10,8,2,25,15,10,6,6,0,0,0,0,6,6,0,41,1.9166666666666667,22.65423406060606,82.20022463636361
27314,STATE - MANIPUR,Activities of head offices; management consultancy activities,2,0,2,0,0,0,2,0,2,0,0,0,0,0,0,0,0,0,2,0,22.65423406060606,82.20022463636361
27315,STATE - MANIPUR,Activities of head offices,2,0,2,0,0,0,2,0,2,0,0,0,0,0,0,0,0,0,2,0,22.65423406060606,82.20022463636361
27316,STATE - MANIPUR,Activities of head offices,2,0,2,0,0,0,2,0,2,0,0,0,0,0,0,0,0,0,2,0,22.65423406060606,82.20022463636361
27317,STATE - MANIPUR,Architecture and engineering activities; technical testing and analysis,24,19,5,11,11,0,13,8,5,3,3,0,2,2,0,1,1,0,27,3.8,22.65423406060606,82.20022463636361
27318,STATE - MANIPUR,Architectural and engineering activities and related technical consultancy,19,14,5,8,8,0,11,6,5,3,3,0,2,2,0,1,1,0,22,2.8,22.65423406060606,82.20022463636361
27319,STATE - MANIPUR,Architectural and engineering activities and related technical,19,14,5,8,8,0,11,6,5,3,3,0,2,2,0,1,1,0,22,2.8,22.65423406060606,82.20022463636361
27320,STATE - MANIPUR,Technical testing and analysis,5,5,0,3,3,0,2,2,0,0,0,0,0,0,0,0,0,0,5,5,22.65423406060606,82.20022463636361
27321,STATE - MANIPUR,Technical testing and analysis,5,5,0,3,3,0,2,2,0,0,0,0,0,0,0,0,0,0,5,5,22.65423406060606,82.20022463636361
27322,STATE - MANIPUR,Scientific research and development,35,29,6,9,9,0,26,20,6,3,0,3,0,0,0,3,0,3,38,4.833333333333333,22.65423406060606,82.20022463636361
27323,STATE - MANIPUR,Research and experimental development on natural sciences and,24,21,3,9,9,0,15,12,3,2,0,2,0,0,0,2,0,2,26,7,22.65423406060606,82.20022463636361
27324,STATE - MANIPUR,Research and experimental development on natural sciences and,24,21,3,9,9,0,15,12,3,2,0,2,0,0,0,2,0,2,26,7,22.65423406060606,82.20022463636361
27325,STATE - MANIPUR,Research and experimental development on social sciences and humanities,11,8,3,0,0,0,11,8,3,1,0,1,0,0,0,1,0,1,12,2.6666666666666665,22.65423406060606,82.20022463636361
27326,STATE - MANIPUR,Research and experimental development on social sciences and,11,8,3,0,0,0,11,8,3,1,0,1,0,0,0,1,0,1,12,2.6666666666666665,22.65423406060606,82.20022463636361
27327,STATE - MANIPUR,Advertising and market research,81,73,8,18,18,0,63,55,8,12,12,0,0,0,0,12,12,0,93,9.125,22.65423406060606,82.20022463636361
27328,STATE - MANIPUR,Advertising,69,64,5,18,18,0,51,46,5,12,12,0,0,0,0,12,12,0,81,12.8,22.65423406060606,82.20022463636361
27329,STATE - MANIPUR,Advertising,69,64,5,18,18,0,51,46,5,12,12,0,0,0,0,12,12,0,81,12.8,22.65423406060606,82.20022463636361
27330,STATE - MANIPUR,Market research and public opinion polling,12,9,3,0,0,0,12,9,3,0,0,0,0,0,0,0,0,0,12,3,22.65423406060606,82.20022463636361
27331,STATE - MANIPUR,Market research and public opinion polling,12,9,3,0,0,0,12,9,3,0,0,0,0,0,0,0,0,0,12,3,22.65423406060606,82.20022463636361
27332,STATE - MANIPUR,"Other professional, scientific and technical activities",387,334,53,137,115,22,250,219,31,82,58,24,25,9,16,57,49,8,469,6.30188679245283,22.65423406060606,82.20022463636361
27333,STATE - MANIPUR,Specialized design activities,65,22,43,26,8,18,39,14,25,25,8,17,14,2,12,11,6,5,90,0.5116279069767442,22.65423406060606,82.20022463636361
27334,STATE - MANIPUR,Specialized design activities,65,22,43,26,8,18,39,14,25,25,8,17,14,2,12,11,6,5,90,0.5116279069767442,22.65423406060606,82.20022463636361
27335,STATE - MANIPUR,"Other professional, scientific and technical activities n.e.c.",33,25,8,10,8,2,23,17,6,8,3,5,2,0,2,6,3,3,41,3.125,22.65423406060606,82.20022463636361
27336,STATE - MANIPUR,"Other professional, scientific and technical activities n.e.c.",33,25,8,10,8,2,23,17,6,8,3,5,2,0,2,6,3,3,41,3.125,22.65423406060606,82.20022463636361
27337,STATE - MANIPUR,Veterinary activities,1374,1156,218,739,647,92,635,509,126,25,16,9,11,5,6,14,11,3,1399,5.302752293577981,22.65423406060606,82.20022463636361
27338,STATE - MANIPUR,Veterinary activities,1374,1156,218,739,647,92,635,509,126,25,16,9,11,5,6,14,11,3,1399,5.302752293577981,22.65423406060606,82.20022463636361
27339,STATE - MANIPUR,Veterinary activities,1374,1156,218,739,647,92,635,509,126,25,16,9,11,5,6,14,11,3,1399,5.302752293577981,22.65423406060606,82.20022463636361
27340,STATE - MANIPUR,Rental and leasing activities,161,147,14,51,49,2,110,98,12,26,24,2,7,7,0,19,17,2,187,10.5,22.65423406060606,82.20022463636361
27341,STATE - MANIPUR,Renting and leasing of motor vehicles,84,82,2,29,27,2,55,55,0,4,4,0,1,1,0,3,3,0,88,41,22.65423406060606,82.20022463636361
27342,STATE - MANIPUR,Renting and leasing of motor vehicles,84,82,2,29,27,2,55,55,0,4,4,0,1,1,0,3,3,0,88,41,22.65423406060606,82.20022463636361
27343,STATE - MANIPUR,Renting and leasing of personal and household goods,73,63,10,20,20,0,53,43,10,22,20,2,6,6,0,16,14,2,95,6.3,22.65423406060606,82.20022463636361
27344,STATE - MANIPUR,Renting and leasing of other personal and household goods n.e.c.,73,63,10,20,20,0,53,43,10,22,20,2,6,6,0,16,14,2,95,6.3,22.65423406060606,82.20022463636361
27345,STATE - MANIPUR,"Renting and leasing of other machinery, equipment and tangible goods",2,2,0,2,2,0,0,0,0,0,0,0,0,0,0,0,0,0,2,2,22.65423406060606,82.20022463636361
27346,STATE - MANIPUR,"Renting and leasing of other machinery, equipment and tangible goods",2,2,0,2,2,0,0,0,0,0,0,0,0,0,0,0,0,0,2,2,22.65423406060606,82.20022463636361
27347,STATE - MANIPUR,Leasing of nonfinancial intangible assets,2,0,2,0,0,0,2,0,2,0,0,0,0,0,0,0,0,0,2,0,22.65423406060606,82.20022463636361
27348,STATE - MANIPUR,Leasing of nonfinancial intangible assets,2,0,2,0,0,0,2,0,2,0,0,0,0,0,0,0,0,0,2,0,22.65423406060606,82.20022463636361
27349,STATE - MANIPUR,Employment activities,5,0,5,0,0,0,5,0,5,0,0,0,0,0,0,0,0,0,5,0,22.65423406060606,82.20022463636361
27350,STATE - MANIPUR,Activities of employment placement agencies,3,0,3,0,0,0,3,0,3,0,0,0,0,0,0,0,0,0,3,0,22.65423406060606,82.20022463636361
27351,STATE - MANIPUR,Activities of employment placement agencies,3,0,3,0,0,0,3,0,3,0,0,0,0,0,0,0,0,0,3,0,22.65423406060606,82.20022463636361
27352,STATE - MANIPUR,Temporary employment agency activities,2,0,2,0,0,0,2,0,2,0,0,0,0,0,0,0,0,0,2,0,22.65423406060606,82.20022463636361
27353,STATE - MANIPUR,Temporary employment agency activities,2,0,2,0,0,0,2,0,2,0,0,0,0,0,0,0,0,0,2,0,22.65423406060606,82.20022463636361
27354,STATE - MANIPUR,"Travel agency, tour operator and other reservation service activities",109,96,13,24,22,2,85,74,11,8,8,0,6,6,0,2,2,0,117,7.384615384615385,22.65423406060606,82.20022463636361
27355,STATE - MANIPUR,Travel agency and tour operator activities,100,87,13,18,16,2,82,71,11,8,8,0,6,6,0,2,2,0,108,6.6923076923076925,22.65423406060606,82.20022463636361
27356,STATE - MANIPUR,Travel agency activities,76,68,8,10,8,2,66,60,6,8,8,0,6,6,0,2,2,0,84,8.5,22.65423406060606,82.20022463636361
27357,STATE - MANIPUR,Tour operator activities,24,19,5,8,8,0,16,11,5,0,0,0,0,0,0,0,0,0,24,3.8,22.65423406060606,82.20022463636361
27358,STATE - MANIPUR,Other reservation service activities,9,9,0,6,6,0,3,3,0,0,0,0,0,0,0,0,0,0,9,9,22.65423406060606,82.20022463636361
27359,STATE - MANIPUR,Other reservation service and related activities,9,9,0,6,6,0,3,3,0,0,0,0,0,0,0,0,0,0,9,9,22.65423406060606,82.20022463636361
27360,STATE - MANIPUR,Security and investigation activities,313,282,31,158,146,12,155,136,19,43,31,12,25,19,6,18,12,6,356,9.096774193548388,22.65423406060606,82.20022463636361
27361,STATE - MANIPUR,Private security activities,274,253,21,142,132,10,132,121,11,30,18,12,14,8,6,16,10,6,304,12.047619047619047,22.65423406060606,82.20022463636361
27362,STATE - MANIPUR,Private security activities,274,253,21,142,132,10,132,121,11,30,18,12,14,8,6,16,10,6,304,12.047619047619047,22.65423406060606,82.20022463636361
27363,STATE - MANIPUR,Security systems service activities,37,29,8,16,14,2,21,15,6,13,13,0,11,11,0,2,2,0,50,3.625,22.65423406060606,82.20022463636361
27364,STATE - MANIPUR,Security systems service activities,37,29,8,16,14,2,21,15,6,13,13,0,11,11,0,2,2,0,50,3.625,22.65423406060606,82.20022463636361
27365,STATE - MANIPUR,Investigation activities,2,0,2,0,0,0,2,0,2,0,0,0,0,0,0,0,0,0,2,0,22.65423406060606,82.20022463636361
27366,STATE - MANIPUR,Investigation activities,2,0,2,0,0,0,2,0,2,0,0,0,0,0,0,0,0,0,2,0,22.65423406060606,82.20022463636361
27367,STATE - MANIPUR,Services to buildings and landscape activities,46,34,12,16,14,2,30,20,10,20,6,14,18,6,12,2,0,2,66,2.833333333333333,22.65423406060606,82.20022463636361
27368,STATE - MANIPUR,Combined facilities support activities,5,2,3,3,2,1,2,0,2,0,0,0,0,0,0,0,0,0,5,0.6666666666666666,22.65423406060606,82.20022463636361
27369,STATE - MANIPUR,Combined facilities support activities,5,2,3,3,2,1,2,0,2,0,0,0,0,0,0,0,0,0,5,0.6666666666666666,22.65423406060606,82.20022463636361
27370,STATE - MANIPUR,Cleaning activities,41,32,9,13,12,1,28,20,8,20,6,14,18,6,12,2,0,2,61,3.555555555555556,22.65423406060606,82.20022463636361
27371,STATE - MANIPUR,General cleaning of buildings,17,14,3,7,6,1,10,8,2,6,0,6,4,0,4,2,0,2,23,4.666666666666667,22.65423406060606,82.20022463636361
27372,STATE - MANIPUR,Other building and industrial cleaning activities,24,18,6,6,6,0,18,12,6,14,6,8,14,6,8,0,0,0,38,3,22.65423406060606,82.20022463636361
27373,STATE - MANIPUR,"Office administrative, office support and other business support activities",9593,7268,2325,4094,3076,1018,5499,4192,1307,1825,1256,569,908,561,347,917,695,222,11418,3.126021505376344,22.65423406060606,82.20022463636361
27374,STATE - MANIPUR,Office administrative and support activities,81,70,11,14,14,0,67,56,11,26,17,9,23,17,6,3,0,3,107,6.363636363636363,22.65423406060606,82.20022463636361
27375,STATE - MANIPUR,Combined office administrative service activities,8,8,0,8,8,0,0,0,0,0,0,0,0,0,0,0,0,0,8,8,22.65423406060606,82.20022463636361
27376,STATE - MANIPUR,"Photocopying, document preparation and other specialized office",73,62,11,6,6,0,67,56,11,26,17,9,23,17,6,3,0,3,99,5.636363636363637,22.65423406060606,82.20022463636361
27377,STATE - MANIPUR,Activities of call centres,160,94,66,66,31,35,94,63,31,33,14,19,25,11,14,8,3,5,193,1.4242424242424243,22.65423406060606,82.20022463636361
27378,STATE - MANIPUR,Activities of call centres,160,94,66,66,31,35,94,63,31,33,14,19,25,11,14,8,3,5,193,1.4242424242424243,22.65423406060606,82.20022463636361
27379,STATE - MANIPUR,Organization of conventions and trade shows,2,2,0,0,0,0,2,2,0,0,0,0,0,0,0,0,0,0,2,2,22.65423406060606,82.20022463636361
27380,STATE - MANIPUR,Organization of conventions and trade shows,2,2,0,0,0,0,2,2,0,0,0,0,0,0,0,0,0,0,2,2,22.65423406060606,82.20022463636361
27381,STATE - MANIPUR,Business support service activities n.e.c.,9350,7102,2248,4014,3031,983,5336,4071,1265,1766,1225,541,860,533,327,906,692,214,11116,3.159252669039146,22.65423406060606,82.20022463636361
27382,STATE - MANIPUR,Activities of collection agencies and credit bureaus,18,18,0,2,2,0,16,16,0,2,0,2,2,0,2,0,0,0,20,18,22.65423406060606,82.20022463636361
27383,STATE - MANIPUR,Packaging activities,25,17,8,18,12,6,7,5,2,1,1,0,0,0,0,1,1,0,26,2.125,22.65423406060606,82.20022463636361
27384,STATE - MANIPUR,Other business support service activities n.e.c.,9307,7067,2240,3994,3017,977,5313,4050,1263,1763,1224,539,858,533,325,905,691,214,11070,3.1549107142857142,22.65423406060606,82.20022463636361
27385,STATE - MANIPUR,Administration of the State and the economic and social policy of the,25276,19753,5523,11264,9272,1992,14012,10481,3531,876,612,264,389,279,110,487,333,154,26152,3.576498279920333,22.65423406060606,82.20022463636361
27386,STATE - MANIPUR,General public administration activities,25021,19573,5448,11151,9185,1966,13870,10388,3482,872,610,262,385,277,108,487,333,154,25893,3.5926945668135097,22.65423406060606,82.20022463636361
27387,STATE - MANIPUR,"Regulation of the activities of providing health care, education, cultural",226,161,65,103,83,20,123,78,45,4,2,2,4,2,2,0,0,0,230,2.476923076923077,22.65423406060606,82.20022463636361
27388,STATE - MANIPUR,Regulation of and contribution to more efficient operation of,29,19,10,10,4,6,19,15,4,0,0,0,0,0,0,0,0,0,29,1.9,22.65423406060606,82.20022463636361
27389,STATE - MANIPUR,Provision of services to the community as a whole,50845,49575,1270,36089,35345,744,14756,14230,526,1114,877,237,682,603,79,432,274,158,51959,39.03543307086614,22.65423406060606,82.20022463636361
27390,STATE - MANIPUR,Foreign affairs,53,52,1,24,24,0,29,28,1,7,6,1,0,0,0,7,6,1,60,52,22.65423406060606,82.20022463636361
27391,STATE - MANIPUR,Defence activities,43110,42097,1013,30986,30387,599,12124,11710,414,966,746,220,586,509,77,380,237,143,44076,41.55676209279368,22.65423406060606,82.20022463636361
27392,STATE - MANIPUR,Public order and safety activities,7682,7426,256,5079,4934,145,2603,2492,111,141,125,16,96,94,2,45,31,14,7823,29.0078125,22.65423406060606,82.20022463636361
27393,STATE - MANIPUR,Compulsory social security activities,14918,13984,934,8485,8135,350,6433,5849,584,371,356,15,243,231,12,128,125,3,15289,14.972162740899355,22.65423406060606,82.20022463636361
27394,STATE - MANIPUR,Compulsory social security activities,14918,13984,934,8485,8135,350,6433,5849,584,371,356,15,243,231,12,128,125,3,15289,14.972162740899355,22.65423406060606,82.20022463636361
27395,STATE - MANIPUR,Education,50380,28930,21450,26340,16509,9831,24040,12421,11619,5385,2765,2620,3271,1824,1447,2114,941,1173,55765,1.3487179487179488,22.65423406060606,82.20022463636361
27396,STATE - MANIPUR,Primary education,26515,14509,12006,15588,9370,6218,10927,5139,5788,2191,1083,1108,1452,750,702,739,333,406,28706,1.20847909378644,22.65423406060606,82.20022463636361
27397,STATE - MANIPUR,Primary education,26515,14509,12006,15588,9370,6218,10927,5139,5788,2191,1083,1108,1452,750,702,739,333,406,28706,1.20847909378644,22.65423406060606,82.20022463636361
27398,STATE - MANIPUR,Secondary education,11715,6913,4802,5476,3721,1755,6239,3192,3047,739,372,367,410,249,161,329,123,206,12454,1.4396084964598084,22.65423406060606,82.20022463636361
27399,STATE - MANIPUR,General secondary education,11645,6877,4768,5440,3704,1736,6205,3173,3032,725,368,357,398,247,151,327,121,206,12370,1.4423238255033557,22.65423406060606,82.20022463636361
27400,STATE - MANIPUR,Technical and vocational secondary education,70,36,34,36,17,19,34,19,15,14,4,10,12,2,10,2,2,0,84,1.0588235294117647,22.65423406060606,82.20022463636361
27401,STATE - MANIPUR,Higher education,4447,2686,1761,1420,944,476,3027,1742,1285,228,95,133,60,32,28,168,63,105,4675,1.5252697331061895,22.65423406060606,82.20022463636361
27402,STATE - MANIPUR,Higher education,4447,2686,1761,1420,944,476,3027,1742,1285,228,95,133,60,32,28,168,63,105,4675,1.5252697331061895,22.65423406060606,82.20022463636361
27403,STATE - MANIPUR,Other education,4768,2747,2021,2471,1487,984,2297,1260,1037,2033,1117,916,1240,749,491,793,368,425,6801,1.359228104898565,22.65423406060606,82.20022463636361
27404,STATE - MANIPUR,Sports and recreation education,89,68,21,30,18,12,59,50,9,2,0,2,0,0,0,2,0,2,91,3.238095238095238,22.65423406060606,82.20022463636361
27405,STATE - MANIPUR,Cultural education,93,77,16,21,19,2,72,58,14,18,9,9,4,0,4,14,9,5,111,4.8125,22.65423406060606,82.20022463636361
27406,STATE - MANIPUR,Other education n.e.c.,4586,2602,1984,2420,1450,970,2166,1152,1014,2013,1108,905,1236,749,487,777,359,418,6599,1.311491935483871,22.65423406060606,82.20022463636361
27407,STATE - MANIPUR,Educational support services,2935,2075,860,1385,987,398,1550,1088,462,194,98,96,109,44,65,85,54,31,3129,2.4127906976744184,22.65423406060606,82.20022463636361
27408,STATE - MANIPUR,Educational support services,2935,2075,860,1385,987,398,1550,1088,462,194,98,96,109,44,65,85,54,31,3129,2.4127906976744184,22.65423406060606,82.20022463636361
27409,STATE - MANIPUR,Human health activities,18051,5746,12305,8087,2258,5829,9964,3488,6476,1296,289,1007,668,156,512,628,133,495,19347,0.4669646485168631,22.65423406060606,82.20022463636361
27410,STATE - MANIPUR,Hospital activities,6971,3196,3775,2816,1252,1564,4155,1944,2211,376,116,260,163,66,97,213,50,163,7347,0.8466225165562914,22.65423406060606,82.20022463636361
27411,STATE - MANIPUR,Hospital activities,6971,3196,3775,2816,1252,1564,4155,1944,2211,376,116,260,163,66,97,213,50,163,7347,0.8466225165562914,22.65423406060606,82.20022463636361
27412,STATE - MANIPUR,Medical and dental practice activities,1122,706,416,340,238,102,782,468,314,98,61,37,58,39,19,40,22,18,1220,1.6971153846153846,22.65423406060606,82.20022463636361
27413,STATE - MANIPUR,Medical and dental practice activities,1122,706,416,340,238,102,782,468,314,98,61,37,58,39,19,40,22,18,1220,1.6971153846153846,22.65423406060606,82.20022463636361
27414,STATE - MANIPUR,Other human health activities,9958,1844,8114,4931,768,4163,5027,1076,3951,822,112,710,447,51,396,375,61,314,10780,0.2272615232930737,22.65423406060606,82.20022463636361
27415,STATE - MANIPUR,Other human health activities,9958,1844,8114,4931,768,4163,5027,1076,3951,822,112,710,447,51,396,375,61,314,10780,0.2272615232930737,22.65423406060606,82.20022463636361
27416,STATE - MANIPUR,Residential care activities,33,17,16,24,16,8,9,1,8,2,0,2,2,0,2,0,0,0,35,1.0625,22.65423406060606,82.20022463636361
27417,STATE - MANIPUR,"Residential care activities for mental retardation, mental health and substance",15,6,9,14,6,8,1,0,1,0,0,0,0,0,0,0,0,0,15,0.6666666666666666,22.65423406060606,82.20022463636361
27418,STATE - MANIPUR,"Residential care activities for mental retardation, mental health and",15,6,9,14,6,8,1,0,1,0,0,0,0,0,0,0,0,0,15,0.6666666666666666,22.65423406060606,82.20022463636361
27419,STATE - MANIPUR,Residential care activities for the elderly and disabled,3,3,0,2,2,0,1,1,0,2,0,2,2,0,2,0,0,0,5,3,22.65423406060606,82.20022463636361
27420,STATE - MANIPUR,Residential care activities for the elderly and disabled,3,3,0,2,2,0,1,1,0,2,0,2,2,0,2,0,0,0,5,3,22.65423406060606,82.20022463636361
27421,STATE - MANIPUR,Other residential care activities n.e.c.,15,8,7,8,8,0,7,0,7,0,0,0,0,0,0,0,0,0,15,1.1428571428571428,22.65423406060606,82.20022463636361
27422,STATE - MANIPUR,Other residential care activities n.e.c.,15,8,7,8,8,0,7,0,7,0,0,0,0,0,0,0,0,0,15,1.1428571428571428,22.65423406060606,82.20022463636361
27423,STATE - MANIPUR,Social work activities without accommodation,4553,2509,2044,2340,1328,1012,2213,1181,1032,671,404,267,368,248,120,303,156,147,5224,1.227495107632094,22.65423406060606,82.20022463636361
27424,STATE - MANIPUR,Social work activities without accommodation for the elderly and disabled,548,345,203,226,154,72,322,191,131,76,49,27,48,40,8,28,9,19,624,1.6995073891625616,22.65423406060606,82.20022463636361
27425,STATE - MANIPUR,Social work activities without accommodation for the elderly and,548,345,203,226,154,72,322,191,131,76,49,27,48,40,8,28,9,19,624,1.6995073891625616,22.65423406060606,82.20022463636361
27426,STATE - MANIPUR,Other social work activities without accommodation n.e.c.,4005,2164,1841,2114,1174,940,1891,990,901,595,355,240,320,208,112,275,147,128,4600,1.1754481260184682,22.65423406060606,82.20022463636361
27427,STATE - MANIPUR,Other social work activities without accommodation n.e.c.,4005,2164,1841,2114,1174,940,1891,990,901,595,355,240,320,208,112,275,147,128,4600,1.1754481260184682,22.65423406060606,82.20022463636361
27428,STATE - MANIPUR,"Creative, arts and entertainment activities",1612,1359,253,664,591,73,948,768,180,532,382,150,221,161,60,311,221,90,2144,5.371541501976284,22.65423406060606,82.20022463636361
27429,STATE - MANIPUR,"Creative, arts and entertainment activities",1612,1359,253,664,591,73,948,768,180,532,382,150,221,161,60,311,221,90,2144,5.371541501976284,22.65423406060606,82.20022463636361
27430,STATE - MANIPUR,"Dramatic arts, music and other arts activities",1612,1359,253,664,591,73,948,768,180,532,382,150,221,161,60,311,221,90,2144,5.371541501976284,22.65423406060606,82.20022463636361
27431,STATE - MANIPUR,"Libraries, archives, museums and other cultural activities",123,60,63,20,14,6,103,46,57,21,9,12,8,6,2,13,3,10,144,0.9523809523809524,22.65423406060606,82.20022463636361
27432,STATE - MANIPUR,"Libraries, archives, museums and other cultural activities",123,60,63,20,14,6,103,46,57,21,9,12,8,6,2,13,3,10,144,0.9523809523809524,22.65423406060606,82.20022463636361
27433,STATE - MANIPUR,Library and archives activities,106,46,60,20,14,6,86,32,54,6,0,6,2,0,2,4,0,4,112,0.7666666666666667,22.65423406060606,82.20022463636361
27434,STATE - MANIPUR,Museums activities and operation of historical sites and buildings,9,6,3,0,0,0,9,6,3,9,3,6,0,0,0,9,3,6,18,2,22.65423406060606,82.20022463636361
27435,STATE - MANIPUR,Botanical and zoological gardens and nature reserves activities,8,8,0,0,0,0,8,8,0,6,6,0,6,6,0,0,0,0,14,8,22.65423406060606,82.20022463636361
27436,STATE - MANIPUR,Gambling and betting activities,7,3,4,0,0,0,7,3,4,7,6,1,6,6,0,1,0,1,14,0.75,22.65423406060606,82.20022463636361
27437,STATE - MANIPUR,Gambling and betting activities,7,3,4,0,0,0,7,3,4,7,6,1,6,6,0,1,0,1,14,0.75,22.65423406060606,82.20022463636361
27438,STATE - MANIPUR,Gambling and betting activities,7,3,4,0,0,0,7,3,4,7,6,1,6,6,0,1,0,1,14,0.75,22.65423406060606,82.20022463636361
27439,STATE - MANIPUR,Sports activities and amusement and recreation activities,948,739,209,348,292,56,600,447,153,361,262,99,196,159,37,165,103,62,1309,3.535885167464115,22.65423406060606,82.20022463636361
27440,STATE - MANIPUR,Sports activities,496,388,108,142,122,20,354,266,88,129,109,20,76,72,4,53,37,16,625,3.592592592592593,22.65423406060606,82.20022463636361
27441,STATE - MANIPUR,Operation of sports facilities,88,73,15,26,22,4,62,51,11,27,22,5,10,10,0,17,12,5,115,4.866666666666666,22.65423406060606,82.20022463636361
27442,STATE - MANIPUR,Activities of sports clubs,50,46,4,32,30,2,18,16,2,18,18,0,16,16,0,2,2,0,68,11.5,22.65423406060606,82.20022463636361
27443,STATE - MANIPUR,Other sports activities,358,269,89,84,70,14,274,199,75,84,69,15,50,46,4,34,23,11,442,3.02247191011236,22.65423406060606,82.20022463636361
27444,STATE - MANIPUR,Other amusement and recreation activities,452,351,101,206,170,36,246,181,65,232,153,79,120,87,33,112,66,46,684,3.4752475247524752,22.65423406060606,82.20022463636361
27445,STATE - MANIPUR,Activities of amusement parks and theme parks,2,0,2,0,0,0,2,0,2,0,0,0,0,0,0,0,0,0,2,0,22.65423406060606,82.20022463636361
27446,STATE - MANIPUR,Other amusement and recreation activities n.e.c.,450,351,99,206,170,36,244,181,63,232,153,79,120,87,33,112,66,46,682,3.5454545454545454,22.65423406060606,82.20022463636361
27447,STATE - MANIPUR,Activities of membership organizations,4376,3642,734,2820,2398,422,1556,1244,312,717,585,132,445,373,72,272,212,60,5093,4.961852861035422,22.65423406060606,82.20022463636361
27448,STATE - MANIPUR,"Activities of business, employers and professional membership",12,6,6,7,5,2,5,1,4,23,17,6,22,16,6,1,1,0,35,1,22.65423406060606,82.20022463636361
27449,STATE - MANIPUR,Activities of business and employers membership organizations,10,6,4,5,5,0,5,1,4,23,17,6,22,16,6,1,1,0,33,1.5,22.65423406060606,82.20022463636361
27450,STATE - MANIPUR,Activities of professional membership organizations,2,0,2,2,0,2,0,0,0,0,0,0,0,0,0,0,0,0,2,0,22.65423406060606,82.20022463636361
27451,STATE - MANIPUR,Activities of trade unions,5,5,0,2,2,0,3,3,0,3,1,2,2,0,2,1,1,0,8,5,22.65423406060606,82.20022463636361
27452,STATE - MANIPUR,Activities of trade unions,5,5,0,2,2,0,3,3,0,3,1,2,2,0,2,1,1,0,8,5,22.65423406060606,82.20022463636361
27453,STATE - MANIPUR,Activities of other membership organizations,4359,3631,728,2811,2391,420,1548,1240,308,691,567,124,421,357,64,270,210,60,5050,4.987637362637362,22.65423406060606,82.20022463636361
27454,STATE - MANIPUR,Activities of religious organizations,2977,2577,400,2050,1786,264,927,791,136,476,378,98,289,239,50,187,139,48,3453,6.4425,22.65423406060606,82.20022463636361
27455,STATE - MANIPUR,Activities of political organizations,954,725,229,553,418,135,401,307,94,163,144,19,100,88,12,63,56,7,1117,3.165938864628821,22.65423406060606,82.20022463636361
27456,STATE - MANIPUR,Activities of other membership organizations n.e.c.,428,329,99,208,187,21,220,142,78,52,45,7,32,30,2,20,15,5,480,3.323232323232323,22.65423406060606,82.20022463636361
27457,STATE - MANIPUR,Repair of computers and personal and household goods,2217,1813,404,868,740,128,1349,1073,276,580,330,250,278,148,130,302,182,120,2797,4.487623762376238,22.65423406060606,82.20022463636361
27458,STATE - MANIPUR,Repair of computers and communication equipment,287,264,23,118,114,4,169,150,19,38,38,0,18,18,0,20,20,0,325,11.478260869565217,22.65423406060606,82.20022463636361
27459,STATE - MANIPUR,Repair of computers and peripheral equipment,121,103,18,42,38,4,79,65,14,14,14,0,4,4,0,10,10,0,135,5.722222222222222,22.65423406060606,82.20022463636361
27460,STATE - MANIPUR,Repair of communication equipment,166,161,5,76,76,0,90,85,5,24,24,0,14,14,0,10,10,0,190,32.2,22.65423406060606,82.20022463636361
27461,STATE - MANIPUR,Repair of personal and household goods,1930,1549,381,750,626,124,1180,923,257,542,292,250,260,130,130,282,162,120,2472,4.065616797900263,22.65423406060606,82.20022463636361
27462,STATE - MANIPUR,Repair of consumer electronics,264,202,62,86,61,25,178,141,37,62,19,43,31,13,18,31,6,25,326,3.2580645161290325,22.65423406060606,82.20022463636361
27463,STATE - MANIPUR,Repair of household appliances and home and garden equipment,100,76,24,6,6,0,94,70,24,70,54,16,28,16,12,42,38,4,170,3.1666666666666665,22.65423406060606,82.20022463636361
27464,STATE - MANIPUR,Repair of footwear and leather goods,72,72,0,30,30,0,42,42,0,8,8,0,8,8,0,0,0,0,80,72,22.65423406060606,82.20022463636361
27465,STATE - MANIPUR,"Repair of personal and household goods, n.e.c.",1494,1199,295,628,529,99,866,670,196,402,211,191,193,93,100,209,118,91,1896,4.064406779661017,22.65423406060606,82.20022463636361
27466,STATE - MANIPUR,Other personal service activities,3694,2388,1306,1745,1195,550,1949,1193,756,840,436,404,348,152,196,492,284,208,4534,1.8284839203675345,22.65423406060606,82.20022463636361
27467,STATE - MANIPUR,Other personal service activities,3694,2388,1306,1745,1195,550,1949,1193,756,840,436,404,348,152,196,492,284,208,4534,1.8284839203675345,22.65423406060606,82.20022463636361
27468,STATE - MANIPUR,Washing and (dry-) cleaning of textile and fur products,90,54,36,14,10,4,76,44,32,50,20,30,14,2,12,36,18,18,140,1.5,22.65423406060606,82.20022463636361
27469,STATE - MANIPUR,Hairdressing and other beauty treatment,1230,409,821,497,193,304,733,216,517,332,73,259,151,26,125,181,47,134,1562,0.4981729598051157,22.65423406060606,82.20022463636361
27470,STATE - MANIPUR,Funeral and related activities,1,1,0,0,0,0,1,1,0,0,0,0,0,0,0,0,0,0,1,1,22.65423406060606,82.20022463636361
27471,STATE - MANIPUR,Other personal service activities n.e.c.,2373,1924,449,1234,992,242,1139,932,207,458,343,115,183,124,59,275,219,56,2831,4.285077951002227,22.65423406060606,82.20022463636361
27472,STATE - MANIPUR,Activities of households as employers of domestic personnel,1241,358,883,792,159,633,449,199,250,1144,264,880,704,130,574,440,134,306,2385,0.4054360135900339,22.65423406060606,82.20022463636361
27473,STATE - MANIPUR,Activities of households as employers of domestic personnel,1241,358,883,792,159,633,449,199,250,1144,264,880,704,130,574,440,134,306,2385,0.4054360135900339,22.65423406060606,82.20022463636361
27474,STATE - MANIPUR,Activities of households as employers of domestic personnel,1241,358,883,792,159,633,449,199,250,1144,264,880,704,130,574,440,134,306,2385,0.4054360135900339,22.65423406060606,82.20022463636361
27475,STATE - MANIPUR,Undifferentiated goods- and services-producing activities of private,25,3,22,20,0,20,5,3,2,11,9,2,9,7,2,2,2,0,36,0.1363636363636363,22.65423406060606,82.20022463636361
27476,STATE - MANIPUR,Undifferentiated goods-producing activities of private households for own,5,3,2,2,0,2,3,3,0,11,9,2,9,7,2,2,2,0,16,1.5,22.65423406060606,82.20022463636361
27477,STATE - MANIPUR,Undifferentiated goods-producing activities of private households for own,5,3,2,2,0,2,3,3,0,11,9,2,9,7,2,2,2,0,16,1.5,22.65423406060606,82.20022463636361
27478,STATE - MANIPUR,Undifferentiated service-producing activities of private households for own,20,0,20,18,0,18,2,0,2,0,0,0,0,0,0,0,0,0,20,0,22.65423406060606,82.20022463636361
27479,STATE - MANIPUR,Undifferentiated service-producing activities of private households for own,20,0,20,18,0,18,2,0,2,0,0,0,0,0,0,0,0,0,20,0,22.65423406060606,82.20022463636361
27480,STATE - MANIPUR,Blank,16019,8832,7187,9370,5127,4243,6649,3705,2944,25104,11233,13871,16005,7509,8496,9099,3724,5375,41123,1.2288854876861,22.65423406060606,82.20022463636361
27481,STATE - MANIPUR,Blank,16019,8832,7187,9370,5127,4243,6649,3705,2944,25104,11233,13871,16005,7509,8496,9099,3724,5375,41123,1.2288854876861,22.65423406060606,82.20022463636361
