,IndiaStates,NIC_Name,Main_Workers__Total___Persons,Main_Workers__Total__Males,Main_Workers__Total__Females,Main_Workers__Rural___Persons,Main_Workers__Rural__Males,Main_Workers__Rural__Females,Main_Workers__Urban___Persons,Main_Workers__Urban__Males,Main_Workers__Urban__Females,Marginal_Workers__Total___Persons,Marginal_Workers__Total__Males,Marginal_Workers__Total__Females,Marginal_Workers__Rural___Persons,Marginal_Workers__Rural__Males,Marginal_Workers__Rural__Females,Marginal_Workers__Urban___Persons,Marginal_Workers__Urban__Males,Marginal_Workers__Urban__Females,TotalWorkers,MaleFemaleRatio,Latitude,Longitude
31592,STATE - MIZORAM,"Crop and animal production, hunting and related service activities",6923,4018,2905,1172,754,418,5751,3264,2487,2260,659,1601,469,145,324,1791,514,1277,9183,1.383132530120482,14.750429,78.570026
31593,STATE - MIZORAM,Growing of non-perennial crops,2345,1389,956,355,199,156,1990,1190,800,401,180,221,106,46,60,295,134,161,2746,1.452928870292887,27.100399,93.616601
31594,STATE - MIZORAM,"Growing of cereals (except rice), leguminous crops and oil seeds",130,80,50,16,8,8,114,72,42,10,4,6,1,0,1,9,4,5,140,1.6,26.749981,94.216667
31595,STATE - MIZORAM,Growing of rice,1908,1154,754,283,160,123,1625,994,631,280,146,134,82,39,43,198,107,91,2188,1.530503978779841,25.785414,87.479973
31596,STATE - MIZORAM,"Growing of vegetables and melons, roots and tubers",282,139,143,51,28,23,231,111,120,97,30,67,20,7,13,77,23,54,379,0.972027972027972,30.719997,76.780006
31597,STATE - MIZORAM,Growing of sugar cane,3,2,1,2,1,1,1,1,0,5,0,5,3,0,3,2,0,2,8,2,22.09042,82.159987
31598,STATE - MIZORAM,Growing of fibre crops,5,4,1,0,0,0,5,4,1,0,0,0,0,0,0,0,0,0,5,4,20.266578,73.016618
31599,STATE - MIZORAM,Growing of other non-perennial crop,17,10,7,3,2,1,14,8,6,9,0,9,0,0,0,9,0,9,26,1.4285714285714286,28.669993,77.230004
31600,STATE - MIZORAM,Growing of perennial crops,303,217,86,93,76,17,210,141,69,132,61,71,77,31,46,55,30,25,435,2.5232558139534884,15.491997,73.818001
31601,STATE - MIZORAM,Growing of grapes,7,4,3,0,0,0,7,4,3,1,0,1,0,0,0,1,0,1,8,1.3333333333333333,28.450006,77.019991
31602,STATE - MIZORAM,Growing of tropical and subtropical fruits,34,22,12,5,4,1,29,18,11,13,10,3,4,3,1,9,7,2,47,1.8333333333333333,31.100025,77.166597
31603,STATE - MIZORAM,Growing of citrus fruits,23,19,4,11,11,0,12,8,4,9,7,2,5,3,2,4,4,0,32,4.75,34.299959,74.466658
31604,STATE - MIZORAM,Growing of other tree and bush fruits and nuts,49,34,15,23,18,5,26,16,10,6,2,4,2,0,2,4,2,2,55,2.2666666666666666,23.800393,86.419986
31605,STATE - MIZORAM,Growing of oleaginous fruits,10,8,2,1,1,0,9,7,2,0,0,0,0,0,0,0,0,0,10,4,12.570381,76.919997
31606,STATE - MIZORAM,Growing of beverage crops,121,82,39,34,26,8,87,56,31,75,33,42,58,22,36,17,11,6,196,2.102564102564102,8.900373,76.569993
31607,STATE - MIZORAM,"Growing of spices, aromatic, drug and pharmaceutical crops",6,4,2,2,1,1,4,3,1,6,2,4,3,2,1,3,0,3,12,2,10.562573,72.636867
31608,STATE - MIZORAM,Growing of other perennial crops,53,44,9,17,15,2,36,29,7,22,7,15,5,1,4,17,6,11,75,4.888888888888889,21.300391,76.130019
31609,STATE - MIZORAM,Plant propagation,43,29,14,11,8,3,32,21,11,14,5,9,3,1,2,11,4,7,57,2.071428571428572,19.250232,73.160175
31610,STATE - MIZORAM,Plant propagation,43,29,14,11,8,3,32,21,11,14,5,9,3,1,2,11,4,7,57,2.071428571428572,24.799971,93.950017
31611,STATE - MIZORAM,Animal production,3070,1551,1519,587,375,212,2483,1176,1307,1543,320,1223,258,54,204,1285,266,1019,4613,1.021066491112574,25.570492,91.880014
31612,STATE - MIZORAM,Raising of cattle and buffaloes,1188,796,392,383,268,115,805,528,277,159,71,88,38,10,28,121,61,60,1347,2.0306122448979598,23.710399,92.720015
31613,STATE - MIZORAM,Raising of horses and other equines,2,1,1,2,1,1,0,0,0,0,0,0,0,0,0,0,0,0,2,1,25.666998,94.11657
31614,STATE - MIZORAM,Raising of sheep and goats,9,5,4,3,3,0,6,2,4,7,4,3,1,1,0,6,3,3,16,1.25,19.82043,85.900017
31615,STATE - MIZORAM,Raising of swine/pigs,1151,386,765,123,52,71,1028,334,694,904,151,753,153,17,136,751,134,617,2055,0.5045751633986928,11.934994,79.83
31616,STATE - MIZORAM,Raising of poultry,271,105,166,36,22,14,235,83,152,316,64,252,43,22,21,273,42,231,587,0.6325301204819277,31.519974,75.980003
31617,STATE - MIZORAM,Raising of other animals,449,258,191,40,29,11,409,229,180,157,30,127,23,4,19,134,26,108,606,1.350785340314136,26.449999,74.639981
31618,STATE - MIZORAM,Mixed farming,391,264,127,42,31,11,349,233,116,109,61,48,9,2,7,100,59,41,500,2.078740157480315,27.33333,88.616647
31619,STATE - MIZORAM,Mixed farming,391,264,127,42,31,11,349,233,116,109,61,48,9,2,7,100,59,41,500,2.078740157480315,12.920386,79.150042
31620,STATE - MIZORAM,Support activities to agriculture and post-harvest crop activities,770,567,203,84,65,19,686,502,184,60,31,29,16,11,5,44,20,24,830,2.793103448275862,23.835404,91.279999
31621,STATE - MIZORAM,Support activities for crop production,676,503,173,75,59,16,601,444,157,43,27,16,12,11,1,31,16,15,719,2.907514450867052,27.599981,78.050006
31622,STATE - MIZORAM,Post-harvest crop activities,94,64,30,9,6,3,85,58,27,17,4,13,4,0,4,13,4,9,111,2.1333333333333333,30.320409,78.050006
31623,STATE - MIZORAM,"Hunting, trapping and related service activities",1,1,0,0,0,0,1,1,0,1,1,0,0,0,0,1,1,0,2,1,22.58039,88.329947
31624,STATE - MIZORAM,"Hunting, trapping and related service activities",1,1,0,0,0,0,1,1,0,1,1,0,0,0,0,1,1,0,2,1,22.65423406060606,82.20022463636361
31625,STATE - MIZORAM,Forestry and logging,2323,1944,379,793,759,34,1530,1185,345,161,113,48,86,54,32,75,59,16,2484,5.129287598944591,22.65423406060606,82.20022463636361
31626,STATE - MIZORAM,Silviculture and other forestry activities,161,119,42,20,18,2,141,101,40,10,6,4,1,0,1,9,6,3,171,2.833333333333333,22.65423406060606,82.20022463636361
31627,STATE - MIZORAM,Silviculture and other forestry activities,161,119,42,20,18,2,141,101,40,10,6,4,1,0,1,9,6,3,171,2.833333333333333,22.65423406060606,82.20022463636361
31628,STATE - MIZORAM,Logging,244,223,21,161,150,11,83,73,10,100,72,28,65,41,24,35,31,4,344,10.61904761904762,22.65423406060606,82.20022463636361
31629,STATE - MIZORAM,Logging,244,223,21,161,150,11,83,73,10,100,72,28,65,41,24,35,31,4,344,10.61904761904762,22.65423406060606,82.20022463636361
31630,STATE - MIZORAM,Gathering of non-wood forest products,16,14,2,5,5,0,11,9,2,1,1,0,0,0,0,1,1,0,17,7,22.65423406060606,82.20022463636361
31631,STATE - MIZORAM,Gathering of non-wood forest products,16,14,2,5,5,0,11,9,2,1,1,0,0,0,0,1,1,0,17,7,22.65423406060606,82.20022463636361
31632,STATE - MIZORAM,Support services to forestry,1902,1588,314,607,586,21,1295,1002,293,50,34,16,20,13,7,30,21,9,1952,5.057324840764331,22.65423406060606,82.20022463636361
31633,STATE - MIZORAM,Support services to forestry,1902,1588,314,607,586,21,1295,1002,293,50,34,16,20,13,7,30,21,9,1952,5.057324840764331,22.65423406060606,82.20022463636361
31634,STATE - MIZORAM,Fishing and aquaculture,220,187,33,54,51,3,166,136,30,48,42,6,37,31,6,11,11,0,268,5.666666666666667,22.65423406060606,82.20022463636361
31635,STATE - MIZORAM,Fishing,184,159,25,50,47,3,134,112,22,44,39,5,33,28,5,11,11,0,228,6.36,22.65423406060606,82.20022463636361
31636,STATE - MIZORAM,Marine fishing,106,93,13,21,21,0,85,72,13,37,33,4,29,25,4,8,8,0,143,7.153846153846154,22.65423406060606,82.20022463636361
31637,STATE - MIZORAM,Freash water fishing,78,66,12,29,26,3,49,40,9,7,6,1,4,3,1,3,3,0,85,5.5,22.65423406060606,82.20022463636361
31638,STATE - MIZORAM,Aquaculture,36,28,8,4,4,0,32,24,8,4,3,1,4,3,1,0,0,0,40,3.5,22.65423406060606,82.20022463636361
31639,STATE - MIZORAM,Marine aquaculture,7,5,2,1,1,0,6,4,2,0,0,0,0,0,0,0,0,0,7,2.5,22.65423406060606,82.20022463636361
31640,STATE - MIZORAM,Freshwater aquaculture,29,23,6,3,3,0,26,20,6,4,3,1,4,3,1,0,0,0,33,3.8333333333333335,22.65423406060606,82.20022463636361
31641,STATE - MIZORAM,Mining of coal and lignite,1,1,0,0,0,0,1,1,0,0,0,0,0,0,0,0,0,0,1,1,22.65423406060606,82.20022463636361
31642,STATE - MIZORAM,Mining of hard coal,1,1,0,0,0,0,1,1,0,0,0,0,0,0,0,0,0,0,1,1,22.65423406060606,82.20022463636361
31643,STATE - MIZORAM,Mining of hard coal,1,1,0,0,0,0,1,1,0,0,0,0,0,0,0,0,0,0,1,1,22.65423406060606,82.20022463636361
31644,STATE - MIZORAM,Extraction of crude petroleum and natural gas,126,104,22,2,2,0,124,102,22,12,6,6,0,0,0,12,6,6,138,4.727272727272728,22.65423406060606,82.20022463636361
31645,STATE - MIZORAM,Extraction of crude petroleum,124,102,22,0,0,0,124,102,22,12,6,6,0,0,0,12,6,6,136,4.636363636363637,22.65423406060606,82.20022463636361
31646,STATE - MIZORAM,Extraction of crude petroleum,124,102,22,0,0,0,124,102,22,12,6,6,0,0,0,12,6,6,136,4.636363636363637,22.65423406060606,82.20022463636361
31647,STATE - MIZORAM,Extraction of natural gas,2,2,0,2,2,0,0,0,0,0,0,0,0,0,0,0,0,0,2,2,22.65423406060606,82.20022463636361
31648,STATE - MIZORAM,Extraction of natural gas,2,2,0,2,2,0,0,0,0,0,0,0,0,0,0,0,0,0,2,2,22.65423406060606,82.20022463636361
31649,STATE - MIZORAM,Other mining and quarrying,998,870,128,151,120,31,847,750,97,217,178,39,18,14,4,199,164,35,1215,6.796875,22.65423406060606,82.20022463636361
31650,STATE - MIZORAM,"Quarrying of stone, sand and clay",737,641,96,93,75,18,644,566,78,147,119,28,12,8,4,135,111,24,884,6.677083333333333,22.65423406060606,82.20022463636361
31651,STATE - MIZORAM,"Quarrying of stone, sand and clay",737,641,96,93,75,18,644,566,78,147,119,28,12,8,4,135,111,24,884,6.677083333333333,22.65423406060606,82.20022463636361
31652,STATE - MIZORAM,Mining and quarrying n.e.c.,261,229,32,58,45,13,203,184,19,70,59,11,6,6,0,64,53,11,331,7.15625,22.65423406060606,82.20022463636361
31653,STATE - MIZORAM,Other mining and quarrying n.e.c.,261,229,32,58,45,13,203,184,19,70,59,11,6,6,0,64,53,11,331,7.15625,22.65423406060606,82.20022463636361
31654,STATE - MIZORAM,Mining support service activities,38,27,11,4,4,0,34,23,11,2,1,1,0,0,0,2,1,1,40,2.4545454545454546,22.65423406060606,82.20022463636361
31655,STATE - MIZORAM,Support activities for petroleum and natural gas mining,8,7,1,4,4,0,4,3,1,0,0,0,0,0,0,0,0,0,8,7,22.65423406060606,82.20022463636361
31656,STATE - MIZORAM,Support activities for petroleum and natural gas mining,8,7,1,4,4,0,4,3,1,0,0,0,0,0,0,0,0,0,8,7,22.65423406060606,82.20022463636361
31657,STATE - MIZORAM,Support activities for other mining and quarrying,30,20,10,0,0,0,30,20,10,2,1,1,0,0,0,2,1,1,32,2,22.65423406060606,82.20022463636361
31658,STATE - MIZORAM,Support activities for other mining and quarrying,30,20,10,0,0,0,30,20,10,2,1,1,0,0,0,2,1,1,32,2,22.65423406060606,82.20022463636361
31659,STATE - MIZORAM,Manufacture of food products,1272,726,546,229,139,90,1043,587,456,435,127,308,79,26,53,356,101,255,1707,1.3296703296703296,22.65423406060606,82.20022463636361
31660,STATE - MIZORAM,Processing and preserving of meat,60,26,34,7,6,1,53,20,33,103,19,84,0,0,0,103,19,84,163,0.7647058823529411,22.65423406060606,82.20022463636361
31661,STATE - MIZORAM,Processing and preserving of meat,60,26,34,7,6,1,53,20,33,103,19,84,0,0,0,103,19,84,163,0.7647058823529411,22.65423406060606,82.20022463636361
31662,STATE - MIZORAM,"Processing and preserving of fish, crustaceans and molluscs",1,1,0,1,1,0,0,0,0,1,1,0,1,1,0,0,0,0,2,1,22.65423406060606,82.20022463636361
31663,STATE - MIZORAM,"Processing and preserving of fish, crustaceans and molluscs and",1,1,0,1,1,0,0,0,0,1,1,0,1,1,0,0,0,0,2,1,22.65423406060606,82.20022463636361
31664,STATE - MIZORAM,Processing and preserving of fruit and vegetables,81,43,38,15,10,5,66,33,33,30,21,9,3,2,1,27,19,8,111,1.131578947368421,22.65423406060606,82.20022463636361
31665,STATE - MIZORAM,Processing and preserving of fruit and vegetables,81,43,38,15,10,5,66,33,33,30,21,9,3,2,1,27,19,8,111,1.131578947368421,22.65423406060606,82.20022463636361
31666,STATE - MIZORAM,Manufacture of vegetable and animal oils and fats,2,2,0,0,0,0,2,2,0,0,0,0,0,0,0,0,0,0,2,2,22.65423406060606,82.20022463636361
31667,STATE - MIZORAM,Manufacture of vegetable and animal oils and fats,2,2,0,0,0,0,2,2,0,0,0,0,0,0,0,0,0,0,2,2,22.65423406060606,82.20022463636361
31668,STATE - MIZORAM,Manufacture of dairy products,166,104,62,18,12,6,148,92,56,53,17,36,4,1,3,49,16,33,219,1.6774193548387095,22.65423406060606,82.20022463636361
31669,STATE - MIZORAM,Manufacture of dairy products,166,104,62,18,12,6,148,92,56,53,17,36,4,1,3,49,16,33,219,1.6774193548387095,22.65423406060606,82.20022463636361
31670,STATE - MIZORAM,"Manufacture of grain mill products, starches and starch products",177,126,51,80,46,34,97,80,17,40,21,19,21,12,9,19,9,10,217,2.4705882352941178,22.65423406060606,82.20022463636361
31671,STATE - MIZORAM,Manufacture of grain mill products,175,126,49,78,46,32,97,80,17,40,21,19,21,12,9,19,9,10,215,2.571428571428572,22.65423406060606,82.20022463636361
31672,STATE - MIZORAM,Manufacture of starches and starch products,2,0,2,2,0,2,0,0,0,0,0,0,0,0,0,0,0,0,2,0,22.65423406060606,82.20022463636361
31673,STATE - MIZORAM,Manufacture of other food products,785,424,361,108,64,44,677,360,317,208,48,160,50,10,40,158,38,120,993,1.1745152354570638,22.65423406060606,82.20022463636361
31674,STATE - MIZORAM,Manufacture of bakery products,360,270,90,28,23,5,332,247,85,20,6,14,1,0,1,19,6,13,380,3,22.65423406060606,82.20022463636361
31675,STATE - MIZORAM,Manufacture of sugar,4,4,0,2,2,0,2,2,0,3,1,2,1,1,0,2,0,2,7,4,22.65423406060606,82.20022463636361
31676,STATE - MIZORAM,"Manufacture of cocoa, chocolate and sugar confectionery",8,3,5,1,0,1,7,3,4,7,0,7,1,0,1,6,0,6,15,0.6,22.65423406060606,82.20022463636361
31677,STATE - MIZORAM,"Manufacture of macaroni, noodles, couscous and similar farinaceous",91,47,44,18,13,5,73,34,39,5,2,3,3,0,3,2,2,0,96,1.068181818181818,22.65423406060606,82.20022463636361
31678,STATE - MIZORAM,Manufacture of prepared meals and dishes,208,65,143,32,15,17,176,50,126,125,24,101,33,8,25,92,16,76,333,0.4545454545454545,22.65423406060606,82.20022463636361
31679,STATE - MIZORAM,Manufacture of other food products n.e.c.,114,35,79,27,11,16,87,24,63,48,15,33,11,1,10,37,14,23,162,0.4430379746835443,22.65423406060606,82.20022463636361
31680,STATE - MIZORAM,Manufacture of beverages,9,6,3,3,3,0,6,3,3,4,2,2,0,0,0,4,2,2,13,2,22.65423406060606,82.20022463636361
31681,STATE - MIZORAM,Manufacture of beverages,9,6,3,3,3,0,6,3,3,4,2,2,0,0,0,4,2,2,13,2,22.65423406060606,82.20022463636361
31682,STATE - MIZORAM,"Distilling, rectifying and blending of spirits; ethyl alcohol production",1,0,1,0,0,0,1,0,1,0,0,0,0,0,0,0,0,0,1,0,22.65423406060606,82.20022463636361
31683,STATE - MIZORAM,Manufacture of wines,3,1,2,0,0,0,3,1,2,0,0,0,0,0,0,0,0,0,3,0.5,22.65423406060606,82.20022463636361
31684,STATE - MIZORAM,Manufacture of malt liquors and malt,1,1,0,0,0,0,1,1,0,0,0,0,0,0,0,0,0,0,1,1,22.65423406060606,82.20022463636361
31685,STATE - MIZORAM,Manufacture of soft drinks; production of mineral waters and other,4,4,0,3,3,0,1,1,0,4,2,2,0,0,0,4,2,2,8,4,22.65423406060606,82.20022463636361
31686,STATE - MIZORAM,Manufacture of tobacco products,30,15,15,3,0,3,27,15,12,17,0,17,2,0,2,15,0,15,47,1,22.65423406060606,82.20022463636361
31687,STATE - MIZORAM,Manufacture of tobacco products,30,15,15,3,0,3,27,15,12,17,0,17,2,0,2,15,0,15,47,1,22.65423406060606,82.20022463636361
31688,STATE - MIZORAM,Manufacture of tobacco products,30,15,15,3,0,3,27,15,12,17,0,17,2,0,2,15,0,15,47,1,22.65423406060606,82.20022463636361
31689,STATE - MIZORAM,Manufacture of textiles,1901,607,1294,68,40,28,1833,567,1266,461,132,329,52,9,43,409,123,286,2362,0.4690880989180834,22.65423406060606,82.20022463636361
31690,STATE - MIZORAM,"Spinning, weaving and finishing of textiles",1850,589,1261,63,39,24,1787,550,1237,435,132,303,48,9,39,387,123,264,2285,0.4670896114195083,22.65423406060606,82.20022463636361
31691,STATE - MIZORAM,Preparation and spinning of textile fibres,426,234,192,41,33,8,385,201,184,175,117,58,11,8,3,164,109,55,601,1.21875,22.65423406060606,82.20022463636361
31692,STATE - MIZORAM,Weaving of textiles,846,200,646,11,1,10,835,199,636,163,9,154,30,0,30,133,9,124,1009,0.3095975232198142,22.65423406060606,82.20022463636361
31693,STATE - MIZORAM,Finishing of textiles,578,155,423,11,5,6,567,150,417,97,6,91,7,1,6,90,5,85,675,0.3664302600472813,22.65423406060606,82.20022463636361
31694,STATE - MIZORAM,Manufacture of other textiles,51,18,33,5,1,4,46,17,29,26,0,26,4,0,4,22,0,22,77,0.5454545454545454,22.65423406060606,82.20022463636361
31695,STATE - MIZORAM,Manufacture of knitted and crocheted fabrics,10,2,8,0,0,0,10,2,8,11,0,11,2,0,2,9,0,9,21,0.25,22.65423406060606,82.20022463636361
31696,STATE - MIZORAM,"Manufacture of made-up textile articles, except apparel",11,8,3,2,1,1,9,7,2,3,0,3,0,0,0,3,0,3,14,2.6666666666666665,22.65423406060606,82.20022463636361
31697,STATE - MIZORAM,Manufacture of carpets and rugs,2,2,0,0,0,0,2,2,0,2,0,2,0,0,0,2,0,2,4,2,22.65423406060606,82.20022463636361
31698,STATE - MIZORAM,"Manufacture of cordage, rope, twine and netting",2,0,2,0,0,0,2,0,2,2,0,2,0,0,0,2,0,2,4,0,22.65423406060606,82.20022463636361
31699,STATE - MIZORAM,Manufacture of other textiles n.e.c.,26,6,20,3,0,3,23,6,17,8,0,8,2,0,2,6,0,6,34,0.3,22.65423406060606,82.20022463636361
31700,STATE - MIZORAM,Manufacture of wearing apparel,2307,480,1827,221,54,167,2086,426,1660,652,47,605,90,12,78,562,35,527,2959,0.2627257799671593,22.65423406060606,82.20022463636361
31701,STATE - MIZORAM,"Manufacture of wearing apparel, except fur apparel",2278,477,1801,220,54,166,2058,423,1635,649,47,602,90,12,78,559,35,524,2927,0.2648528595224875,22.65423406060606,82.20022463636361
31702,STATE - MIZORAM,"Manufacture of wearing apparel, except fur apparel",2278,477,1801,220,54,166,2058,423,1635,649,47,602,90,12,78,559,35,524,2927,0.2648528595224875,22.65423406060606,82.20022463636361
31703,STATE - MIZORAM,Manufacture of articles of fur,2,0,2,0,0,0,2,0,2,0,0,0,0,0,0,0,0,0,2,0,22.65423406060606,82.20022463636361
31704,STATE - MIZORAM,Manufacture of articles of fur,2,0,2,0,0,0,2,0,2,0,0,0,0,0,0,0,0,0,2,0,22.65423406060606,82.20022463636361
31705,STATE - MIZORAM,Manufacture of knitted and crocheted apparel,27,3,24,1,0,1,26,3,23,3,0,3,0,0,0,3,0,3,30,0.125,22.65423406060606,82.20022463636361
31706,STATE - MIZORAM,Manufacture of knitted and crocheted apparel,27,3,24,1,0,1,26,3,23,3,0,3,0,0,0,3,0,3,30,0.125,22.65423406060606,82.20022463636361
31707,STATE - MIZORAM,Manufacture of leather and related products,149,74,75,7,5,2,142,69,73,36,13,23,5,4,1,31,9,22,185,0.9866666666666668,22.65423406060606,82.20022463636361
31708,STATE - MIZORAM,"Tanning and dressing of leather; manufacture of luggage, handbags, saddlery",32,28,4,0,0,0,32,28,4,0,0,0,0,0,0,0,0,0,32,7,22.65423406060606,82.20022463636361
31709,STATE - MIZORAM,Tanning and dressing of leather; dressing and dyeing of fur,4,0,4,0,0,0,4,0,4,0,0,0,0,0,0,0,0,0,4,0,22.65423406060606,82.20022463636361
31710,STATE - MIZORAM,"Manufacture of luggage, handbags and the like, saddlery and harness",28,28,0,0,0,0,28,28,0,0,0,0,0,0,0,0,0,0,28,28,22.65423406060606,82.20022463636361
31711,STATE - MIZORAM,Manufacture of footwear,117,46,71,7,5,2,110,41,69,36,13,23,5,4,1,31,9,22,153,0.647887323943662,22.65423406060606,82.20022463636361
31712,STATE - MIZORAM,Manufacture of footwear,117,46,71,7,5,2,110,41,69,36,13,23,5,4,1,31,9,22,153,0.647887323943662,22.65423406060606,82.20022463636361
31713,STATE - MIZORAM,"Manufacture of wood and products of wood and cork, except furniture;",631,450,181,164,131,33,467,319,148,147,94,53,73,46,27,74,48,26,778,2.4861878453038675,22.65423406060606,82.20022463636361
31714,STATE - MIZORAM,Sawmilling and planing of wood,42,41,1,26,26,0,16,15,1,5,5,0,4,4,0,1,1,0,47,41,22.65423406060606,82.20022463636361
31715,STATE - MIZORAM,Saw milling and planing of wood,42,41,1,26,26,0,16,15,1,5,5,0,4,4,0,1,1,0,47,41,22.65423406060606,82.20022463636361
31716,STATE - MIZORAM,"Manufacture of products of wood, cork, straw and plaiting materials",589,409,180,138,105,33,451,304,147,142,89,53,69,42,27,73,47,26,731,2.272222222222222,22.65423406060606,82.20022463636361
31717,STATE - MIZORAM,Manufacture of builders carpentry and joinery,5,5,0,1,1,0,4,4,0,0,0,0,0,0,0,0,0,0,5,5,22.65423406060606,82.20022463636361
31718,STATE - MIZORAM,Manufacture of wooden containers,69,48,21,34,28,6,35,20,15,38,30,8,19,16,3,19,14,5,107,2.2857142857142856,22.65423406060606,82.20022463636361
31719,STATE - MIZORAM,"Manufacture of other products of wood; manufacture of articles of cork,",515,356,159,103,76,27,412,280,132,104,59,45,50,26,24,54,33,21,619,2.238993710691824,22.65423406060606,82.20022463636361
31720,STATE - MIZORAM,Manufacture of paper and paper products,22,13,9,7,6,1,15,7,8,6,4,2,0,0,0,6,4,2,28,1.4444444444444444,22.65423406060606,82.20022463636361
31721,STATE - MIZORAM,Manufacture of paper and paper products,22,13,9,7,6,1,15,7,8,6,4,2,0,0,0,6,4,2,28,1.4444444444444444,22.65423406060606,82.20022463636361
31722,STATE - MIZORAM,Manufacture of corrugated paper and paperboard and containers of,2,2,0,0,0,0,2,2,0,0,0,0,0,0,0,0,0,0,2,2,22.65423406060606,82.20022463636361
31723,STATE - MIZORAM,Manufacture of other articles of paper and paperboard,20,11,9,7,6,1,13,5,8,6,4,2,0,0,0,6,4,2,26,1.2222222222222223,22.65423406060606,82.20022463636361
31724,STATE - MIZORAM,Printing and reproduction of recorded media,342,201,141,8,5,3,334,196,138,28,15,13,0,0,0,28,15,13,370,1.425531914893617,22.65423406060606,82.20022463636361
31725,STATE - MIZORAM,Printing and service activities related to printing,342,201,141,8,5,3,334,196,138,28,15,13,0,0,0,28,15,13,370,1.425531914893617,22.65423406060606,82.20022463636361
31726,STATE - MIZORAM,Printing,139,91,48,4,3,1,135,88,47,18,11,7,0,0,0,18,11,7,157,1.8958333333333333,22.65423406060606,82.20022463636361
31727,STATE - MIZORAM,Service activities related to printing,203,110,93,4,2,2,199,108,91,10,4,6,0,0,0,10,4,6,213,1.1827956989247312,22.65423406060606,82.20022463636361
31728,STATE - MIZORAM,Manufacture of coke and refined petroleum products,34,30,4,16,14,2,18,16,2,8,2,6,0,0,0,8,2,6,42,7.5,22.65423406060606,82.20022463636361
31729,STATE - MIZORAM,Manufacture of coke oven products,4,2,2,4,2,2,0,0,0,0,0,0,0,0,0,0,0,0,4,1,22.65423406060606,82.20022463636361
31730,STATE - MIZORAM,Manufacture of coke oven products,4,2,2,4,2,2,0,0,0,0,0,0,0,0,0,0,0,0,4,1,22.65423406060606,82.20022463636361
31731,STATE - MIZORAM,Manufacture of refined petroleum products,30,28,2,12,12,0,18,16,2,8,2,6,0,0,0,8,2,6,38,14,22.65423406060606,82.20022463636361
31732,STATE - MIZORAM,Manufacture of refined petroleum products,30,28,2,12,12,0,18,16,2,8,2,6,0,0,0,8,2,6,38,14,22.65423406060606,82.20022463636361
31733,STATE - MIZORAM,Manufacture of chemicals and chemical products,127,79,48,29,21,8,98,58,40,40,16,24,3,3,0,37,13,24,167,1.6458333333333333,22.65423406060606,82.20022463636361
31734,STATE - MIZORAM,"Manufacture of basic chemicals, fertilizer and nitrogen compounds, plastics",11,11,0,0,0,0,11,11,0,3,3,0,0,0,0,3,3,0,14,11,22.65423406060606,82.20022463636361
31735,STATE - MIZORAM,Manufacture of basic chemicals,11,11,0,0,0,0,11,11,0,2,2,0,0,0,0,2,2,0,13,11,22.65423406060606,82.20022463636361
31736,STATE - MIZORAM,Manufacture of fertilizers and nitrogen compounds,0,0,0,0,0,0,0,0,0,1,1,0,0,0,0,1,1,0,1,0,22.65423406060606,82.20022463636361
31737,STATE - MIZORAM,Manufacture of other chemical products,116,68,48,29,21,8,87,47,40,37,13,24,3,3,0,34,10,24,153,1.4166666666666667,22.65423406060606,82.20022463636361
31738,STATE - MIZORAM,"Manufacture of paints, varnishes and similar coatings, printing ink and",25,15,10,3,2,1,22,13,9,10,6,4,3,3,0,7,3,4,35,1.5,22.65423406060606,82.20022463636361
31739,STATE - MIZORAM,"Manufacture of soap and detergents, cleaning and polishing preparations,",89,51,38,26,19,7,63,32,31,27,7,20,0,0,0,27,7,20,116,1.3421052631578947,22.65423406060606,82.20022463636361
31740,STATE - MIZORAM,Manufacture of other chemical products n.e.c.,2,2,0,0,0,0,2,2,0,0,0,0,0,0,0,0,0,0,2,2,22.65423406060606,82.20022463636361
31741,STATE - MIZORAM,"Manufacture of pharmaceuticals, medicinal chemical and botanical products",4,4,0,0,0,0,4,4,0,0,0,0,0,0,0,0,0,0,4,4,22.65423406060606,82.20022463636361
31742,STATE - MIZORAM,"Manufacture of pharmaceuticals, medicinal chemical and botanical products",4,4,0,0,0,0,4,4,0,0,0,0,0,0,0,0,0,0,4,4,22.65423406060606,82.20022463636361
31743,STATE - MIZORAM,"Manufacture of pharmaceuticals, medicinal chemical and botanical",4,4,0,0,0,0,4,4,0,0,0,0,0,0,0,0,0,0,4,4,22.65423406060606,82.20022463636361
31744,STATE - MIZORAM,Manufacture of rubber and plastics products,111,97,14,6,5,1,105,92,13,10,8,2,0,0,0,10,8,2,121,6.928571428571429,22.65423406060606,82.20022463636361
31745,STATE - MIZORAM,Manufacture of rubber products,103,95,8,6,5,1,97,90,7,2,2,0,0,0,0,2,2,0,105,11.875,22.65423406060606,82.20022463636361
31746,STATE - MIZORAM,Manufacture of rubber tyres and tubes; retreading and rebuilding of,95,87,8,6,5,1,89,82,7,2,2,0,0,0,0,2,2,0,97,10.875,22.65423406060606,82.20022463636361
31747,STATE - MIZORAM,Manufacture of other rubber products,8,8,0,0,0,0,8,8,0,0,0,0,0,0,0,0,0,0,8,8,22.65423406060606,82.20022463636361
31748,STATE - MIZORAM,Manufacture of plastics products,8,2,6,0,0,0,8,2,6,8,6,2,0,0,0,8,6,2,16,0.3333333333333333,22.65423406060606,82.20022463636361
31749,STATE - MIZORAM,Manufacture of plastics products,8,2,6,0,0,0,8,2,6,8,6,2,0,0,0,8,6,2,16,0.3333333333333333,22.65423406060606,82.20022463636361
31750,STATE - MIZORAM,Manufacture of other non-metallic mineral products,86,64,22,17,13,4,69,51,18,62,50,12,3,3,0,59,47,12,148,2.909090909090909,22.65423406060606,82.20022463636361
31751,STATE - MIZORAM,Manufacture of glass and glass products,2,2,0,0,0,0,2,2,0,0,0,0,0,0,0,0,0,0,2,2,22.65423406060606,82.20022463636361
31752,STATE - MIZORAM,Manufacture of glass and glass products,2,2,0,0,0,0,2,2,0,0,0,0,0,0,0,0,0,0,2,2,22.65423406060606,82.20022463636361
31753,STATE - MIZORAM,Manufacture of non-metallic mineral products n.e.c.,84,62,22,17,13,4,67,49,18,62,50,12,3,3,0,59,47,12,146,2.8181818181818183,22.65423406060606,82.20022463636361
31754,STATE - MIZORAM,Manufacture of refractory products,23,17,6,1,1,0,22,16,6,6,6,0,2,2,0,4,4,0,29,2.833333333333333,22.65423406060606,82.20022463636361
31755,STATE - MIZORAM,Manufacture of clay building materials,34,23,11,12,8,4,22,15,7,54,42,12,0,0,0,54,42,12,88,2.090909090909091,22.65423406060606,82.20022463636361
31756,STATE - MIZORAM,Manufacture of other porcelain and ceramic products,8,8,0,4,4,0,4,4,0,1,1,0,1,1,0,0,0,0,9,8,22.65423406060606,82.20022463636361
31757,STATE - MIZORAM,"Manufacture of cement, lime and plaster",14,10,4,0,0,0,14,10,4,0,0,0,0,0,0,0,0,0,14,2.5,22.65423406060606,82.20022463636361
31758,STATE - MIZORAM,"Cutting, shaping and finishing of stone",5,4,1,0,0,0,5,4,1,1,1,0,0,0,0,1,1,0,6,4,22.65423406060606,82.20022463636361
31759,STATE - MIZORAM,Manufacture of basic metals,105,96,9,12,11,1,93,85,8,10,8,2,2,2,0,8,6,2,115,10.666666666666666,22.65423406060606,82.20022463636361
31760,STATE - MIZORAM,Manufacture of basic iron and steel,78,71,7,4,3,1,74,68,6,6,6,0,1,1,0,5,5,0,84,10.142857142857142,22.65423406060606,82.20022463636361
31761,STATE - MIZORAM,Manufacture of basic iron and steel,78,71,7,4,3,1,74,68,6,6,6,0,1,1,0,5,5,0,84,10.142857142857142,22.65423406060606,82.20022463636361
31762,STATE - MIZORAM,Manufacture of basic precious and other non-ferrous metals,20,18,2,8,8,0,12,10,2,0,0,0,0,0,0,0,0,0,20,9,22.65423406060606,82.20022463636361
31763,STATE - MIZORAM,Manufacture of basic precious and other non-ferrous metals,20,18,2,8,8,0,12,10,2,0,0,0,0,0,0,0,0,0,20,9,22.65423406060606,82.20022463636361
31764,STATE - MIZORAM,Casting of metals,7,7,0,0,0,0,7,7,0,4,2,2,1,1,0,3,1,2,11,7,22.65423406060606,82.20022463636361
31765,STATE - MIZORAM,Casting of iron and steel,6,6,0,0,0,0,6,6,0,4,2,2,1,1,0,3,1,2,10,6,22.65423406060606,82.20022463636361
31766,STATE - MIZORAM,Casting of non-ferrous metals,1,1,0,0,0,0,1,1,0,0,0,0,0,0,0,0,0,0,1,1,22.65423406060606,82.20022463636361
31767,STATE - MIZORAM,"Manufacture of fabricated metal products, except machinery and equipment",503,481,22,89,83,6,414,398,16,58,37,21,10,7,3,48,30,18,561,21.863636363636363,22.65423406060606,82.20022463636361
31768,STATE - MIZORAM,"Manufacture of structural metal products, tanks, reservoirs and steam",106,104,2,5,3,2,101,101,0,6,2,4,1,0,1,5,2,3,112,52,22.65423406060606,82.20022463636361
31769,STATE - MIZORAM,Manufacture of structural metal products,95,94,1,3,2,1,92,92,0,6,2,4,1,0,1,5,2,3,101,94,22.65423406060606,82.20022463636361
31770,STATE - MIZORAM,"Manufacture of tanks, reservoirs and containers of metal",11,10,1,2,1,1,9,9,0,0,0,0,0,0,0,0,0,0,11,10,22.65423406060606,82.20022463636361
31771,STATE - MIZORAM,Manufacture of weapons and ammunition,1,1,0,1,1,0,0,0,0,0,0,0,0,0,0,0,0,0,1,1,22.65423406060606,82.20022463636361
31772,STATE - MIZORAM,Manufacture of weapons and ammunition,1,1,0,1,1,0,0,0,0,0,0,0,0,0,0,0,0,0,1,1,22.65423406060606,82.20022463636361
31773,STATE - MIZORAM,Manufacture of other fabricated metal products; metalworking service,396,376,20,83,79,4,313,297,16,52,35,17,9,7,2,43,28,15,448,18.8,22.65423406060606,82.20022463636361
31774,STATE - MIZORAM,"Forging, pressing, stamping and roll-forming of metal; powder",2,2,0,0,0,0,2,2,0,0,0,0,0,0,0,0,0,0,2,2,22.65423406060606,82.20022463636361
31775,STATE - MIZORAM,"Manufacture of cutlery, hand tools and general hardware",289,272,17,48,47,1,241,225,16,44,29,15,8,6,2,36,23,13,333,16,22.65423406060606,82.20022463636361
31776,STATE - MIZORAM,Manufacture of other fabricated metal products n.e.c.,105,102,3,35,32,3,70,70,0,8,6,2,1,1,0,7,5,2,113,34,22.65423406060606,82.20022463636361
31777,STATE - MIZORAM,"Manufacture of computer, electronic and optical products",14,12,2,2,2,0,12,10,2,0,0,0,0,0,0,0,0,0,14,6,22.65423406060606,82.20022463636361
31778,STATE - MIZORAM,Manufacture of electronic components,8,8,0,1,1,0,7,7,0,0,0,0,0,0,0,0,0,0,8,8,22.65423406060606,82.20022463636361
31779,STATE - MIZORAM,Manufacture of electronic components,8,8,0,1,1,0,7,7,0,0,0,0,0,0,0,0,0,0,8,8,22.65423406060606,82.20022463636361
31780,STATE - MIZORAM,Manufacture of communication equipment,4,4,0,1,1,0,3,3,0,0,0,0,0,0,0,0,0,0,4,4,22.65423406060606,82.20022463636361
31781,STATE - MIZORAM,Manufacture of communication equipment,4,4,0,1,1,0,3,3,0,0,0,0,0,0,0,0,0,0,4,4,22.65423406060606,82.20022463636361
31782,STATE - MIZORAM,Manufacture of consumer electronics,2,0,2,0,0,0,2,0,2,0,0,0,0,0,0,0,0,0,2,0,22.65423406060606,82.20022463636361
31783,STATE - MIZORAM,Manufacture of consumer electronics,2,0,2,0,0,0,2,0,2,0,0,0,0,0,0,0,0,0,2,0,22.65423406060606,82.20022463636361
31784,STATE - MIZORAM,Manufacture of electrical equipment,14,14,0,2,2,0,12,12,0,0,0,0,0,0,0,0,0,0,14,14,22.65423406060606,82.20022463636361
31785,STATE - MIZORAM,"Manufacture of electric motors, generators, transformers and electricity",5,5,0,1,1,0,4,4,0,0,0,0,0,0,0,0,0,0,5,5,22.65423406060606,82.20022463636361
31786,STATE - MIZORAM,"Manufacture of electric motors, generators, transformers and electricity",5,5,0,1,1,0,4,4,0,0,0,0,0,0,0,0,0,0,5,5,22.65423406060606,82.20022463636361
31787,STATE - MIZORAM,Manufacture of wiring and wiring devices,1,1,0,0,0,0,1,1,0,0,0,0,0,0,0,0,0,0,1,1,22.65423406060606,82.20022463636361
31788,STATE - MIZORAM,Manufacture of wiring devices,1,1,0,0,0,0,1,1,0,0,0,0,0,0,0,0,0,0,1,1,22.65423406060606,82.20022463636361
31789,STATE - MIZORAM,Manufacture of electric lighting equipment,3,3,0,0,0,0,3,3,0,0,0,0,0,0,0,0,0,0,3,3,22.65423406060606,82.20022463636361
31790,STATE - MIZORAM,Manufacture of electric lighting equipment,3,3,0,0,0,0,3,3,0,0,0,0,0,0,0,0,0,0,3,3,22.65423406060606,82.20022463636361
31791,STATE - MIZORAM,Manufacture of domestic appliances,5,5,0,1,1,0,4,4,0,0,0,0,0,0,0,0,0,0,5,5,22.65423406060606,82.20022463636361
31792,STATE - MIZORAM,Manufacture of domestic appliances,5,5,0,1,1,0,4,4,0,0,0,0,0,0,0,0,0,0,5,5,22.65423406060606,82.20022463636361
31793,STATE - MIZORAM,Manufacture of machinery and equipment n.e.c.,31,21,10,16,13,3,15,8,7,4,1,3,0,0,0,4,1,3,35,2.1,22.65423406060606,82.20022463636361
31794,STATE - MIZORAM,Manufacture of general purpose machinery,2,2,0,2,2,0,0,0,0,0,0,0,0,0,0,0,0,0,2,2,22.65423406060606,82.20022463636361
31795,STATE - MIZORAM,"Manufacture of bearings, gears, gearing and driving elements",1,1,0,1,1,0,0,0,0,0,0,0,0,0,0,0,0,0,1,1,22.65423406060606,82.20022463636361
31796,STATE - MIZORAM,Manufacture of other general-purpose machinery,1,1,0,1,1,0,0,0,0,0,0,0,0,0,0,0,0,0,1,1,22.65423406060606,82.20022463636361
31797,STATE - MIZORAM,Manufacture of special-purpose machinery,29,19,10,14,11,3,15,8,7,4,1,3,0,0,0,4,1,3,33,1.9,22.65423406060606,82.20022463636361
31798,STATE - MIZORAM,Manufacture of agricultural and forestry machinery,4,4,0,0,0,0,4,4,0,1,1,0,0,0,0,1,1,0,5,4,22.65423406060606,82.20022463636361
31799,STATE - MIZORAM,Manufacture of metal-forming machinery and machine tools,3,3,0,1,1,0,2,2,0,0,0,0,0,0,0,0,0,0,3,3,22.65423406060606,82.20022463636361
31800,STATE - MIZORAM,"Manufacture of machinery for food, beverage and tobacco processing",17,10,7,13,10,3,4,0,4,3,0,3,0,0,0,3,0,3,20,1.4285714285714286,22.65423406060606,82.20022463636361
31801,STATE - MIZORAM,"Manufacture of machinery for textile, apparel and leather production",5,2,3,0,0,0,5,2,3,0,0,0,0,0,0,0,0,0,5,0.6666666666666666,22.65423406060606,82.20022463636361
31802,STATE - MIZORAM,"Manufacture of motor vehicles, trailers and semi-trailers",2,2,0,0,0,0,2,2,0,0,0,0,0,0,0,0,0,0,2,2,22.65423406060606,82.20022463636361
31803,STATE - MIZORAM,Manufacture of bodies (coachwork) for motor vehicles; manufacture of,2,2,0,0,0,0,2,2,0,0,0,0,0,0,0,0,0,0,2,2,22.65423406060606,82.20022463636361
31804,STATE - MIZORAM,Manufacture of bodies (coachwork) for motor vehicles; manufacture of trailers and semi-trailers,2,2,0,0,0,0,2,2,0,0,0,0,0,0,0,0,0,0,2,2,22.65423406060606,82.20022463636361
31805,STATE - MIZORAM,Manufacture of other transport equipment,96,96,0,17,17,0,79,79,0,25,23,2,3,3,0,22,20,2,121,96,22.65423406060606,82.20022463636361
31806,STATE - MIZORAM,Building of ships and boats,3,3,0,0,0,0,3,3,0,1,1,0,1,1,0,0,0,0,4,3,22.65423406060606,82.20022463636361
31807,STATE - MIZORAM,Building of ships and floating structures,3,3,0,0,0,0,3,3,0,1,1,0,1,1,0,0,0,0,4,3,22.65423406060606,82.20022463636361
31808,STATE - MIZORAM,Manufacture of railway locomotives and rolling stock,4,4,0,2,2,0,2,2,0,0,0,0,0,0,0,0,0,0,4,4,22.65423406060606,82.20022463636361
31809,STATE - MIZORAM,Manufacture of railway locomotives and rolling stock,4,4,0,2,2,0,2,2,0,0,0,0,0,0,0,0,0,0,4,4,22.65423406060606,82.20022463636361
31810,STATE - MIZORAM,Manufacture of transport equipment n.e.c.,89,89,0,15,15,0,74,74,0,24,22,2,2,2,0,22,20,2,113,89,22.65423406060606,82.20022463636361
31811,STATE - MIZORAM,Manufacture of bicycles and invalid carriages,1,1,0,0,0,0,1,1,0,0,0,0,0,0,0,0,0,0,1,1,22.65423406060606,82.20022463636361
31812,STATE - MIZORAM,Manufacture of other transport equipment n.e.c.,88,88,0,15,15,0,73,73,0,24,22,2,2,2,0,22,20,2,112,88,22.65423406060606,82.20022463636361
31813,STATE - MIZORAM,Manufacture of furniture,4149,4043,106,1005,987,18,3144,3056,88,562,529,33,84,79,5,478,450,28,4711,38.14150943396226,22.65423406060606,82.20022463636361
31814,STATE - MIZORAM,Manufacture of furniture,4149,4043,106,1005,987,18,3144,3056,88,562,529,33,84,79,5,478,450,28,4711,38.14150943396226,22.65423406060606,82.20022463636361
31815,STATE - MIZORAM,Manufacture of furniture,4149,4043,106,1005,987,18,3144,3056,88,562,529,33,84,79,5,478,450,28,4711,38.14150943396226,22.65423406060606,82.20022463636361
31816,STATE - MIZORAM,Other manufacturing,200,145,55,25,23,2,175,122,53,15,7,8,4,2,2,11,5,6,215,2.636363636363636,22.65423406060606,82.20022463636361
31817,STATE - MIZORAM,"Manufacture of jewellery, bijouterie and related articles",58,47,11,10,9,1,48,38,10,4,3,1,1,0,1,3,3,0,62,4.2727272727272725,22.65423406060606,82.20022463636361
31818,STATE - MIZORAM,Manufacture of jewellery and related articles,58,47,11,10,9,1,48,38,10,4,3,1,1,0,1,3,3,0,62,4.2727272727272725,22.65423406060606,82.20022463636361
31819,STATE - MIZORAM,Manufacture of sports goods,1,1,0,0,0,0,1,1,0,0,0,0,0,0,0,0,0,0,1,1,22.65423406060606,82.20022463636361
31820,STATE - MIZORAM,Manufacture of sports goods,1,1,0,0,0,0,1,1,0,0,0,0,0,0,0,0,0,0,1,1,22.65423406060606,82.20022463636361
31821,STATE - MIZORAM,Other manufacturing n.e.c.,141,97,44,15,14,1,126,83,43,11,4,7,3,2,1,8,2,6,152,2.2045454545454546,22.65423406060606,82.20022463636361
31822,STATE - MIZORAM,Other manufacturing n.e.c.,141,97,44,15,14,1,126,83,43,11,4,7,3,2,1,8,2,6,152,2.2045454545454546,22.65423406060606,82.20022463636361
31823,STATE - MIZORAM,Repair and installation of machinery and equipment,235,226,9,37,37,0,198,189,9,24,24,0,3,3,0,21,21,0,259,25.11111111111111,22.65423406060606,82.20022463636361
31824,STATE - MIZORAM,"Repair of fabricated metal products, machinery and equipment",231,222,9,37,37,0,194,185,9,24,24,0,3,3,0,21,21,0,255,24.666666666666668,22.65423406060606,82.20022463636361
31825,STATE - MIZORAM,Repair of fabricated metal products,11,10,1,1,1,0,10,9,1,0,0,0,0,0,0,0,0,0,11,10,22.65423406060606,82.20022463636361
31826,STATE - MIZORAM,Repair of machinery,21,19,2,1,1,0,20,18,2,1,1,0,0,0,0,1,1,0,22,9.5,22.65423406060606,82.20022463636361
31827,STATE - MIZORAM,Repair of electronic and optical equipment,36,35,1,1,1,0,35,34,1,3,3,0,0,0,0,3,3,0,39,35,22.65423406060606,82.20022463636361
31828,STATE - MIZORAM,Repair of electrical equipment,113,110,3,27,27,0,86,83,3,12,12,0,3,3,0,9,9,0,125,36.66666666666666,22.65423406060606,82.20022463636361
31829,STATE - MIZORAM,"Repair of transport equipment, except motor vehicles",19,17,2,1,1,0,18,16,2,5,5,0,0,0,0,5,5,0,24,8.5,22.65423406060606,82.20022463636361
31830,STATE - MIZORAM,Repair of other equipment,31,31,0,6,6,0,25,25,0,3,3,0,0,0,0,3,3,0,34,31,22.65423406060606,82.20022463636361
31831,STATE - MIZORAM,Installation of industrial machinery and equipment,4,4,0,0,0,0,4,4,0,0,0,0,0,0,0,0,0,0,4,4,22.65423406060606,82.20022463636361
31832,STATE - MIZORAM,Installation of industrial machinery and equipment,4,4,0,0,0,0,4,4,0,0,0,0,0,0,0,0,0,0,4,4,22.65423406060606,82.20022463636361
31833,STATE - MIZORAM,"Electricity, gas, steam and air conditioning supply",4025,3233,792,751,693,58,3274,2540,734,73,53,20,8,8,0,65,45,20,4098,4.082070707070707,22.65423406060606,82.20022463636361
31834,STATE - MIZORAM,"Electric power generation, transmission and distribution",3987,3201,786,746,688,58,3241,2513,728,71,51,20,8,8,0,63,43,20,4058,4.072519083969466,22.65423406060606,82.20022463636361
31835,STATE - MIZORAM,"Electric power generation, transmission and distribution",3987,3201,786,746,688,58,3241,2513,728,71,51,20,8,8,0,63,43,20,4058,4.072519083969466,22.65423406060606,82.20022463636361
31836,STATE - MIZORAM,Manufacture of gas; distribution of gaseous fuels through mains,25,20,5,4,4,0,21,16,5,2,2,0,0,0,0,2,2,0,27,4,22.65423406060606,82.20022463636361
31837,STATE - MIZORAM,Manufacture of gas; distribution of gaseous fuels through mains,25,20,5,4,4,0,21,16,5,2,2,0,0,0,0,2,2,0,27,4,22.65423406060606,82.20022463636361
31838,STATE - MIZORAM,Steam and air conditioning supply,13,12,1,1,1,0,12,11,1,0,0,0,0,0,0,0,0,0,13,12,22.65423406060606,82.20022463636361
31839,STATE - MIZORAM,Steam and air conditioning supply,13,12,1,1,1,0,12,11,1,0,0,0,0,0,0,0,0,0,13,12,22.65423406060606,82.20022463636361
31840,STATE - MIZORAM,"Water collection, treatment and supply",3108,2507,601,305,273,32,2803,2234,569,56,43,13,3,2,1,53,41,12,3164,4.1713810316139766,22.65423406060606,82.20022463636361
31841,STATE - MIZORAM,"Water collection, treatment and supply",3108,2507,601,305,273,32,2803,2234,569,56,43,13,3,2,1,53,41,12,3164,4.1713810316139766,22.65423406060606,82.20022463636361
31842,STATE - MIZORAM,"Water collection, treatment and supply",3108,2507,601,305,273,32,2803,2234,569,56,43,13,3,2,1,53,41,12,3164,4.1713810316139766,22.65423406060606,82.20022463636361
31843,STATE - MIZORAM,Sewerage,23,8,15,9,2,7,14,6,8,9,6,3,3,0,3,6,6,0,32,0.5333333333333333,22.65423406060606,82.20022463636361
31844,STATE - MIZORAM,Sewerage,23,8,15,9,2,7,14,6,8,9,6,3,3,0,3,6,6,0,32,0.5333333333333333,22.65423406060606,82.20022463636361
31845,STATE - MIZORAM,Sewerage,23,8,15,9,2,7,14,6,8,9,6,3,3,0,3,6,6,0,32,0.5333333333333333,22.65423406060606,82.20022463636361
31846,STATE - MIZORAM,"Waste collection, treatment and disposal activities; materials recovery",79,61,18,16,10,6,63,51,12,11,11,0,1,1,0,10,10,0,90,3.388888888888889,22.65423406060606,82.20022463636361
31847,STATE - MIZORAM,Waste collection,78,60,18,16,10,6,62,50,12,11,11,0,1,1,0,10,10,0,89,3.333333333333333,22.65423406060606,82.20022463636361
31848,STATE - MIZORAM,Collection of non-hazardous waste,47,35,12,12,8,4,35,27,8,11,11,0,1,1,0,10,10,0,58,2.9166666666666665,22.65423406060606,82.20022463636361
31849,STATE - MIZORAM,Collection of hazardous waste,31,25,6,4,2,2,27,23,4,0,0,0,0,0,0,0,0,0,31,4.166666666666667,22.65423406060606,82.20022463636361
31850,STATE - MIZORAM,Waste treatment and disposal,1,1,0,0,0,0,1,1,0,0,0,0,0,0,0,0,0,0,1,1,22.65423406060606,82.20022463636361
31851,STATE - MIZORAM,Treatment and disposal of hazardous waste,1,1,0,0,0,0,1,1,0,0,0,0,0,0,0,0,0,0,1,1,22.65423406060606,82.20022463636361
31852,STATE - MIZORAM,Remediation activities and other waste management services,17,14,3,0,0,0,17,14,3,0,0,0,0,0,0,0,0,0,17,4.666666666666667,22.65423406060606,82.20022463636361
31853,STATE - MIZORAM,Remediation activities and other waste management services,17,14,3,0,0,0,17,14,3,0,0,0,0,0,0,0,0,0,17,4.666666666666667,22.65423406060606,82.20022463636361
31854,STATE - MIZORAM,Remediation activities and other waste management services,17,14,3,0,0,0,17,14,3,0,0,0,0,0,0,0,0,0,17,4.666666666666667,22.65423406060606,82.20022463636361
31855,STATE - MIZORAM,Construction of buildings,7356,6883,473,668,638,30,6688,6245,443,3025,2744,281,180,154,26,2845,2590,255,10381,14.551797040169133,22.65423406060606,82.20022463636361
31856,STATE - MIZORAM,Construction of buildings,7356,6883,473,668,638,30,6688,6245,443,3025,2744,281,180,154,26,2845,2590,255,10381,14.551797040169133,22.65423406060606,82.20022463636361
31857,STATE - MIZORAM,Construction of buildings,7356,6883,473,668,638,30,6688,6245,443,3025,2744,281,180,154,26,2845,2590,255,10381,14.551797040169133,22.65423406060606,82.20022463636361
31858,STATE - MIZORAM,Civil engineering,5720,4545,1175,903,807,96,4817,3738,1079,800,669,131,161,130,31,639,539,100,6520,3.868085106382978,22.65423406060606,82.20022463636361
31859,STATE - MIZORAM,Construction of roads and railways,4906,3860,1046,825,735,90,4081,3125,956,467,392,75,117,95,22,350,297,53,5373,3.6902485659655833,22.65423406060606,82.20022463636361
31860,STATE - MIZORAM,Construction roads and railways,4906,3860,1046,825,735,90,4081,3125,956,467,392,75,117,95,22,350,297,53,5373,3.6902485659655833,22.65423406060606,82.20022463636361
31861,STATE - MIZORAM,Construction of utility projects,56,43,13,6,4,2,50,39,11,9,7,2,0,0,0,9,7,2,65,3.3076923076923075,22.65423406060606,82.20022463636361
31862,STATE - MIZORAM,Construction of utility projects,56,43,13,6,4,2,50,39,11,9,7,2,0,0,0,9,7,2,65,3.3076923076923075,22.65423406060606,82.20022463636361
31863,STATE - MIZORAM,Construction of other civil engineering projects,758,642,116,72,68,4,686,574,112,324,270,54,44,35,9,280,235,45,1082,5.5344827586206895,22.65423406060606,82.20022463636361
31864,STATE - MIZORAM,Construction of other civil engineering projects,758,642,116,72,68,4,686,574,112,324,270,54,44,35,9,280,235,45,1082,5.5344827586206895,22.65423406060606,82.20022463636361
31865,STATE - MIZORAM,Specialized construction activities,3766,3185,581,290,254,36,3476,2931,545,1966,1515,451,143,118,25,1823,1397,426,5732,5.481927710843373,22.65423406060606,82.20022463636361
31866,STATE - MIZORAM,Demolition and site preparation,259,225,34,60,48,12,199,177,22,283,223,60,11,10,1,272,213,59,542,6.617647058823529,22.65423406060606,82.20022463636361
31867,STATE - MIZORAM,Demolition,1,1,0,0,0,0,1,1,0,4,4,0,0,0,0,4,4,0,5,1,22.65423406060606,82.20022463636361
31868,STATE - MIZORAM,Site preparation,258,224,34,60,48,12,198,176,22,279,219,60,11,10,1,268,209,59,537,6.588235294117647,22.65423406060606,82.20022463636361
31869,STATE - MIZORAM,"Electrical, plumbing and other construction installation activities",2109,1661,448,147,126,21,1962,1535,427,1223,897,326,105,86,19,1118,811,307,3332,3.7075892857142856,22.65423406060606,82.20022463636361
31870,STATE - MIZORAM,Electrical installation,191,161,30,14,13,1,177,148,29,42,32,10,6,4,2,36,28,8,233,5.366666666666666,22.65423406060606,82.20022463636361
31871,STATE - MIZORAM,"Plumbing, heat and air-conditioning installation",58,57,1,6,5,1,52,52,0,6,6,0,3,3,0,3,3,0,64,57,22.65423406060606,82.20022463636361
31872,STATE - MIZORAM,Other construction installation,1860,1443,417,127,108,19,1733,1335,398,1175,859,316,96,79,17,1079,780,299,3035,3.460431654676259,22.65423406060606,82.20022463636361
31873,STATE - MIZORAM,Building completion and finishing,1251,1156,95,74,72,2,1177,1084,93,417,355,62,26,21,5,391,334,57,1668,12.16842105263158,22.65423406060606,82.20022463636361
31874,STATE - MIZORAM,Building completion and finishing,1251,1156,95,74,72,2,1177,1084,93,417,355,62,26,21,5,391,334,57,1668,12.16842105263158,22.65423406060606,82.20022463636361
31875,STATE - MIZORAM,Other specialized construction activities,147,143,4,9,8,1,138,135,3,43,40,3,1,1,0,42,39,3,190,35.75,22.65423406060606,82.20022463636361
31876,STATE - MIZORAM,Other specialized construction activities,147,143,4,9,8,1,138,135,3,43,40,3,1,1,0,42,39,3,190,35.75,22.65423406060606,82.20022463636361
31877,STATE - MIZORAM,Wholesale and retail trade and repair of motor vehicles and motorcycles,2086,1954,132,94,90,4,1992,1864,128,289,264,25,7,7,0,282,257,25,2375,14.803030303030305,22.65423406060606,82.20022463636361
31878,STATE - MIZORAM,Sale of motor vehicles,66,54,12,0,0,0,66,54,12,7,6,1,0,0,0,7,6,1,73,4.5,22.65423406060606,82.20022463636361
31879,STATE - MIZORAM,Sale of motor vehicles,66,54,12,0,0,0,66,54,12,7,6,1,0,0,0,7,6,1,73,4.5,22.65423406060606,82.20022463636361
31880,STATE - MIZORAM,Maintenance and repair of motor vehicles,1467,1398,69,60,56,4,1407,1342,65,189,182,7,5,5,0,184,177,7,1656,20.26086956521739,22.65423406060606,82.20022463636361
31881,STATE - MIZORAM,Maintenance and repair of motor vehicles,1467,1398,69,60,56,4,1407,1342,65,189,182,7,5,5,0,184,177,7,1656,20.26086956521739,22.65423406060606,82.20022463636361
31882,STATE - MIZORAM,Sale of motor vehicle parts and accessories,210,169,41,2,2,0,208,167,41,19,10,9,0,0,0,19,10,9,229,4.121951219512195,22.65423406060606,82.20022463636361
31883,STATE - MIZORAM,Sale of motor vehicle parts and accessories,210,169,41,2,2,0,208,167,41,19,10,9,0,0,0,19,10,9,229,4.121951219512195,22.65423406060606,82.20022463636361
31884,STATE - MIZORAM,"Sale, maintenance and repair of motorcycles and related parts and",343,333,10,32,32,0,311,301,10,74,66,8,2,2,0,72,64,8,417,33.3,22.65423406060606,82.20022463636361
31885,STATE - MIZORAM,"Sale, maintenance and repair of motorcycles and related parts and",343,333,10,32,32,0,311,301,10,74,66,8,2,2,0,72,64,8,417,33.3,22.65423406060606,82.20022463636361
31886,STATE - MIZORAM,"Wholesale trade, except of motor vehicles and motorcycles",881,494,387,43,25,18,838,469,369,128,53,75,18,11,7,110,42,68,1009,1.276485788113695,22.65423406060606,82.20022463636361
31887,STATE - MIZORAM,Wholesale on a fee or contract basis,67,25,42,6,2,4,61,23,38,28,4,24,2,0,2,26,4,22,95,0.5952380952380952,22.65423406060606,82.20022463636361
31888,STATE - MIZORAM,Wholesale on a fee or contract basis,67,25,42,6,2,4,61,23,38,28,4,24,2,0,2,26,4,22,95,0.5952380952380952,22.65423406060606,82.20022463636361
31889,STATE - MIZORAM,Wholesale of agricultural raw materials and live animals,64,34,30,9,7,2,55,27,28,11,8,3,7,6,1,4,2,2,75,1.1333333333333333,22.65423406060606,82.20022463636361
31890,STATE - MIZORAM,Wholesale of agricultural raw materials and live animals,64,34,30,9,7,2,55,27,28,11,8,3,7,6,1,4,2,2,75,1.1333333333333333,22.65423406060606,82.20022463636361
31891,STATE - MIZORAM,"Wholesale of food, beverages and tobacco",60,33,27,2,2,0,58,31,27,12,6,6,2,2,0,10,4,6,72,1.2222222222222223,22.65423406060606,82.20022463636361
31892,STATE - MIZORAM,"Wholesale of food, beverages and tobacco",60,33,27,2,2,0,58,31,27,12,6,6,2,2,0,10,4,6,72,1.2222222222222223,22.65423406060606,82.20022463636361
31893,STATE - MIZORAM,Wholesale of household goods,306,178,128,9,3,6,297,175,122,34,14,20,5,2,3,29,12,17,340,1.390625,22.65423406060606,82.20022463636361
31894,STATE - MIZORAM,"Wholesale of textiles, clothing and footwear",84,50,34,1,1,0,83,49,34,8,2,6,1,0,1,7,2,5,92,1.4705882352941178,22.65423406060606,82.20022463636361
31895,STATE - MIZORAM,Wholesale of other household goods,222,128,94,8,2,6,214,126,88,26,12,14,4,2,2,22,10,12,248,1.3617021276595744,22.65423406060606,82.20022463636361
31896,STATE - MIZORAM,"Wholesale of machinery, equipment and supplies",74,56,18,0,0,0,74,56,18,10,6,4,0,0,0,10,6,4,84,3.111111111111111,22.65423406060606,82.20022463636361
31897,STATE - MIZORAM,Wholesale of electronic and telecommunications equipment and parts,8,4,4,0,0,0,8,4,4,0,0,0,0,0,0,0,0,0,8,1,22.65423406060606,82.20022463636361
31898,STATE - MIZORAM,Wholesale of other machinery and equipment,66,52,14,0,0,0,66,52,14,10,6,4,0,0,0,10,6,4,76,3.7142857142857135,22.65423406060606,82.20022463636361
31899,STATE - MIZORAM,Other specialized wholesale,42,27,15,3,2,1,39,25,14,5,3,2,1,1,0,4,2,2,47,1.8,22.65423406060606,82.20022463636361
31900,STATE - MIZORAM,"Wholesale of solid, liquid and gaseous fuels and related products",7,7,0,2,2,0,5,5,0,2,2,0,0,0,0,2,2,0,9,7,22.65423406060606,82.20022463636361
31901,STATE - MIZORAM,"Wholesale of construction materials, hardware, plumbing and heating",27,14,13,1,0,1,26,14,12,3,1,2,1,1,0,2,0,2,30,1.0769230769230769,22.65423406060606,82.20022463636361
31902,STATE - MIZORAM,Wholesale of waste and scrap and other products n.e.c.,8,6,2,0,0,0,8,6,2,0,0,0,0,0,0,0,0,0,8,3,22.65423406060606,82.20022463636361
31903,STATE - MIZORAM,Non-specialized wholesale trade,268,141,127,14,9,5,254,132,122,28,12,16,1,0,1,27,12,15,296,1.110236220472441,22.65423406060606,82.20022463636361
31904,STATE - MIZORAM,Non-specialized wholesale trade,268,141,127,14,9,5,254,132,122,28,12,16,1,0,1,27,12,15,296,1.110236220472441,22.65423406060606,82.20022463636361
31905,STATE - MIZORAM,"Retail trade, except of motor vehicles and motorcycles",23666,8509,15157,2647,1045,1602,21019,7464,13555,4348,958,3390,488,114,374,3860,844,3016,28014,0.5613907765388929,22.65423406060606,82.20022463636361
31906,STATE - MIZORAM,Retail sale in non-specialized stores,7926,2893,5033,1271,508,763,6655,2385,4270,1198,314,884,200,44,156,998,270,728,9124,0.5748062785614941,22.65423406060606,82.20022463636361
31907,STATE - MIZORAM,"Retail sale in non-specialized stores with food, beverages or tobacco",2794,993,1801,376,161,215,2418,832,1586,417,112,305,46,8,38,371,104,267,3211,0.5513603553581343,22.65423406060606,82.20022463636361
31908,STATE - MIZORAM,Other retail sale in non-specialized stores,5132,1900,3232,895,347,548,4237,1553,2684,781,202,579,154,36,118,627,166,461,5913,0.5878712871287128,22.65423406060606,82.20022463636361
31909,STATE - MIZORAM,"Retail sale of food, beverages and tobacco in specialized stores",5076,1364,3712,583,196,387,4493,1168,3325,1411,198,1213,135,24,111,1276,174,1102,6487,0.3674568965517241,22.65423406060606,82.20022463636361
31910,STATE - MIZORAM,Retail sale of food in specialized stores,4938,1328,3610,568,195,373,4370,1133,3237,1358,191,1167,134,23,111,1224,168,1056,6296,0.3678670360110803,22.65423406060606,82.20022463636361
31911,STATE - MIZORAM,Retail sale of beverages in specialized stores,48,19,29,4,1,3,44,18,26,6,4,2,0,0,0,6,4,2,54,0.6551724137931034,22.65423406060606,82.20022463636361
31912,STATE - MIZORAM,Retail sale of tobacco products in specialized stores,90,17,73,11,0,11,79,17,62,47,3,44,1,1,0,46,2,44,137,0.2328767123287671,22.65423406060606,82.20022463636361
31913,STATE - MIZORAM,Retail sale of automotive fuel in specialized stores,116,91,25,8,4,4,108,87,21,8,5,3,2,1,1,6,4,2,124,3.64,22.65423406060606,82.20022463636361
31914,STATE - MIZORAM,Retail sale of automotive fuel in specialized stores,116,91,25,8,4,4,108,87,21,8,5,3,2,1,1,6,4,2,124,3.64,22.65423406060606,82.20022463636361
31915,STATE - MIZORAM,Retail sale of information and communications equipment in specialized,299,210,89,11,4,7,288,206,82,49,27,22,5,2,3,44,25,19,348,2.359550561797753,22.65423406060606,82.20022463636361
31916,STATE - MIZORAM,"Retail sale of computers, peripheral units, software and",272,192,80,9,4,5,263,188,75,47,27,20,5,2,3,42,25,17,319,2.4,22.65423406060606,82.20022463636361
31917,STATE - MIZORAM,Retail sale of audio and video equipment in specialized stores,27,18,9,2,0,2,25,18,7,2,0,2,0,0,0,2,0,2,29,2,22.65423406060606,82.20022463636361
31918,STATE - MIZORAM,Retail sale of other household equipment in specialized stores,1446,931,515,58,47,11,1388,884,504,176,91,85,14,10,4,162,81,81,1622,1.807766990291262,22.65423406060606,82.20022463636361
31919,STATE - MIZORAM,Retail sale of textiles in specialized stores,17,0,17,0,0,0,17,0,17,2,0,2,0,0,0,2,0,2,19,0,22.65423406060606,82.20022463636361
31920,STATE - MIZORAM,"Retail sale of hardware, paints and glass in specialized stores",802,545,257,40,33,7,762,512,250,112,70,42,13,10,3,99,60,39,914,2.120622568093385,22.65423406060606,82.20022463636361
31921,STATE - MIZORAM,"Retail sale of carpets, rugs, wall and floor coverings in specialized",4,4,0,1,1,0,3,3,0,0,0,0,0,0,0,0,0,0,4,4,22.65423406060606,82.20022463636361
31922,STATE - MIZORAM,"Retail sale of electrical household appliances, furniture, lighting",623,382,241,17,13,4,606,369,237,62,21,41,1,0,1,61,21,40,685,1.5850622406639003,22.65423406060606,82.20022463636361
31923,STATE - MIZORAM,Retail sale of cultural and recreation goods in specialized stores,491,260,231,29,18,11,462,242,220,95,42,53,2,0,2,93,42,51,586,1.1255411255411256,22.65423406060606,82.20022463636361
31924,STATE - MIZORAM,"Retail sale of books, newspapers and stationary in specialized stores",401,209,192,29,18,11,372,191,181,87,40,47,2,0,2,85,40,45,488,1.0885416666666667,22.65423406060606,82.20022463636361
31925,STATE - MIZORAM,Retail sale of music and video recordings in specialized stores,28,19,9,0,0,0,28,19,9,4,2,2,0,0,0,4,2,2,32,2.111111111111111,22.65423406060606,82.20022463636361
31926,STATE - MIZORAM,Retail sale of sporting equipment in specialized stores,16,14,2,0,0,0,16,14,2,1,0,1,0,0,0,1,0,1,17,7,22.65423406060606,82.20022463636361
31927,STATE - MIZORAM,Retail sale of games and toys in specialized stores,46,18,28,0,0,0,46,18,28,3,0,3,0,0,0,3,0,3,49,0.6428571428571429,22.65423406060606,82.20022463636361
31928,STATE - MIZORAM,Retail sale of other goods in specialized stores,6106,1989,4117,379,154,225,5727,1835,3892,1053,206,847,73,23,50,980,183,797,7159,0.4831187758076269,22.65423406060606,82.20022463636361
31929,STATE - MIZORAM,"Retail sale of clothing, footwear and leather articles in specialized",4080,1263,2817,205,82,123,3875,1181,2694,750,130,620,40,10,30,710,120,590,4830,0.4483493077742279,22.65423406060606,82.20022463636361
31930,STATE - MIZORAM,"Retail sale of pharmaceutical and medical goods, cosmetic and toilet",1284,476,808,153,68,85,1131,408,723,176,45,131,23,8,15,153,37,116,1460,0.5891089108910891,22.65423406060606,82.20022463636361
31931,STATE - MIZORAM,Other retail sale of new goods in specialized stores,301,158,143,18,4,14,283,154,129,64,25,39,7,5,2,57,20,37,365,1.1048951048951048,22.65423406060606,82.20022463636361
31932,STATE - MIZORAM,Retail sale of second-hand goods,441,92,349,3,0,3,438,92,346,63,6,57,3,0,3,60,6,54,504,0.2636103151862464,22.65423406060606,82.20022463636361
31933,STATE - MIZORAM,Retail sale via stalls and markets,1590,593,997,277,102,175,1313,491,822,259,68,191,46,10,36,213,58,155,1849,0.5947843530591775,22.65423406060606,82.20022463636361
31934,STATE - MIZORAM,"Retail sale via stalls and markets of food, beverages and tobacco",42,7,35,15,5,10,27,2,25,11,1,10,2,1,1,9,0,9,53,0.2,22.65423406060606,82.20022463636361
31935,STATE - MIZORAM,"Retail sale via stalls and markets of textiles, clothing and footwear",57,17,40,2,1,1,55,16,39,5,0,5,0,0,0,5,0,5,62,0.425,22.65423406060606,82.20022463636361
31936,STATE - MIZORAM,Retail sale via stalls and markets of other goods,1491,569,922,260,96,164,1231,473,758,243,67,176,44,9,35,199,58,141,1734,0.6171366594360087,22.65423406060606,82.20022463636361
31937,STATE - MIZORAM,"Retail trade not in stores, stalls or markets",616,178,438,31,12,19,585,166,419,99,7,92,11,0,11,88,7,81,715,0.4063926940639269,22.65423406060606,82.20022463636361
31938,STATE - MIZORAM,Retail sale via mail order houses or via Internet,277,84,193,1,1,0,276,83,193,31,2,29,1,0,1,30,2,28,308,0.4352331606217616,22.65423406060606,82.20022463636361
31939,STATE - MIZORAM,"Other retail sale not in stores, stalls or markets",339,94,245,30,11,19,309,83,226,68,5,63,10,0,10,58,5,53,407,0.3836734693877551,22.65423406060606,82.20022463636361
31940,STATE - MIZORAM,Land transport and transport via pipelines,10871,10692,179,1709,1693,16,9162,8999,163,1027,1011,16,155,155,0,872,856,16,11898,59.73184357541899,22.65423406060606,82.20022463636361
31941,STATE - MIZORAM,Transport via railways,4,3,1,1,1,0,3,2,1,0,0,0,0,0,0,0,0,0,4,3,22.65423406060606,82.20022463636361
31942,STATE - MIZORAM,Passenger rail transport,4,3,1,1,1,0,3,2,1,0,0,0,0,0,0,0,0,0,4,3,22.65423406060606,82.20022463636361
31943,STATE - MIZORAM,Other land transport,10867,10689,178,1708,1692,16,9159,8997,162,1027,1011,16,155,155,0,872,856,16,11894,60.050561797752806,22.65423406060606,82.20022463636361
31944,STATE - MIZORAM,Urban or suburban passenger land transport,2098,2065,33,410,405,5,1688,1660,28,249,247,2,31,31,0,218,216,2,2347,62.57575757575758,22.65423406060606,82.20022463636361
31945,STATE - MIZORAM,Other passenger land transport,7180,7058,122,940,932,8,6240,6126,114,618,605,13,85,85,0,533,520,13,7798,57.85245901639344,22.65423406060606,82.20022463636361
31946,STATE - MIZORAM,Freight transport by road,1589,1566,23,358,355,3,1231,1211,20,160,159,1,39,39,0,121,120,1,1749,68.08695652173913,22.65423406060606,82.20022463636361
31947,STATE - MIZORAM,Water transport,22,21,1,14,13,1,8,8,0,4,4,0,4,4,0,0,0,0,26,21,22.65423406060606,82.20022463636361
31948,STATE - MIZORAM,Sea and coastal water transport,1,1,0,1,1,0,0,0,0,0,0,0,0,0,0,0,0,0,1,1,22.65423406060606,82.20022463636361
31949,STATE - MIZORAM,Sea and coastal passenger water transport,1,1,0,1,1,0,0,0,0,0,0,0,0,0,0,0,0,0,1,1,22.65423406060606,82.20022463636361
31950,STATE - MIZORAM,Inland water transport,21,20,1,13,12,1,8,8,0,4,4,0,4,4,0,0,0,0,25,20,22.65423406060606,82.20022463636361
31951,STATE - MIZORAM,Inland passenger water transport,21,20,1,13,12,1,8,8,0,3,3,0,3,3,0,0,0,0,24,20,22.65423406060606,82.20022463636361
31952,STATE - MIZORAM,Inland freight water transport,0,0,0,0,0,0,0,0,0,1,1,0,1,1,0,0,0,0,1,0,22.65423406060606,82.20022463636361
31953,STATE - MIZORAM,Air transport,83,52,31,3,3,0,80,49,31,2,2,0,0,0,0,2,2,0,85,1.6774193548387095,22.65423406060606,82.20022463636361
31954,STATE - MIZORAM,Passenger air transport,26,18,8,1,1,0,25,17,8,0,0,0,0,0,0,0,0,0,26,2.25,22.65423406060606,82.20022463636361
31955,STATE - MIZORAM,Passenger air transport,26,18,8,1,1,0,25,17,8,0,0,0,0,0,0,0,0,0,26,2.25,22.65423406060606,82.20022463636361
31956,STATE - MIZORAM,Freight air transport,57,34,23,2,2,0,55,32,23,2,2,0,0,0,0,2,2,0,59,1.4782608695652173,22.65423406060606,82.20022463636361
31957,STATE - MIZORAM,Freight air transport,57,34,23,2,2,0,55,32,23,2,2,0,0,0,0,2,2,0,59,1.4782608695652173,22.65423406060606,82.20022463636361
31958,STATE - MIZORAM,Warehousing and support activities for transportation,949,853,96,126,117,9,823,736,87,86,76,10,6,6,0,80,70,10,1035,8.885416666666666,22.65423406060606,82.20022463636361
31959,STATE - MIZORAM,Warehousing and storage,128,106,22,24,18,6,104,88,16,8,8,0,0,0,0,8,8,0,136,4.818181818181818,22.65423406060606,82.20022463636361
31960,STATE - MIZORAM,Warehousing and storage,128,106,22,24,18,6,104,88,16,8,8,0,0,0,0,8,8,0,136,4.818181818181818,22.65423406060606,82.20022463636361
31961,STATE - MIZORAM,Support activities for transportation,821,747,74,102,99,3,719,648,71,78,68,10,6,6,0,72,62,10,899,10.094594594594597,22.65423406060606,82.20022463636361
31962,STATE - MIZORAM,Service activities incidental to land transportation,768,710,58,96,95,1,672,615,57,77,67,10,6,6,0,71,61,10,845,12.241379310344827,22.65423406060606,82.20022463636361
31963,STATE - MIZORAM,Service activities incidental to air transportation,7,4,3,0,0,0,7,4,3,0,0,0,0,0,0,0,0,0,7,1.3333333333333333,22.65423406060606,82.20022463636361
31964,STATE - MIZORAM,Cargo handling,2,2,0,1,1,0,1,1,0,1,1,0,0,0,0,1,1,0,3,2,22.65423406060606,82.20022463636361
31965,STATE - MIZORAM,Other transportation support activities,44,31,13,5,3,2,39,28,11,0,0,0,0,0,0,0,0,0,44,2.3846153846153846,22.65423406060606,82.20022463636361
31966,STATE - MIZORAM,Postal and courier activities,705,571,134,369,321,48,336,250,86,13,10,3,7,6,1,6,4,2,718,4.2611940298507465,22.65423406060606,82.20022463636361
31967,STATE - MIZORAM,Postal activities,694,562,132,369,321,48,325,241,84,12,9,3,7,6,1,5,3,2,706,4.257575757575758,22.65423406060606,82.20022463636361
31968,STATE - MIZORAM,Postal activities,694,562,132,369,321,48,325,241,84,12,9,3,7,6,1,5,3,2,706,4.257575757575758,22.65423406060606,82.20022463636361
31969,STATE - MIZORAM,Courier activities,11,9,2,0,0,0,11,9,2,1,1,0,0,0,0,1,1,0,12,4.5,22.65423406060606,82.20022463636361
31970,STATE - MIZORAM,Courier activities,11,9,2,0,0,0,11,9,2,1,1,0,0,0,0,1,1,0,12,4.5,22.65423406060606,82.20022463636361
31971,STATE - MIZORAM,Accommodation,750,332,418,156,72,84,594,260,334,85,35,50,14,3,11,71,32,39,835,0.7942583732057417,22.65423406060606,82.20022463636361
31972,STATE - MIZORAM,Short term accommodation activities,612,265,347,132,59,73,480,206,274,62,26,36,9,2,7,53,24,29,674,0.7636887608069164,22.65423406060606,82.20022463636361
31973,STATE - MIZORAM,Short term accommodation activities,612,265,347,132,59,73,480,206,274,62,26,36,9,2,7,53,24,29,674,0.7636887608069164,22.65423406060606,82.20022463636361
31974,STATE - MIZORAM,Other accommodation,138,67,71,24,13,11,114,54,60,23,9,14,5,1,4,18,8,10,161,0.943661971830986,22.65423406060606,82.20022463636361
31975,STATE - MIZORAM,Other accommodation,138,67,71,24,13,11,114,54,60,23,9,14,5,1,4,18,8,10,161,0.943661971830986,22.65423406060606,82.20022463636361
31976,STATE - MIZORAM,Food and beverage service activities,1854,630,1224,302,79,223,1552,551,1001,363,73,290,65,12,53,298,61,237,2217,0.5147058823529411,22.65423406060606,82.20022463636361
31977,STATE - MIZORAM,Restaurants and mobile food service activities,516,199,317,59,15,44,457,184,273,98,21,77,15,0,15,83,21,62,614,0.6277602523659306,22.65423406060606,82.20022463636361
31978,STATE - MIZORAM,Restaurants and mobile food service activities,516,199,317,59,15,44,457,184,273,98,21,77,15,0,15,83,21,62,614,0.6277602523659306,22.65423406060606,82.20022463636361
31979,STATE - MIZORAM,Event catering and other food service activities,133,52,81,18,6,12,115,46,69,25,3,22,11,2,9,14,1,13,158,0.6419753086419753,22.65423406060606,82.20022463636361
31980,STATE - MIZORAM,Event catering,69,32,37,7,3,4,62,29,33,4,2,2,2,1,1,2,1,1,73,0.8648648648648649,22.65423406060606,82.20022463636361
31981,STATE - MIZORAM,Other food service activities,64,20,44,11,3,8,53,17,36,21,1,20,9,1,8,12,0,12,85,0.4545454545454545,22.65423406060606,82.20022463636361
31982,STATE - MIZORAM,Beverage serving activities,1205,379,826,225,58,167,980,321,659,240,49,191,39,10,29,201,39,162,1445,0.4588377723970944,22.65423406060606,82.20022463636361
31983,STATE - MIZORAM,Beverage serving activities,1205,379,826,225,58,167,980,321,659,240,49,191,39,10,29,201,39,162,1445,0.4588377723970944,22.65423406060606,82.20022463636361
31984,STATE - MIZORAM,Publishing activities,404,287,117,12,11,1,392,276,116,36,21,15,1,0,1,35,21,14,440,2.452991452991453,22.65423406060606,82.20022463636361
31985,STATE - MIZORAM,"Publishing of books, periodicals and other publishing activities",404,287,117,12,11,1,392,276,116,36,21,15,1,0,1,35,21,14,440,2.452991452991453,22.65423406060606,82.20022463636361
31986,STATE - MIZORAM,Book publishing,156,99,57,4,4,0,152,95,57,16,9,7,1,0,1,15,9,6,172,1.736842105263158,22.65423406060606,82.20022463636361
31987,STATE - MIZORAM,Publishing of directories and mailing lists,0,0,0,0,0,0,0,0,0,2,0,2,0,0,0,2,0,2,2,0,22.65423406060606,82.20022463636361
31988,STATE - MIZORAM,"Publishing of newspapers, journals and periodicals",170,141,29,5,5,0,165,136,29,15,11,4,0,0,0,15,11,4,185,4.862068965517241,22.65423406060606,82.20022463636361
31989,STATE - MIZORAM,Other publishing activities,78,47,31,3,2,1,75,45,30,3,1,2,0,0,0,3,1,2,81,1.5161290322580645,22.65423406060606,82.20022463636361
31990,STATE - MIZORAM,"Motion picture, video and television programme production, sound recording",91,80,11,3,3,0,88,77,11,2,2,0,0,0,0,2,2,0,93,7.272727272727272,22.65423406060606,82.20022463636361
31991,STATE - MIZORAM,"Motion picture, video and television programme activities",80,69,11,3,3,0,77,66,11,2,2,0,0,0,0,2,2,0,82,6.2727272727272725,22.65423406060606,82.20022463636361
31992,STATE - MIZORAM,"Motion picture, video and television programme production activities",17,17,0,2,2,0,15,15,0,0,0,0,0,0,0,0,0,0,17,17,22.65423406060606,82.20022463636361
31993,STATE - MIZORAM,"Motion picture, video and television programme post-production",9,7,2,0,0,0,9,7,2,0,0,0,0,0,0,0,0,0,9,3.5,22.65423406060606,82.20022463636361
31994,STATE - MIZORAM,"Motion picture, video and television programme distribution activities",44,37,7,1,1,0,43,36,7,0,0,0,0,0,0,0,0,0,44,5.285714285714286,22.65423406060606,82.20022463636361
31995,STATE - MIZORAM,Motion picture projection activities,10,8,2,0,0,0,10,8,2,2,2,0,0,0,0,2,2,0,12,4,22.65423406060606,82.20022463636361
31996,STATE - MIZORAM,Sound recording and music publishing activities,11,11,0,0,0,0,11,11,0,0,0,0,0,0,0,0,0,0,11,11,22.65423406060606,82.20022463636361
31997,STATE - MIZORAM,Sound recording and music publishing activitiesT,11,11,0,0,0,0,11,11,0,0,0,0,0,0,0,0,0,0,11,11,22.65423406060606,82.20022463636361
31998,STATE - MIZORAM,Broadcasting and programming activities,312,211,101,8,6,2,304,205,99,15,8,7,0,0,0,15,8,7,327,2.089108910891089,22.65423406060606,82.20022463636361
31999,STATE - MIZORAM,Radio broadcasting,154,99,55,0,0,0,154,99,55,2,2,0,0,0,0,2,2,0,156,1.8,22.65423406060606,82.20022463636361
32000,STATE - MIZORAM,Radio broadcasting,154,99,55,0,0,0,154,99,55,2,2,0,0,0,0,2,2,0,156,1.8,22.65423406060606,82.20022463636361
32001,STATE - MIZORAM,Television programming and broadcasting activities,158,112,46,8,6,2,150,106,44,13,6,7,0,0,0,13,6,7,171,2.4347826086956523,22.65423406060606,82.20022463636361
32002,STATE - MIZORAM,Television programming and broadcasting activities,158,112,46,8,6,2,150,106,44,13,6,7,0,0,0,13,6,7,171,2.4347826086956523,22.65423406060606,82.20022463636361
32003,STATE - MIZORAM,Telecommunications,1082,918,164,119,114,5,963,804,159,70,43,27,7,6,1,63,37,26,1152,5.597560975609756,22.65423406060606,82.20022463636361
32004,STATE - MIZORAM,Wired telecommunications activities,477,424,53,72,68,4,405,356,49,28,23,5,5,4,1,23,19,4,505,8,22.65423406060606,82.20022463636361
32005,STATE - MIZORAM,Wired telecommunications activities,477,424,53,72,68,4,405,356,49,28,23,5,5,4,1,23,19,4,505,8,22.65423406060606,82.20022463636361
32006,STATE - MIZORAM,Wireless telecommunications activities,171,139,32,13,12,1,158,127,31,25,13,12,1,1,0,24,12,12,196,4.34375,22.65423406060606,82.20022463636361
32007,STATE - MIZORAM,Wireless telecommunications activities,171,139,32,13,12,1,158,127,31,25,13,12,1,1,0,24,12,12,196,4.34375,22.65423406060606,82.20022463636361
32008,STATE - MIZORAM,Satellite telecommunications activities,71,45,26,9,9,0,62,36,26,6,0,6,0,0,0,6,0,6,77,1.7307692307692308,22.65423406060606,82.20022463636361
32009,STATE - MIZORAM,Satellite telecommunications activities,71,45,26,9,9,0,62,36,26,6,0,6,0,0,0,6,0,6,77,1.7307692307692308,22.65423406060606,82.20022463636361
32010,STATE - MIZORAM,Other telecommunications activities,363,310,53,25,25,0,338,285,53,11,7,4,1,1,0,10,6,4,374,5.849056603773585,22.65423406060606,82.20022463636361
32011,STATE - MIZORAM,Other telecommunications activities,363,310,53,25,25,0,338,285,53,11,7,4,1,1,0,10,6,4,374,5.849056603773585,22.65423406060606,82.20022463636361
32012,STATE - MIZORAM,"Computer programming, consultancy and related activities",74,52,22,4,3,1,70,49,21,4,2,2,0,0,0,4,2,2,78,2.363636363636364,22.65423406060606,82.20022463636361
32013,STATE - MIZORAM,"Computer programming, consultancy and related activities",74,52,22,4,3,1,70,49,21,4,2,2,0,0,0,4,2,2,78,2.363636363636364,22.65423406060606,82.20022463636361
32014,STATE - MIZORAM,Computer programming activities,2,2,0,0,0,0,2,2,0,0,0,0,0,0,0,0,0,0,2,2,22.65423406060606,82.20022463636361
32015,STATE - MIZORAM,Computer consultancy and computer facilities management activities,56,39,17,2,2,0,54,37,17,2,2,0,0,0,0,2,2,0,58,2.294117647058824,22.65423406060606,82.20022463636361
32016,STATE - MIZORAM,Other information technology and computer service activities,16,11,5,2,1,1,14,10,4,2,0,2,0,0,0,2,0,2,18,2.2,22.65423406060606,82.20022463636361
32017,STATE - MIZORAM,Information service activities,216,166,50,10,9,1,206,157,49,17,15,2,3,3,0,14,12,2,233,3.32,22.65423406060606,82.20022463636361
32018,STATE - MIZORAM,"Data processing, hosting and related activities; web portals",39,29,10,4,4,0,35,25,10,9,9,0,2,2,0,7,7,0,48,2.9,22.65423406060606,82.20022463636361
32019,STATE - MIZORAM,"Data processing, hosting and related activities",37,29,8,4,4,0,33,25,8,9,9,0,2,2,0,7,7,0,46,3.625,22.65423406060606,82.20022463636361
32020,STATE - MIZORAM,Web portals,2,0,2,0,0,0,2,0,2,0,0,0,0,0,0,0,0,0,2,0,22.65423406060606,82.20022463636361
32021,STATE - MIZORAM,Other information service activities,177,137,40,6,5,1,171,132,39,8,6,2,1,1,0,7,5,2,185,3.425,22.65423406060606,82.20022463636361
32022,STATE - MIZORAM,Other information service activities n.e.c.,177,137,40,6,5,1,171,132,39,8,6,2,1,1,0,7,5,2,185,3.425,22.65423406060606,82.20022463636361
32023,STATE - MIZORAM,"Financial service activities, except insurance and pension funding",1263,869,394,124,102,22,1139,767,372,23,17,6,0,0,0,23,17,6,1286,2.205583756345177,22.65423406060606,82.20022463636361
32024,STATE - MIZORAM,Monetary intermediation,1242,856,386,122,102,20,1120,754,366,22,17,5,0,0,0,22,17,5,1264,2.2176165803108807,22.65423406060606,82.20022463636361
32025,STATE - MIZORAM,Central banking,3,3,0,0,0,0,3,3,0,0,0,0,0,0,0,0,0,0,3,3,22.65423406060606,82.20022463636361
32026,STATE - MIZORAM,Other monetary intermediation,1239,853,386,122,102,20,1117,751,366,22,17,5,0,0,0,22,17,5,1261,2.209844559585492,22.65423406060606,82.20022463636361
32027,STATE - MIZORAM,Activities of holding companies,9,6,3,1,0,1,8,6,2,0,0,0,0,0,0,0,0,0,9,2,22.65423406060606,82.20022463636361
32028,STATE - MIZORAM,Activities of holding companies,9,6,3,1,0,1,8,6,2,0,0,0,0,0,0,0,0,0,9,2,22.65423406060606,82.20022463636361
32029,STATE - MIZORAM,"Other financial service activities, except insurance and pension funding",12,7,5,1,0,1,11,7,4,1,0,1,0,0,0,1,0,1,13,1.4,22.65423406060606,82.20022463636361
32030,STATE - MIZORAM,Other credit granting,6,3,3,1,0,1,5,3,2,1,0,1,0,0,0,1,0,1,7,1,22.65423406060606,82.20022463636361
32031,STATE - MIZORAM,"Other financial service activities, except insurance and pension funding",6,4,2,0,0,0,6,4,2,0,0,0,0,0,0,0,0,0,6,2,22.65423406060606,82.20022463636361
32032,STATE - MIZORAM,"Insurance, reinsurance and pension funding, except compulsory social",157,109,48,4,2,2,153,107,46,14,9,5,0,0,0,14,9,5,171,2.270833333333333,22.65423406060606,82.20022463636361
32033,STATE - MIZORAM,Insurance,157,109,48,4,2,2,153,107,46,14,9,5,0,0,0,14,9,5,171,2.270833333333333,22.65423406060606,82.20022463636361
32034,STATE - MIZORAM,Life insurance,119,86,33,3,1,2,116,85,31,8,5,3,0,0,0,8,5,3,127,2.606060606060606,22.65423406060606,82.20022463636361
32035,STATE - MIZORAM,Non-life insurance,38,23,15,1,1,0,37,22,15,6,4,2,0,0,0,6,4,2,44,1.5333333333333334,22.65423406060606,82.20022463636361
32036,STATE - MIZORAM,Other financial activities,72,40,32,6,5,1,66,35,31,4,0,4,0,0,0,4,0,4,76,1.25,22.65423406060606,82.20022463636361
32037,STATE - MIZORAM,Activities auxiliary to insurance and pension funding,43,26,17,3,3,0,40,23,17,2,0,2,0,0,0,2,0,2,45,1.5294117647058822,22.65423406060606,82.20022463636361
32038,STATE - MIZORAM,Activities of insurance agents and brokers,36,19,17,2,2,0,34,17,17,2,0,2,0,0,0,2,0,2,38,1.1176470588235294,22.65423406060606,82.20022463636361
32039,STATE - MIZORAM,Other activities auxiliary to insurance and pension funding,7,7,0,1,1,0,6,6,0,0,0,0,0,0,0,0,0,0,7,7,22.65423406060606,82.20022463636361
32040,STATE - MIZORAM,Fund management activities,29,14,15,3,2,1,26,12,14,2,0,2,0,0,0,2,0,2,31,0.9333333333333332,22.65423406060606,82.20022463636361
32041,STATE - MIZORAM,Fund management activities,29,14,15,3,2,1,26,12,14,2,0,2,0,0,0,2,0,2,31,0.9333333333333332,22.65423406060606,82.20022463636361
32042,STATE - MIZORAM,Real estate activities,33,18,15,2,0,2,31,18,13,3,0,3,0,0,0,3,0,3,36,1.2,22.65423406060606,82.20022463636361
32043,STATE - MIZORAM,Real estate activities with own or leased property,15,13,2,0,0,0,15,13,2,0,0,0,0,0,0,0,0,0,15,6.5,22.65423406060606,82.20022463636361
32044,STATE - MIZORAM,Real estate activities with own or leased property,15,13,2,0,0,0,15,13,2,0,0,0,0,0,0,0,0,0,15,6.5,22.65423406060606,82.20022463636361
32045,STATE - MIZORAM,Real estate activities on a fee or contract basis,18,5,13,2,0,2,16,5,11,3,0,3,0,0,0,3,0,3,21,0.3846153846153846,22.65423406060606,82.20022463636361
32046,STATE - MIZORAM,Real estate activities on a fee or contract basis,18,5,13,2,0,2,16,5,11,3,0,3,0,0,0,3,0,3,21,0.3846153846153846,22.65423406060606,82.20022463636361
32047,STATE - MIZORAM,Legal and accounting activities,223,153,70,5,3,2,218,150,68,5,5,0,0,0,0,5,5,0,228,2.185714285714285,22.65423406060606,82.20022463636361
32048,STATE - MIZORAM,Legal activities,209,145,64,5,3,2,204,142,62,5,5,0,0,0,0,5,5,0,214,2.265625,22.65423406060606,82.20022463636361
32049,STATE - MIZORAM,Legal activities,209,145,64,5,3,2,204,142,62,5,5,0,0,0,0,5,5,0,214,2.265625,22.65423406060606,82.20022463636361
32050,STATE - MIZORAM,"Accounting, bookkeeping and auditing activities; tax consultancy",14,8,6,0,0,0,14,8,6,0,0,0,0,0,0,0,0,0,14,1.3333333333333333,22.65423406060606,82.20022463636361
32051,STATE - MIZORAM,"Accounting, bookkeeping and auditing activities; tax consultancy",14,8,6,0,0,0,14,8,6,0,0,0,0,0,0,0,0,0,14,1.3333333333333333,22.65423406060606,82.20022463636361
32052,STATE - MIZORAM,Activities of head offices; management consultancy activities,10,8,2,0,0,0,10,8,2,0,0,0,0,0,0,0,0,0,10,4,22.65423406060606,82.20022463636361
32053,STATE - MIZORAM,Activities of head offices,4,4,0,0,0,0,4,4,0,0,0,0,0,0,0,0,0,0,4,4,22.65423406060606,82.20022463636361
32054,STATE - MIZORAM,Activities of head offices,4,4,0,0,0,0,4,4,0,0,0,0,0,0,0,0,0,0,4,4,22.65423406060606,82.20022463636361
32055,STATE - MIZORAM,Management consultancy activities,6,4,2,0,0,0,6,4,2,0,0,0,0,0,0,0,0,0,6,2,22.65423406060606,82.20022463636361
32056,STATE - MIZORAM,Management consultancy activities,6,4,2,0,0,0,6,4,2,0,0,0,0,0,0,0,0,0,6,2,22.65423406060606,82.20022463636361
32057,STATE - MIZORAM,Architecture and engineering activities; technical testing and analysis,36,32,4,1,1,0,35,31,4,0,0,0,0,0,0,0,0,0,36,8,22.65423406060606,82.20022463636361
32058,STATE - MIZORAM,Architectural and engineering activities and related technical consultancy,32,28,4,1,1,0,31,27,4,0,0,0,0,0,0,0,0,0,32,7,22.65423406060606,82.20022463636361
32059,STATE - MIZORAM,Architectural and engineering activities and related technical,32,28,4,1,1,0,31,27,4,0,0,0,0,0,0,0,0,0,32,7,22.65423406060606,82.20022463636361
32060,STATE - MIZORAM,Technical testing and analysis,4,4,0,0,0,0,4,4,0,0,0,0,0,0,0,0,0,0,4,4,22.65423406060606,82.20022463636361
32061,STATE - MIZORAM,Technical testing and analysis,4,4,0,0,0,0,4,4,0,0,0,0,0,0,0,0,0,0,4,4,22.65423406060606,82.20022463636361
32062,STATE - MIZORAM,Scientific research and development,9,9,0,0,0,0,9,9,0,2,0,2,0,0,0,2,0,2,11,9,22.65423406060606,82.20022463636361
32063,STATE - MIZORAM,Research and experimental development on natural sciences and,9,9,0,0,0,0,9,9,0,2,0,2,0,0,0,2,0,2,11,9,22.65423406060606,82.20022463636361
32064,STATE - MIZORAM,Research and experimental development on natural sciences and,9,9,0,0,0,0,9,9,0,2,0,2,0,0,0,2,0,2,11,9,22.65423406060606,82.20022463636361
32065,STATE - MIZORAM,Advertising and market research,9,9,0,0,0,0,9,9,0,0,0,0,0,0,0,0,0,0,9,9,22.65423406060606,82.20022463636361
32066,STATE - MIZORAM,Advertising,9,9,0,0,0,0,9,9,0,0,0,0,0,0,0,0,0,0,9,9,22.65423406060606,82.20022463636361
32067,STATE - MIZORAM,Advertising,9,9,0,0,0,0,9,9,0,0,0,0,0,0,0,0,0,0,9,9,22.65423406060606,82.20022463636361
32068,STATE - MIZORAM,"Other professional, scientific and technical activities",182,144,38,13,11,2,169,133,36,24,12,12,2,1,1,22,11,11,206,3.789473684210526,22.65423406060606,82.20022463636361
32069,STATE - MIZORAM,Specialized design activities,31,9,22,3,2,1,28,7,21,13,2,11,0,0,0,13,2,11,44,0.4090909090909091,22.65423406060606,82.20022463636361
32070,STATE - MIZORAM,Specialized design activities,31,9,22,3,2,1,28,7,21,13,2,11,0,0,0,13,2,11,44,0.4090909090909091,22.65423406060606,82.20022463636361
32071,STATE - MIZORAM,Photographic activities,145,132,13,10,9,1,135,123,12,10,9,1,2,1,1,8,8,0,155,10.153846153846152,22.65423406060606,82.20022463636361
32072,STATE - MIZORAM,Photographic activities,145,132,13,10,9,1,135,123,12,10,9,1,2,1,1,8,8,0,155,10.153846153846152,22.65423406060606,82.20022463636361
32073,STATE - MIZORAM,"Other professional, scientific and technical activities n.e.c.",6,3,3,0,0,0,6,3,3,1,1,0,0,0,0,1,1,0,7,1,22.65423406060606,82.20022463636361
32074,STATE - MIZORAM,"Other professional, scientific and technical activities n.e.c.",6,3,3,0,0,0,6,3,3,1,1,0,0,0,0,1,1,0,7,1,22.65423406060606,82.20022463636361
32075,STATE - MIZORAM,Veterinary activities,943,786,157,154,147,7,789,639,150,14,11,3,3,3,0,11,8,3,957,5.006369426751593,22.65423406060606,82.20022463636361
32076,STATE - MIZORAM,Veterinary activities,943,786,157,154,147,7,789,639,150,14,11,3,3,3,0,11,8,3,957,5.006369426751593,22.65423406060606,82.20022463636361
32077,STATE - MIZORAM,Veterinary activities,943,786,157,154,147,7,789,639,150,14,11,3,3,3,0,11,8,3,957,5.006369426751593,22.65423406060606,82.20022463636361
32078,STATE - MIZORAM,Rental and leasing activities,12,9,3,1,1,0,11,8,3,4,4,0,0,0,0,4,4,0,16,3,22.65423406060606,82.20022463636361
32079,STATE - MIZORAM,Renting and leasing of motor vehicles,7,5,2,1,1,0,6,4,2,0,0,0,0,0,0,0,0,0,7,2.5,22.65423406060606,82.20022463636361
32080,STATE - MIZORAM,Renting and leasing of motor vehicles,7,5,2,1,1,0,6,4,2,0,0,0,0,0,0,0,0,0,7,2.5,22.65423406060606,82.20022463636361
32081,STATE - MIZORAM,Renting and leasing of personal and household goods,5,4,1,0,0,0,5,4,1,4,4,0,0,0,0,4,4,0,9,4,22.65423406060606,82.20022463636361
32082,STATE - MIZORAM,Renting and leasing of other personal and household goods n.e.c.,5,4,1,0,0,0,5,4,1,4,4,0,0,0,0,4,4,0,9,4,22.65423406060606,82.20022463636361
32083,STATE - MIZORAM,"Travel agency, tour operator and other reservation service activities",82,57,25,7,4,3,75,53,22,4,0,4,0,0,0,4,0,4,86,2.28,22.65423406060606,82.20022463636361
32084,STATE - MIZORAM,Travel agency and tour operator activities,75,54,21,7,4,3,68,50,18,4,0,4,0,0,0,4,0,4,79,2.571428571428572,22.65423406060606,82.20022463636361
32085,STATE - MIZORAM,Travel agency activities,55,39,16,0,0,0,55,39,16,2,0,2,0,0,0,2,0,2,57,2.4375,22.65423406060606,82.20022463636361
32086,STATE - MIZORAM,Tour operator activities,20,15,5,7,4,3,13,11,2,2,0,2,0,0,0,2,0,2,22,3,22.65423406060606,82.20022463636361
32087,STATE - MIZORAM,Other reservation service activities,7,3,4,0,0,0,7,3,4,0,0,0,0,0,0,0,0,0,7,0.75,22.65423406060606,82.20022463636361
32088,STATE - MIZORAM,Other reservation service and related activities,7,3,4,0,0,0,7,3,4,0,0,0,0,0,0,0,0,0,7,0.75,22.65423406060606,82.20022463636361
32089,STATE - MIZORAM,Security and investigation activities,56,50,6,15,15,0,41,35,6,9,8,1,3,3,0,6,5,1,65,8.333333333333334,22.65423406060606,82.20022463636361
32090,STATE - MIZORAM,Private security activities,44,38,6,11,11,0,33,27,6,6,5,1,0,0,0,6,5,1,50,6.333333333333333,22.65423406060606,82.20022463636361
32091,STATE - MIZORAM,Private security activities,44,38,6,11,11,0,33,27,6,6,5,1,0,0,0,6,5,1,50,6.333333333333333,22.65423406060606,82.20022463636361
32092,STATE - MIZORAM,Security systems service activities,12,12,0,4,4,0,8,8,0,3,3,0,3,3,0,0,0,0,15,12,22.65423406060606,82.20022463636361
32093,STATE - MIZORAM,Security systems service activities,12,12,0,4,4,0,8,8,0,3,3,0,3,3,0,0,0,0,15,12,22.65423406060606,82.20022463636361
32094,STATE - MIZORAM,Services to buildings and landscape activities,47,16,31,1,1,0,46,15,31,11,4,7,1,0,1,10,4,6,58,0.5161290322580645,22.65423406060606,82.20022463636361
32095,STATE - MIZORAM,Combined facilities support activities,7,1,6,1,1,0,6,0,6,0,0,0,0,0,0,0,0,0,7,0.1666666666666666,22.65423406060606,82.20022463636361
32096,STATE - MIZORAM,Combined facilities support activities,7,1,6,1,1,0,6,0,6,0,0,0,0,0,0,0,0,0,7,0.1666666666666666,22.65423406060606,82.20022463636361
32097,STATE - MIZORAM,Cleaning activities,39,15,24,0,0,0,39,15,24,9,4,5,1,0,1,8,4,4,48,0.625,22.65423406060606,82.20022463636361
32098,STATE - MIZORAM,General cleaning of buildings,14,0,14,0,0,0,14,0,14,0,0,0,0,0,0,0,0,0,14,0,22.65423406060606,82.20022463636361
32099,STATE - MIZORAM,Other building and industrial cleaning activities,25,15,10,0,0,0,25,15,10,9,4,5,1,0,1,8,4,4,34,1.5,22.65423406060606,82.20022463636361
32100,STATE - MIZORAM,Landscape care and maintenance service activities,1,0,1,0,0,0,1,0,1,2,0,2,0,0,0,2,0,2,3,0,22.65423406060606,82.20022463636361
32101,STATE - MIZORAM,Landscape care and maintenance service activities,1,0,1,0,0,0,1,0,1,2,0,2,0,0,0,2,0,2,3,0,22.65423406060606,82.20022463636361
32102,STATE - MIZORAM,"Office administrative, office support and other business support activities",3934,2454,1480,315,206,109,3619,2248,1371,431,221,210,42,25,17,389,196,193,4365,1.6581081081081082,22.65423406060606,82.20022463636361
32103,STATE - MIZORAM,Office administrative and support activities,82,49,33,6,5,1,76,44,32,3,2,1,1,0,1,2,2,0,85,1.4848484848484849,22.65423406060606,82.20022463636361
32104,STATE - MIZORAM,Combined office administrative service activities,8,3,5,2,1,1,6,2,4,0,0,0,0,0,0,0,0,0,8,0.6,22.65423406060606,82.20022463636361
32105,STATE - MIZORAM,"Photocopying, document preparation and other specialized office",74,46,28,4,4,0,70,42,28,3,2,1,1,0,1,2,2,0,77,1.6428571428571428,22.65423406060606,82.20022463636361
32106,STATE - MIZORAM,Activities of call centres,41,20,21,1,0,1,40,20,20,1,1,0,1,1,0,0,0,0,42,0.9523809523809524,22.65423406060606,82.20022463636361
32107,STATE - MIZORAM,Activities of call centres,41,20,21,1,0,1,40,20,20,1,1,0,1,1,0,0,0,0,42,0.9523809523809524,22.65423406060606,82.20022463636361
32108,STATE - MIZORAM,Organization of conventions and trade shows,2,2,0,0,0,0,2,2,0,0,0,0,0,0,0,0,0,0,2,2,22.65423406060606,82.20022463636361
32109,STATE - MIZORAM,Organization of conventions and trade shows,2,2,0,0,0,0,2,2,0,0,0,0,0,0,0,0,0,0,2,2,22.65423406060606,82.20022463636361
32110,STATE - MIZORAM,Business support service activities n.e.c.,3809,2383,1426,308,201,107,3501,2182,1319,427,218,209,40,24,16,387,194,193,4236,1.671107994389902,22.65423406060606,82.20022463636361
32111,STATE - MIZORAM,Activities of collection agencies and credit bureaus,10,5,5,0,0,0,10,5,5,0,0,0,0,0,0,0,0,0,10,1,22.65423406060606,82.20022463636361
32112,STATE - MIZORAM,Packaging activities,8,3,5,1,0,1,7,3,4,6,4,2,0,0,0,6,4,2,14,0.6,22.65423406060606,82.20022463636361
32113,STATE - MIZORAM,Other business support service activities n.e.c.,3791,2375,1416,307,201,106,3484,2174,1310,421,214,207,40,24,16,381,190,191,4212,1.6772598870056497,22.65423406060606,82.20022463636361
32114,STATE - MIZORAM,Public administration and defence; compulsory social security,36336,30249,6087,5566,5248,318,30770,25001,5769,587,433,154,124,97,27,463,336,127,36923,4.969443075406605,22.65423406060606,82.20022463636361
32115,STATE - MIZORAM,Administration of the State and the economic and social policy of the,18162,13127,5035,2042,1790,252,16120,11337,4783,306,197,109,49,36,13,257,161,96,18468,2.607149950347567,22.65423406060606,82.20022463636361
32116,STATE - MIZORAM,General public administration activities,17845,12910,4935,2014,1763,251,15831,11147,4684,304,197,107,49,36,13,255,161,94,18149,2.6160081053698074,22.65423406060606,82.20022463636361
32117,STATE - MIZORAM,"Regulation of the activities of providing health care, education, cultural",277,191,86,26,25,1,251,166,85,0,0,0,0,0,0,0,0,0,277,2.2209302325581395,22.65423406060606,82.20022463636361
32118,STATE - MIZORAM,Regulation of and contribution to more efficient operation of,40,26,14,2,2,0,38,24,14,2,0,2,0,0,0,2,0,2,42,1.8571428571428568,22.65423406060606,82.20022463636361
32119,STATE - MIZORAM,Provision of services to the community as a whole,13983,13329,654,3011,2968,43,10972,10361,611,150,122,28,69,57,12,81,65,16,14133,20.380733944954127,22.65423406060606,82.20022463636361
32120,STATE - MIZORAM,Foreign affairs,14,14,0,1,1,0,13,13,0,0,0,0,0,0,0,0,0,0,14,14,22.65423406060606,82.20022463636361
32121,STATE - MIZORAM,Defence activities,9436,9108,328,2136,2106,30,7300,7002,298,108,88,20,51,41,10,57,47,10,9544,27.76829268292683,22.65423406060606,82.20022463636361
32122,STATE - MIZORAM,Public order and safety activities,4533,4207,326,874,861,13,3659,3346,313,42,34,8,18,16,2,24,18,6,4575,12.904907975460125,22.65423406060606,82.20022463636361
32123,STATE - MIZORAM,Compulsory social security activities,4191,3793,398,513,490,23,3678,3303,375,131,114,17,6,4,2,125,110,15,4322,9.530150753768844,22.65423406060606,82.20022463636361
32124,STATE - MIZORAM,Compulsory social security activities,4191,3793,398,513,490,23,3678,3303,375,131,114,17,6,4,2,125,110,15,4322,9.530150753768844,22.65423406060606,82.20022463636361
32125,STATE - MIZORAM,Education,27077,16239,10838,10095,7140,2955,16982,9099,7883,1083,461,622,388,191,197,695,270,425,28160,1.4983391769699206,22.65423406060606,82.20022463636361
32126,STATE - MIZORAM,Primary education,12523,6848,5675,5684,3798,1886,6839,3050,3789,491,206,285,201,102,99,290,104,186,13014,1.2066960352422909,22.65423406060606,82.20022463636361
32127,STATE - MIZORAM,Primary education,12523,6848,5675,5684,3798,1886,6839,3050,3789,491,206,285,201,102,99,290,104,186,13014,1.2066960352422909,22.65423406060606,82.20022463636361
32128,STATE - MIZORAM,Secondary education,9833,6399,3434,3666,2764,902,6167,3635,2532,230,120,110,85,51,34,145,69,76,10063,1.8634245777518927,22.65423406060606,82.20022463636361
32129,STATE - MIZORAM,General secondary education,9806,6379,3427,3662,2763,899,6144,3616,2528,230,120,110,85,51,34,145,69,76,10036,1.8613948059527283,22.65423406060606,82.20022463636361
32130,STATE - MIZORAM,Technical and vocational secondary education,27,20,7,4,1,3,23,19,4,0,0,0,0,0,0,0,0,0,27,2.857142857142857,22.65423406060606,82.20022463636361
32131,STATE - MIZORAM,Higher education,1980,1191,789,56,38,18,1924,1153,771,38,18,20,1,0,1,37,18,19,2018,1.5095057034220531,22.65423406060606,82.20022463636361
32132,STATE - MIZORAM,Higher education,1980,1191,789,56,38,18,1924,1153,771,38,18,20,1,0,1,37,18,19,2018,1.5095057034220531,22.65423406060606,82.20022463636361
32133,STATE - MIZORAM,Other education,661,408,253,170,125,45,491,283,208,203,91,112,60,28,32,143,63,80,864,1.6126482213438735,22.65423406060606,82.20022463636361
32134,STATE - MIZORAM,Sports and recreation education,17,15,2,5,4,1,12,11,1,3,3,0,1,1,0,2,2,0,20,7.5,22.65423406060606,82.20022463636361
32135,STATE - MIZORAM,Cultural education,31,24,7,5,5,0,26,19,7,0,0,0,0,0,0,0,0,0,31,3.4285714285714284,22.65423406060606,82.20022463636361
32136,STATE - MIZORAM,Other education n.e.c.,613,369,244,160,116,44,453,253,200,200,88,112,59,27,32,141,61,80,813,1.5122950819672132,22.65423406060606,82.20022463636361
32137,STATE - MIZORAM,Educational support services,2080,1393,687,519,415,104,1561,978,583,121,26,95,41,10,31,80,16,64,2201,2.027656477438137,22.65423406060606,82.20022463636361
32138,STATE - MIZORAM,Educational support services,2080,1393,687,519,415,104,1561,978,583,121,26,95,41,10,31,80,16,64,2201,2.027656477438137,22.65423406060606,82.20022463636361
32139,STATE - MIZORAM,Human health activities,7842,3199,4643,1974,801,1173,5868,2398,3470,291,73,218,96,18,78,195,55,140,8133,0.6889941847943141,22.65423406060606,82.20022463636361
32140,STATE - MIZORAM,Hospital activities,3956,1890,2066,858,476,382,3098,1414,1684,95,27,68,17,5,12,78,22,56,4051,0.914811229428848,22.65423406060606,82.20022463636361
32141,STATE - MIZORAM,Hospital activities,3956,1890,2066,858,476,382,3098,1414,1684,95,27,68,17,5,12,78,22,56,4051,0.914811229428848,22.65423406060606,82.20022463636361
32142,STATE - MIZORAM,Medical and dental practice activities,396,233,163,20,15,5,376,218,158,11,6,5,0,0,0,11,6,5,407,1.4294478527607362,22.65423406060606,82.20022463636361
32143,STATE - MIZORAM,Medical and dental practice activities,396,233,163,20,15,5,376,218,158,11,6,5,0,0,0,11,6,5,407,1.4294478527607362,22.65423406060606,82.20022463636361
32144,STATE - MIZORAM,Other human health activities,3490,1076,2414,1096,310,786,2394,766,1628,185,40,145,79,13,66,106,27,79,3675,0.4457332228666114,22.65423406060606,82.20022463636361
32145,STATE - MIZORAM,Other human health activities,3490,1076,2414,1096,310,786,2394,766,1628,185,40,145,79,13,66,106,27,79,3675,0.4457332228666114,22.65423406060606,82.20022463636361
32146,STATE - MIZORAM,Residential care activities,23,12,11,4,0,4,19,12,7,10,0,10,1,0,1,9,0,9,33,1.0909090909090908,22.65423406060606,82.20022463636361
32147,STATE - MIZORAM,"Residential care activities for mental retardation, mental health and substance",2,0,2,0,0,0,2,0,2,5,0,5,0,0,0,5,0,5,7,0,22.65423406060606,82.20022463636361
32148,STATE - MIZORAM,"Residential care activities for mental retardation, mental health and",2,0,2,0,0,0,2,0,2,5,0,5,0,0,0,5,0,5,7,0,22.65423406060606,82.20022463636361
32149,STATE - MIZORAM,Residential care activities for the elderly and disabled,3,2,1,1,0,1,2,2,0,4,0,4,0,0,0,4,0,4,7,2,22.65423406060606,82.20022463636361
32150,STATE - MIZORAM,Residential care activities for the elderly and disabled,3,2,1,1,0,1,2,2,0,4,0,4,0,0,0,4,0,4,7,2,22.65423406060606,82.20022463636361
32151,STATE - MIZORAM,Other residential care activities n.e.c.,18,10,8,3,0,3,15,10,5,1,0,1,1,0,1,0,0,0,19,1.25,22.65423406060606,82.20022463636361
32152,STATE - MIZORAM,Other residential care activities n.e.c.,18,10,8,3,0,3,15,10,5,1,0,1,1,0,1,0,0,0,19,1.25,22.65423406060606,82.20022463636361
32153,STATE - MIZORAM,Social work activities without accommodation,790,333,457,206,43,163,584,290,294,133,81,52,9,0,9,124,81,43,923,0.7286652078774617,22.65423406060606,82.20022463636361
32154,STATE - MIZORAM,Social work activities without accommodation for the elderly and disabled,64,34,30,8,2,6,56,32,24,22,4,18,0,0,0,22,4,18,86,1.1333333333333333,22.65423406060606,82.20022463636361
32155,STATE - MIZORAM,Social work activities without accommodation for the elderly and,64,34,30,8,2,6,56,32,24,22,4,18,0,0,0,22,4,18,86,1.1333333333333333,22.65423406060606,82.20022463636361
32156,STATE - MIZORAM,Other social work activities without accommodation n.e.c.,726,299,427,198,41,157,528,258,270,111,77,34,9,0,9,102,77,25,837,0.7002341920374707,22.65423406060606,82.20022463636361
32157,STATE - MIZORAM,Other social work activities without accommodation n.e.c.,726,299,427,198,41,157,528,258,270,111,77,34,9,0,9,102,77,25,837,0.7002341920374707,22.65423406060606,82.20022463636361
32158,STATE - MIZORAM,"Creative, arts and entertainment activities",364,326,38,11,8,3,353,318,35,51,43,8,1,1,0,50,42,8,415,8.578947368421053,22.65423406060606,82.20022463636361
32159,STATE - MIZORAM,"Creative, arts and entertainment activities",364,326,38,11,8,3,353,318,35,51,43,8,1,1,0,50,42,8,415,8.578947368421053,22.65423406060606,82.20022463636361
32160,STATE - MIZORAM,"Dramatic arts, music and other arts activities",364,326,38,11,8,3,353,318,35,51,43,8,1,1,0,50,42,8,415,8.578947368421053,22.65423406060606,82.20022463636361
32161,STATE - MIZORAM,"Libraries, archives, museums and other cultural activities",44,31,13,0,0,0,44,31,13,0,0,0,0,0,0,0,0,0,44,2.3846153846153846,22.65423406060606,82.20022463636361
32162,STATE - MIZORAM,"Libraries, archives, museums and other cultural activities",44,31,13,0,0,0,44,31,13,0,0,0,0,0,0,0,0,0,44,2.3846153846153846,22.65423406060606,82.20022463636361
32163,STATE - MIZORAM,Library and archives activities,40,27,13,0,0,0,40,27,13,0,0,0,0,0,0,0,0,0,40,2.076923076923077,22.65423406060606,82.20022463636361
32164,STATE - MIZORAM,Museums activities and operation of historical sites and buildings,4,4,0,0,0,0,4,4,0,0,0,0,0,0,0,0,0,0,4,4,22.65423406060606,82.20022463636361
32165,STATE - MIZORAM,Gambling and betting activities,6,2,4,0,0,0,6,2,4,5,2,3,1,0,1,4,2,2,11,0.5,22.65423406060606,82.20022463636361
32166,STATE - MIZORAM,Gambling and betting activities,6,2,4,0,0,0,6,2,4,5,2,3,1,0,1,4,2,2,11,0.5,22.65423406060606,82.20022463636361
32167,STATE - MIZORAM,Gambling and betting activities,6,2,4,0,0,0,6,2,4,5,2,3,1,0,1,4,2,2,11,0.5,22.65423406060606,82.20022463636361
32168,STATE - MIZORAM,Sports activities and amusement and recreation activities,208,159,49,12,11,1,196,148,48,18,15,3,3,3,0,15,12,3,226,3.2448979591836733,22.65423406060606,82.20022463636361
32169,STATE - MIZORAM,Sports activities,163,130,33,7,7,0,156,123,33,12,11,1,3,3,0,9,8,1,175,3.939393939393939,22.65423406060606,82.20022463636361
32170,STATE - MIZORAM,Operation of sports facilities,40,32,8,2,2,0,38,30,8,0,0,0,0,0,0,0,0,0,40,4,22.65423406060606,82.20022463636361
32171,STATE - MIZORAM,Activities of sports clubs,26,24,2,1,1,0,25,23,2,5,4,1,2,2,0,3,2,1,31,12,22.65423406060606,82.20022463636361
32172,STATE - MIZORAM,Other sports activities,97,74,23,4,4,0,93,70,23,7,7,0,1,1,0,6,6,0,104,3.217391304347826,22.65423406060606,82.20022463636361
32173,STATE - MIZORAM,Other amusement and recreation activities,45,29,16,5,4,1,40,25,15,6,4,2,0,0,0,6,4,2,51,1.8125,22.65423406060606,82.20022463636361
32174,STATE - MIZORAM,Activities of amusement parks and theme parks,1,1,0,0,0,0,1,1,0,0,0,0,0,0,0,0,0,0,1,1,22.65423406060606,82.20022463636361
32175,STATE - MIZORAM,Other amusement and recreation activities n.e.c.,44,28,16,5,4,1,39,24,15,6,4,2,0,0,0,6,4,2,50,1.75,22.65423406060606,82.20022463636361
32176,STATE - MIZORAM,Activities of membership organizations,2726,2290,436,855,743,112,1871,1547,324,267,229,38,41,35,6,226,194,32,2993,5.252293577981652,22.65423406060606,82.20022463636361
32177,STATE - MIZORAM,"Activities of business, employers and professional membership",22,18,4,2,2,0,20,16,4,3,3,0,0,0,0,3,3,0,25,4.5,22.65423406060606,82.20022463636361
32178,STATE - MIZORAM,Activities of business and employers membership organizations,21,17,4,2,2,0,19,15,4,2,2,0,0,0,0,2,2,0,23,4.25,22.65423406060606,82.20022463636361
32179,STATE - MIZORAM,Activities of professional membership organizations,1,1,0,0,0,0,1,1,0,1,1,0,0,0,0,1,1,0,2,1,22.65423406060606,82.20022463636361
32180,STATE - MIZORAM,Activities of trade unions,7,6,1,2,2,0,5,4,1,1,1,0,1,1,0,0,0,0,8,6,22.65423406060606,82.20022463636361
32181,STATE - MIZORAM,Activities of trade unions,7,6,1,2,2,0,5,4,1,1,1,0,1,1,0,0,0,0,8,6,22.65423406060606,82.20022463636361
32182,STATE - MIZORAM,Activities of other membership organizations,2697,2266,431,851,739,112,1846,1527,319,263,225,38,40,34,6,223,191,32,2960,5.25754060324826,22.65423406060606,82.20022463636361
32183,STATE - MIZORAM,Activities of religious organizations,1670,1321,349,506,403,103,1164,918,246,83,59,24,14,9,5,69,50,19,1753,3.785100286532952,22.65423406060606,82.20022463636361
32184,STATE - MIZORAM,Activities of political organizations,913,862,51,321,314,7,592,548,44,176,164,12,25,24,1,151,140,11,1089,16.901960784313726,22.65423406060606,82.20022463636361
32185,STATE - MIZORAM,Activities of other membership organizations n.e.c.,114,83,31,24,22,2,90,61,29,4,2,2,1,1,0,3,1,2,118,2.677419354838709,22.65423406060606,82.20022463636361
32186,STATE - MIZORAM,Repair of computers and personal and household goods,1172,652,520,150,86,64,1022,566,456,216,71,145,31,10,21,185,61,124,1388,1.2538461538461538,22.65423406060606,82.20022463636361
32187,STATE - MIZORAM,Repair of computers and communication equipment,140,131,9,13,13,0,127,118,9,30,28,2,0,0,0,30,28,2,170,14.555555555555555,22.65423406060606,82.20022463636361
32188,STATE - MIZORAM,Repair of computers and peripheral equipment,54,49,5,4,4,0,50,45,5,6,4,2,0,0,0,6,4,2,60,9.8,22.65423406060606,82.20022463636361
32189,STATE - MIZORAM,Repair of communication equipment,86,82,4,9,9,0,77,73,4,24,24,0,0,0,0,24,24,0,110,20.5,22.65423406060606,82.20022463636361
32190,STATE - MIZORAM,Repair of personal and household goods,1032,521,511,137,73,64,895,448,447,186,43,143,31,10,21,155,33,122,1218,1.0195694716242665,22.65423406060606,82.20022463636361
32191,STATE - MIZORAM,Repair of consumer electronics,110,77,33,21,14,7,89,63,26,19,9,10,9,3,6,10,6,4,129,2.333333333333333,22.65423406060606,82.20022463636361
32192,STATE - MIZORAM,Repair of household appliances and home and garden equipment,75,59,16,8,5,3,67,54,13,7,3,4,2,2,0,5,1,4,82,3.6875,22.65423406060606,82.20022463636361
32193,STATE - MIZORAM,Repair of footwear and leather goods,67,62,5,9,8,1,58,54,4,7,7,0,0,0,0,7,7,0,74,12.4,22.65423406060606,82.20022463636361
32194,STATE - MIZORAM,"Repair of personal and household goods, n.e.c.",780,323,457,99,46,53,681,277,404,153,24,129,20,5,15,133,19,114,933,0.7067833698030634,22.65423406060606,82.20022463636361
32195,STATE - MIZORAM,Other personal service activities,2749,1637,1112,384,301,83,2365,1336,1029,487,192,295,70,35,35,417,157,260,3236,1.4721223021582734,22.65423406060606,82.20022463636361
32196,STATE - MIZORAM,Other personal service activities,2749,1637,1112,384,301,83,2365,1336,1029,487,192,295,70,35,35,417,157,260,3236,1.4721223021582734,22.65423406060606,82.20022463636361
32197,STATE - MIZORAM,Washing and (dry-) cleaning of textile and fur products,45,23,22,0,0,0,45,23,22,25,5,20,0,0,0,25,5,20,70,1.0454545454545454,22.65423406060606,82.20022463636361
32198,STATE - MIZORAM,Hairdressing and other beauty treatment,1131,312,819,73,34,39,1058,278,780,269,53,216,33,17,16,236,36,200,1400,0.3809523809523809,22.65423406060606,82.20022463636361
32199,STATE - MIZORAM,Funeral and related activities,1,1,0,1,1,0,0,0,0,2,2,0,0,0,0,2,2,0,3,1,22.65423406060606,82.20022463636361
32200,STATE - MIZORAM,Other personal service activities n.e.c.,1572,1301,271,310,266,44,1262,1035,227,191,132,59,37,18,19,154,114,40,1763,4.800738007380073,22.65423406060606,82.20022463636361
32201,STATE - MIZORAM,Activities of households as employers of domestic personnel,1215,299,916,122,41,81,1093,258,835,533,124,409,113,16,97,420,108,312,1748,0.3264192139737991,22.65423406060606,82.20022463636361
32202,STATE - MIZORAM,Activities of households as employers of domestic personnel,1215,299,916,122,41,81,1093,258,835,533,124,409,113,16,97,420,108,312,1748,0.3264192139737991,22.65423406060606,82.20022463636361
32203,STATE - MIZORAM,Activities of households as employers of domestic personnel,1215,299,916,122,41,81,1093,258,835,533,124,409,113,16,97,420,108,312,1748,0.3264192139737991,22.65423406060606,82.20022463636361
32204,STATE - MIZORAM,Undifferentiated goods- and services-producing activities of private,10,7,3,2,1,1,8,6,2,3,2,1,2,1,1,1,1,0,13,2.333333333333333,22.65423406060606,82.20022463636361
32205,STATE - MIZORAM,Undifferentiated goods-producing activities of private households for own,10,7,3,2,1,1,8,6,2,3,2,1,2,1,1,1,1,0,13,2.333333333333333,22.65423406060606,82.20022463636361
32206,STATE - MIZORAM,Undifferentiated goods-producing activities of private households for own,10,7,3,2,1,1,8,6,2,3,2,1,2,1,1,1,1,0,13,2.333333333333333,22.65423406060606,82.20022463636361
32207,STATE - MIZORAM,Activities of extraterritorial organizations and bodies,6957,2956,4001,2353,904,1449,4604,2052,2552,7119,1808,5311,2773,694,2079,4346,1114,3232,14076,0.738815296175956,22.65423406060606,82.20022463636361
32208,STATE - MIZORAM,Activities of extraterritorial organizations and bodies,2,0,2,0,0,0,2,0,2,0,0,0,0,0,0,0,0,0,2,0,22.65423406060606,82.20022463636361
32209,STATE - MIZORAM,Activities of extraterritorial organizations and bodies,2,0,2,0,0,0,2,0,2,0,0,0,0,0,0,0,0,0,2,0,22.65423406060606,82.20022463636361
32210,STATE - MIZORAM,Blank,4306,2198,2108,1390,619,771,2916,1579,1337,4082,1279,2803,1505,494,1011,2577,785,1792,8388,1.0426944971537002,22.65423406060606,82.20022463636361
32211,STATE - MIZORAM,Blank,4306,2198,2108,1390,619,771,2916,1579,1337,4082,1279,2803,1505,494,1011,2577,785,1792,8388,1.0426944971537002,22.65423406060606,82.20022463636361
32212,STATE - MIZORAM,Incomplete description/ Wrongly Classifed,2649,758,1891,963,285,678,1686,473,1213,3037,529,2508,1268,200,1068,1769,329,1440,5686,0.4008461131676362,22.65423406060606,82.20022463636361
32213,STATE - MIZORAM,Incomplete description/ Wrongly Classifed,2649,758,1891,963,285,678,1686,473,1213,3037,529,2508,1268,200,1068,1769,329,1440,5686,0.4008461131676362,22.65423406060606,82.20022463636361
