,IndiaStates,NIC_Name,Main_Workers__Total___Persons,Main_Workers__Total__Males,Main_Workers__Total__Females,Main_Workers__Rural___Persons,Main_Workers__Rural__Males,Main_Workers__Rural__Females,Main_Workers__Urban___Persons,Main_Workers__Urban__Males,Main_Workers__Urban__Females,Marginal_Workers__Total___Persons,Marginal_Workers__Total__Males,Marginal_Workers__Total__Females,Marginal_Workers__Rural___Persons,Marginal_Workers__Rural__Males,Marginal_Workers__Rural__Females,Marginal_Workers__Urban___Persons,Marginal_Workers__Urban__Males,Marginal_Workers__Urban__Females,TotalWorkers,MaleFemaleRatio,Latitude,Longitude
179500,STATE - ODISHA,Growing of non-perennial crops,253,191,62,165,107,58,88,84,4,323,144,179,266,117,149,57,27,30,576,3.0806451612903225,27.100399,93.616601
179501,STATE - ODISHA,"Growing of cereals (except rice), leguminous crops and oil seeds",33,31,2,21,19,2,12,12,0,57,32,25,45,26,19,12,6,6,90,15.5,26.749981,94.216667
179502,STATE - ODISHA,Growing of rice,40,28,12,34,22,12,6,6,0,37,26,11,32,21,11,5,5,0,77,2.333333333333333,25.785414,87.479973
179503,STATE - ODISHA,"Growing of vegetables and melons, roots and tubers",136,108,28,76,50,26,60,58,2,143,66,77,133,60,73,10,6,4,279,3.857142857142857,30.719997,76.780006
179504,STATE - ODISHA,Growing of sugar cane,0,0,0,0,0,0,0,0,0,4,0,4,4,0,4,0,0,0,4,0,22.09042,82.159987
179505,STATE - ODISHA,Growing of tobacco,4,0,4,4,0,4,0,0,0,0,0,0,0,0,0,0,0,0,4,0,20.266578,73.016618
179506,STATE - ODISHA,Growing of fibre crops,26,12,14,18,4,14,8,8,0,67,16,51,39,6,33,28,10,18,93,0.8571428571428571,28.669993,77.230004
179507,STATE - ODISHA,Growing of other non-perennial crop,14,12,2,12,12,0,2,0,2,15,4,11,13,4,9,2,0,2,29,6,15.491997,73.818001
179508,STATE - ODISHA,Growing of perennial crops,222,144,78,178,120,58,44,24,20,250,128,122,240,126,114,10,2,8,472,1.8461538461538465,28.450006,77.019991
179509,STATE - ODISHA,Growing of tropical and subtropical fruits,16,10,6,16,10,6,0,0,0,16,10,6,14,8,6,2,2,0,32,1.6666666666666667,31.100025,77.166597
179510,STATE - ODISHA,Growing of citrus fruits,2,2,0,2,2,0,0,0,0,0,0,0,0,0,0,0,0,0,2,2,34.299959,74.466658
179511,STATE - ODISHA,Growing of pome fruits and stone fruits,2,2,0,2,2,0,0,0,0,4,4,0,4,4,0,0,0,0,6,2,23.800393,86.419986
179512,STATE - ODISHA,Growing of other tree and bush fruits and nuts,105,65,40,79,57,22,26,8,18,156,77,79,148,77,71,8,0,8,261,1.625,12.570381,76.919997
179513,STATE - ODISHA,Growing of oleaginous fruits,14,6,8,14,6,8,0,0,0,10,6,4,10,6,4,0,0,0,24,0.75,8.900373,76.569993
179514,STATE - ODISHA,Growing of beverage crops,43,25,18,35,19,16,8,6,2,26,10,16,26,10,16,0,0,0,69,1.3888888888888888,10.562573,72.636867
179515,STATE - ODISHA,"Growing of spices, aromatic, drug and pharmaceutical crops",12,6,6,6,0,6,6,6,0,4,2,2,4,2,2,0,0,0,16,1,21.300391,76.130019
179516,STATE - ODISHA,Growing of other perennial crops,28,28,0,24,24,0,4,4,0,34,19,15,34,19,15,0,0,0,62,28,19.250232,73.160175
179517,STATE - ODISHA,Plant propagation,285,209,76,245,181,64,40,28,12,166,102,64,156,96,60,10,6,4,451,2.75,24.799971,93.950017
179518,STATE - ODISHA,Plant propagation,285,209,76,245,181,64,40,28,12,166,102,64,156,96,60,10,6,4,451,2.75,25.570492,91.880014
179519,STATE - ODISHA,Animal production,8304,5994,2310,7915,5713,2202,389,281,108,8533,5222,3311,8386,5119,3267,147,103,44,16837,2.5948051948051947,23.710399,92.720015
179520,STATE - ODISHA,Raising of cattle and buffaloes,4649,3605,1044,4446,3444,1002,203,161,42,5552,3739,1813,5456,3669,1787,96,70,26,10201,3.453065134099617,25.666998,94.11657
179521,STATE - ODISHA,Raising and breeding of camels and camelids,4,2,2,4,2,2,0,0,0,2,0,2,2,0,2,0,0,0,6,1,19.82043,85.900017
179522,STATE - ODISHA,Raising of sheep and goats,2586,1568,1018,2513,1537,976,73,31,42,2250,1095,1155,2213,1074,1139,37,21,16,4836,1.5402750491159136,11.934994,79.83
179523,STATE - ODISHA,Raising of swine/pigs,34,20,14,22,16,6,12,4,8,24,14,10,22,12,10,2,2,0,58,1.4285714285714286,31.519974,75.980003
179524,STATE - ODISHA,Raising of poultry,551,424,127,485,366,119,66,58,8,275,111,164,269,105,164,6,6,0,826,3.338582677165354,26.449999,74.639981
179525,STATE - ODISHA,Raising of other animals,480,375,105,445,348,97,35,27,8,430,263,167,424,259,165,6,4,2,910,3.571428571428572,27.33333,88.616647
179526,STATE - ODISHA,Mixed farming,54,42,12,50,40,10,4,2,2,6,6,0,6,6,0,0,0,0,60,3.5,12.920386,79.150042
179527,STATE - ODISHA,Mixed farming,54,42,12,50,40,10,4,2,2,6,6,0,6,6,0,0,0,0,60,3.5,23.835404,91.279999
179528,STATE - ODISHA,Support activities to agriculture and post-harvest crop activities,9762,7257,2505,7862,5779,2083,1900,1478,422,14115,6560,7555,13336,6125,7211,779,435,344,23877,2.897005988023952,27.599981,78.050006
179529,STATE - ODISHA,Support activities for crop production,8752,6513,2239,6921,5083,1838,1831,1430,401,12987,5917,7070,12260,5510,6750,727,407,320,21739,2.9088878963823137,30.320409,78.050006
179530,STATE - ODISHA,Support activities for animal production,677,514,163,646,495,151,31,19,12,676,416,260,652,402,250,24,14,10,1353,3.1533742331288344,22.58039,88.329947
179531,STATE - ODISHA,Post-harvest crop activities,327,228,99,289,199,90,38,29,9,450,225,225,422,211,211,28,14,14,777,2.303030303030303,22.65423406060606,82.20022463636361
179532,STATE - ODISHA,Seed processing for propagation,6,2,4,6,2,4,0,0,0,2,2,0,2,2,0,0,0,0,8,0.5,22.65423406060606,82.20022463636361
179533,STATE - ODISHA,"Hunting, trapping and related service activities",11,9,2,11,9,2,0,0,0,8,6,2,8,6,2,0,0,0,19,4.5,22.65423406060606,82.20022463636361
179534,STATE - ODISHA,"Hunting, trapping and related service activities",11,9,2,11,9,2,0,0,0,8,6,2,8,6,2,0,0,0,19,4.5,22.65423406060606,82.20022463636361
179535,STATE - ODISHA,Forestry and logging,9314,6238,3076,8385,5607,2778,929,631,298,17613,5238,12375,17112,5099,12013,501,139,362,26927,2.027958387516255,22.65423406060606,82.20022463636361
179536,STATE - ODISHA,Silviculture and other forestry activities,894,606,288,817,557,260,77,49,28,1551,697,854,1501,682,819,50,15,35,2445,2.1041666666666665,22.65423406060606,82.20022463636361
179537,STATE - ODISHA,Silviculture and other forestry activities,894,606,288,817,557,260,77,49,28,1551,697,854,1501,682,819,50,15,35,2445,2.1041666666666665,22.65423406060606,82.20022463636361
179538,STATE - ODISHA,Logging,4898,3224,1674,4430,2948,1482,468,276,192,6326,2483,3843,5971,2391,3580,355,92,263,11224,1.9259259259259256,22.65423406060606,82.20022463636361
179539,STATE - ODISHA,Logging,4898,3224,1674,4430,2948,1482,468,276,192,6326,2483,3843,5971,2391,3580,355,92,263,11224,1.9259259259259256,22.65423406060606,82.20022463636361
179540,STATE - ODISHA,Gathering of non-wood forest products,2061,1112,949,1972,1058,914,89,54,35,9317,1795,7522,9240,1776,7464,77,19,58,11378,1.1717597471022128,22.65423406060606,82.20022463636361
179541,STATE - ODISHA,Gathering of non-wood forest products,2061,1112,949,1972,1058,914,89,54,35,9317,1795,7522,9240,1776,7464,77,19,58,11378,1.1717597471022128,22.65423406060606,82.20022463636361
179542,STATE - ODISHA,Support services to forestry,1461,1296,165,1166,1044,122,295,252,43,419,263,156,400,250,150,19,13,6,1880,7.8545454545454545,22.65423406060606,82.20022463636361
179543,STATE - ODISHA,Support services to forestry,1461,1296,165,1166,1044,122,295,252,43,419,263,156,400,250,150,19,13,6,1880,7.8545454545454545,22.65423406060606,82.20022463636361
179544,STATE - ODISHA,Fishing and aquaculture,2358,2098,260,2285,2045,240,73,53,20,1076,675,401,1055,657,398,21,18,3,3434,8.069230769230769,22.65423406060606,82.20022463636361
179545,STATE - ODISHA,Fishing,2125,1890,235,2072,1849,223,53,41,12,934,575,359,919,561,358,15,14,1,3059,8.042553191489361,22.65423406060606,82.20022463636361
179546,STATE - ODISHA,Marine fishing,1130,1012,118,1120,1002,118,10,10,0,616,348,268,614,346,268,2,2,0,1746,8.576271186440678,22.65423406060606,82.20022463636361
179547,STATE - ODISHA,Freash water fishing,995,878,117,952,847,105,43,31,12,318,227,91,305,215,90,13,12,1,1313,7.504273504273504,22.65423406060606,82.20022463636361
179548,STATE - ODISHA,Aquaculture,233,208,25,213,196,17,20,12,8,142,100,42,136,96,40,6,4,2,375,8.32,22.65423406060606,82.20022463636361
179549,STATE - ODISHA,Marine aquaculture,74,68,6,68,62,6,6,6,0,62,38,24,62,38,24,0,0,0,136,11.333333333333334,22.65423406060606,82.20022463636361
179550,STATE - ODISHA,Freshwater aquaculture,159,140,19,145,134,11,14,6,8,80,62,18,74,58,16,6,4,2,239,7.368421052631579,22.65423406060606,82.20022463636361
179551,STATE - ODISHA,Mining of coal and lignite,3563,3137,426,2167,1891,276,1396,1246,150,511,385,126,451,341,110,60,44,16,4074,7.363849765258216,22.65423406060606,82.20022463636361
179552,STATE - ODISHA,Mining of hard coal,3511,3089,422,2115,1843,272,1396,1246,150,503,379,124,443,335,108,60,44,16,4014,7.319905213270142,22.65423406060606,82.20022463636361
179553,STATE - ODISHA,Mining of hard coal,3511,3089,422,2115,1843,272,1396,1246,150,503,379,124,443,335,108,60,44,16,4014,7.319905213270142,22.65423406060606,82.20022463636361
179554,STATE - ODISHA,Mining of lignite,52,48,4,52,48,4,0,0,0,8,6,2,8,6,2,0,0,0,60,12,22.65423406060606,82.20022463636361
179555,STATE - ODISHA,Mining of lignite,52,48,4,52,48,4,0,0,0,8,6,2,8,6,2,0,0,0,60,12,22.65423406060606,82.20022463636361
179556,STATE - ODISHA,Extraction of crude petroleum and natural gas,14,12,2,10,8,2,4,4,0,6,4,2,6,4,2,0,0,0,20,6,22.65423406060606,82.20022463636361
179557,STATE - ODISHA,Extraction of crude petroleum,12,10,2,8,6,2,4,4,0,6,4,2,6,4,2,0,0,0,18,5,22.65423406060606,82.20022463636361
179558,STATE - ODISHA,Extraction of crude petroleum,12,10,2,8,6,2,4,4,0,6,4,2,6,4,2,0,0,0,18,5,22.65423406060606,82.20022463636361
179559,STATE - ODISHA,Extraction of natural gas,2,2,0,2,2,0,0,0,0,0,0,0,0,0,0,0,0,0,2,2,22.65423406060606,82.20022463636361
179560,STATE - ODISHA,Extraction of natural gas,2,2,0,2,2,0,0,0,0,0,0,0,0,0,0,0,0,0,2,2,22.65423406060606,82.20022463636361
179561,STATE - ODISHA,Mining of metal ores,15320,11482,3838,13262,9934,3328,2058,1548,510,3794,2513,1281,3470,2303,1167,324,210,114,19114,2.9916623241271494,22.65423406060606,82.20022463636361
179562,STATE - ODISHA,Mining of iron ores,12834,9660,3174,10930,8218,2712,1904,1442,462,3289,2177,1112,2995,1981,1014,294,196,98,16123,3.0434782608695654,22.65423406060606,82.20022463636361
179563,STATE - ODISHA,Mining of iron ores,12834,9660,3174,10930,8218,2712,1904,1442,462,3289,2177,1112,2995,1981,1014,294,196,98,16123,3.0434782608695654,22.65423406060606,82.20022463636361
179564,STATE - ODISHA,Mining of non-ferrous metal ores,2486,1822,664,2332,1716,616,154,106,48,505,336,169,475,322,153,30,14,16,2991,2.7439759036144578,22.65423406060606,82.20022463636361
179565,STATE - ODISHA,Mining of uranium and thorium ores,2,0,2,0,0,0,2,0,2,0,0,0,0,0,0,0,0,0,2,0,22.65423406060606,82.20022463636361
179566,STATE - ODISHA,Mining of other non-ferrous metal ores,2484,1822,662,2332,1716,616,152,106,46,505,336,169,475,322,153,30,14,16,2989,2.7522658610271904,22.65423406060606,82.20022463636361
179567,STATE - ODISHA,Other mining and quarrying,30051,21928,8123,27118,19737,7381,2933,2191,742,13325,7952,5373,12823,7640,5183,502,312,190,43376,2.699495260371784,22.65423406060606,82.20022463636361
179568,STATE - ODISHA,"Quarrying of stone, sand and clay",23297,16655,6642,21329,15223,6106,1968,1432,536,10662,6189,4473,10354,5995,4359,308,194,114,33959,2.5075278530563083,22.65423406060606,82.20022463636361
179569,STATE - ODISHA,"Quarrying of stone, sand and clay",23297,16655,6642,21329,15223,6106,1968,1432,536,10662,6189,4473,10354,5995,4359,308,194,114,33959,2.5075278530563083,22.65423406060606,82.20022463636361
179570,STATE - ODISHA,Mining and quarrying n.e.c.,6754,5273,1481,5789,4514,1275,965,759,206,2663,1763,900,2469,1645,824,194,118,76,9417,3.560432140445645,22.65423406060606,82.20022463636361
179571,STATE - ODISHA,Mining of chemical and fertilizer minerals,6,4,2,0,0,0,6,4,2,0,0,0,0,0,0,0,0,0,6,2,22.65423406060606,82.20022463636361
179572,STATE - ODISHA,Extraction and agglomeration of peat,30,30,0,22,22,0,8,8,0,12,8,4,8,6,2,4,2,2,42,30,22.65423406060606,82.20022463636361
179573,STATE - ODISHA,Extraction of salt,2,2,0,2,2,0,0,0,0,0,0,0,0,0,0,0,0,0,2,2,22.65423406060606,82.20022463636361
179574,STATE - ODISHA,Other mining and quarrying n.e.c.,6716,5237,1479,5765,4490,1275,951,747,204,2651,1755,896,2461,1639,822,190,116,74,9367,3.5409060175794456,22.65423406060606,82.20022463636361
179575,STATE - ODISHA,Mining support service activities,2270,1792,478,1752,1406,346,518,386,132,824,532,292,740,486,254,84,46,38,3094,3.7489539748953975,22.65423406060606,82.20022463636361
179576,STATE - ODISHA,Support activities for petroleum and natural gas mining,8,6,2,6,4,2,2,2,0,2,0,2,2,0,2,0,0,0,10,3,22.65423406060606,82.20022463636361
179577,STATE - ODISHA,Support activities for petroleum and natural gas mining,8,6,2,6,4,2,2,2,0,2,0,2,2,0,2,0,0,0,10,3,22.65423406060606,82.20022463636361
179578,STATE - ODISHA,Support activities for other mining and quarrying,2262,1786,476,1746,1402,344,516,384,132,822,532,290,738,486,252,84,46,38,3084,3.7521008403361344,22.65423406060606,82.20022463636361
179579,STATE - ODISHA,Support activities for other mining and quarrying,2262,1786,476,1746,1402,344,516,384,132,822,532,290,738,486,252,84,46,38,3084,3.7521008403361344,22.65423406060606,82.20022463636361
179580,STATE - ODISHA,Manufacture of food products,9101,6304,2797,7410,5140,2270,1691,1164,527,7163,3148,4015,6603,2845,3758,560,303,257,16264,2.2538434036467643,22.65423406060606,82.20022463636361
179581,STATE - ODISHA,Processing and preserving of meat,148,110,38,108,76,32,40,34,6,113,66,47,105,60,45,8,6,2,261,2.8947368421052637,22.65423406060606,82.20022463636361
179582,STATE - ODISHA,Processing and preserving of meat,148,110,38,108,76,32,40,34,6,113,66,47,105,60,45,8,6,2,261,2.8947368421052637,22.65423406060606,82.20022463636361
179583,STATE - ODISHA,"Processing and preserving of fish, crustaceans and molluscs",158,98,60,133,81,52,25,17,8,54,27,27,54,27,27,0,0,0,212,1.6333333333333333,22.65423406060606,82.20022463636361
179584,STATE - ODISHA,"Processing and preserving of fish, crustaceans and molluscs and",158,98,60,133,81,52,25,17,8,54,27,27,54,27,27,0,0,0,212,1.6333333333333333,22.65423406060606,82.20022463636361
179585,STATE - ODISHA,Processing and preserving of fruit and vegetables,125,62,63,95,44,51,30,18,12,134,51,83,92,33,59,42,18,24,259,0.984126984126984,22.65423406060606,82.20022463636361
179586,STATE - ODISHA,Processing and preserving of fruit and vegetables,125,62,63,95,44,51,30,18,12,134,51,83,92,33,59,42,18,24,259,0.984126984126984,22.65423406060606,82.20022463636361
179587,STATE - ODISHA,Manufacture of vegetable and animal oils and fats,129,110,19,123,106,17,6,4,2,29,16,13,29,16,13,0,0,0,158,5.789473684210527,22.65423406060606,82.20022463636361
179588,STATE - ODISHA,Manufacture of vegetable and animal oils and fats,129,110,19,123,106,17,6,4,2,29,16,13,29,16,13,0,0,0,158,5.789473684210527,22.65423406060606,82.20022463636361
179589,STATE - ODISHA,Manufacture of dairy products,651,424,227,544,351,193,107,73,34,1014,513,501,981,498,483,33,15,18,1665,1.86784140969163,22.65423406060606,82.20022463636361
179590,STATE - ODISHA,Manufacture of dairy products,651,424,227,544,351,193,107,73,34,1014,513,501,981,498,483,33,15,18,1665,1.86784140969163,22.65423406060606,82.20022463636361
179591,STATE - ODISHA,"Manufacture of grain mill products, starches and starch products",4913,3816,1097,4023,3131,892,890,685,205,4095,1884,2211,3748,1698,2050,347,186,161,9008,3.478577939835916,22.65423406060606,82.20022463636361
179592,STATE - ODISHA,Manufacture of grain mill products,4907,3810,1097,4017,3125,892,890,685,205,4092,1881,2211,3745,1695,2050,347,186,161,8999,3.4731084776663628,22.65423406060606,82.20022463636361
179593,STATE - ODISHA,Manufacture of starches and starch products,6,6,0,6,6,0,0,0,0,3,3,0,3,3,0,0,0,0,9,6,22.65423406060606,82.20022463636361
179594,STATE - ODISHA,Manufacture of other food products,2949,1658,1291,2360,1329,1031,589,329,260,1696,578,1118,1568,500,1068,128,78,50,4645,1.2842757552285051,22.65423406060606,82.20022463636361
179595,STATE - ODISHA,Manufacture of bakery products,223,191,32,131,109,22,92,82,10,55,43,12,43,31,12,12,12,0,278,5.96875,22.65423406060606,82.20022463636361
179596,STATE - ODISHA,Manufacture of sugar,49,41,8,43,35,8,6,6,0,28,20,8,28,20,8,0,0,0,77,5.125,22.65423406060606,82.20022463636361
179597,STATE - ODISHA,"Manufacture of cocoa, chocolate and sugar confectionery",176,154,22,145,125,20,31,29,2,80,59,21,66,48,18,14,11,3,256,7,22.65423406060606,82.20022463636361
179598,STATE - ODISHA,"Manufacture of macaroni, noodles, couscous and similar farinaceous",6,2,4,4,2,2,2,0,2,2,0,2,2,0,2,0,0,0,8,0.5,22.65423406060606,82.20022463636361
179599,STATE - ODISHA,Manufacture of prepared meals and dishes,633,493,140,545,435,110,88,58,30,401,192,209,347,156,191,54,36,18,1034,3.521428571428572,22.65423406060606,82.20022463636361
179600,STATE - ODISHA,Manufacture of other food products n.e.c.,1862,777,1085,1492,623,869,370,154,216,1130,264,866,1082,245,837,48,19,29,2992,0.7161290322580646,22.65423406060606,82.20022463636361
179601,STATE - ODISHA,Manufacture of prepared animal feeds,28,26,2,24,22,2,4,4,0,28,13,15,26,13,13,2,0,2,56,13,22.65423406060606,82.20022463636361
179602,STATE - ODISHA,Manufacture of prepared animal feeds,28,26,2,24,22,2,4,4,0,28,13,15,26,13,13,2,0,2,56,13,22.65423406060606,82.20022463636361
179603,STATE - ODISHA,Manufacture of beverages,691,291,400,468,226,242,223,65,158,356,83,273,308,75,233,48,8,40,1047,0.7275,22.65423406060606,82.20022463636361
179604,STATE - ODISHA,Manufacture of beverages,691,291,400,468,226,242,223,65,158,356,83,273,308,75,233,48,8,40,1047,0.7275,22.65423406060606,82.20022463636361
179605,STATE - ODISHA,"Distilling, rectifying and blending of spirits; ethyl alcohol production",404,112,292,252,80,172,152,32,120,208,31,177,182,27,155,26,4,22,612,0.3835616438356164,22.65423406060606,82.20022463636361
179606,STATE - ODISHA,Manufacture of wines,104,66,38,75,55,20,29,11,18,64,12,52,54,12,42,10,0,10,168,1.736842105263158,22.65423406060606,82.20022463636361
179607,STATE - ODISHA,Manufacture of malt liquors and malt,36,8,28,30,8,22,6,0,6,39,8,31,35,8,27,4,0,4,75,0.2857142857142857,22.65423406060606,82.20022463636361
179608,STATE - ODISHA,Manufacture of soft drinks; production of mineral waters and other,147,105,42,111,83,28,36,22,14,45,32,13,37,28,9,8,4,4,192,2.5,22.65423406060606,82.20022463636361
179609,STATE - ODISHA,Manufacture of tobacco products,14569,1238,13331,13254,966,12288,1315,272,1043,13149,647,12502,12132,561,11571,1017,86,931,27718,0.0928662515940289,22.65423406060606,82.20022463636361
179610,STATE - ODISHA,Manufacture of tobacco products,14569,1238,13331,13254,966,12288,1315,272,1043,13149,647,12502,12132,561,11571,1017,86,931,27718,0.0928662515940289,22.65423406060606,82.20022463636361
179611,STATE - ODISHA,Manufacture of tobacco products,14569,1238,13331,13254,966,12288,1315,272,1043,13149,647,12502,12132,561,11571,1017,86,931,27718,0.0928662515940289,22.65423406060606,82.20022463636361
179612,STATE - ODISHA,Manufacture of textiles,9104,6628,2476,7899,5761,2138,1205,867,338,8128,4307,3821,7373,3870,3503,755,437,318,17232,2.6768982229402263,22.65423406060606,82.20022463636361
179613,STATE - ODISHA,"Spinning, weaving and finishing of textiles",8497,6202,2295,7406,5397,2009,1091,805,286,7388,4105,3283,6641,3672,2969,747,433,314,15885,2.70239651416122,22.65423406060606,82.20022463636361
179614,STATE - ODISHA,Preparation and spinning of textile fibres,5662,4133,1529,4748,3475,1273,914,658,256,6603,3746,2857,5924,3347,2577,679,399,280,12265,2.703073904512753,22.65423406060606,82.20022463636361
179615,STATE - ODISHA,Weaving of textiles,2693,1971,722,2552,1852,700,141,119,22,725,323,402,669,291,378,56,32,24,3418,2.729916897506925,22.65423406060606,82.20022463636361
179616,STATE - ODISHA,Finishing of textiles,142,98,44,106,70,36,36,28,8,60,36,24,48,34,14,12,2,10,202,2.227272727272727,22.65423406060606,82.20022463636361
179617,STATE - ODISHA,Manufacture of other textiles,607,426,181,493,364,129,114,62,52,740,202,538,732,198,534,8,4,4,1347,2.3535911602209945,22.65423406060606,82.20022463636361
179618,STATE - ODISHA,Manufacture of knitted and crocheted fabrics,4,2,2,2,2,0,2,0,2,12,2,10,12,2,10,0,0,0,16,1,22.65423406060606,82.20022463636361
179619,STATE - ODISHA,"Manufacture of made-up textile articles, except apparel",16,16,0,12,12,0,4,4,0,5,4,1,5,4,1,0,0,0,21,16,22.65423406060606,82.20022463636361
179620,STATE - ODISHA,Manufacture of carpets and rugs,50,46,4,46,44,2,4,2,2,22,14,8,22,14,8,0,0,0,72,11.5,22.65423406060606,82.20022463636361
179621,STATE - ODISHA,"Manufacture of cordage, rope, twine and netting",455,298,157,369,256,113,86,42,44,673,162,511,669,162,507,4,0,4,1128,1.8980891719745223,22.65423406060606,82.20022463636361
179622,STATE - ODISHA,Manufacture of other textiles n.e.c.,82,64,18,64,50,14,18,14,4,28,20,8,24,16,8,4,4,0,110,3.555555555555556,22.65423406060606,82.20022463636361
179623,STATE - ODISHA,Manufacture of wearing apparel,3406,2444,962,2454,1902,552,952,542,410,1403,598,805,1092,502,590,311,96,215,4809,2.5405405405405403,22.65423406060606,82.20022463636361
179624,STATE - ODISHA,"Manufacture of wearing apparel, except fur apparel",3362,2406,956,2440,1888,552,922,518,404,1367,588,779,1084,500,584,283,88,195,4729,2.51673640167364,22.65423406060606,82.20022463636361
179625,STATE - ODISHA,"Manufacture of wearing apparel, except fur apparel",3362,2406,956,2440,1888,552,922,518,404,1367,588,779,1084,500,584,283,88,195,4729,2.51673640167364,22.65423406060606,82.20022463636361
179626,STATE - ODISHA,Manufacture of articles of fur,44,38,6,14,14,0,30,24,6,36,10,26,8,2,6,28,8,20,80,6.333333333333333,22.65423406060606,82.20022463636361
179627,STATE - ODISHA,Manufacture of articles of fur,44,38,6,14,14,0,30,24,6,36,10,26,8,2,6,28,8,20,80,6.333333333333333,22.65423406060606,82.20022463636361
179628,STATE - ODISHA,Manufacture of leather and related products,101,83,18,69,55,14,32,28,4,39,32,7,25,18,7,14,14,0,140,4.611111111111111,22.65423406060606,82.20022463636361
179629,STATE - ODISHA,"Tanning and dressing of leather; manufacture of luggage, handbags, saddlery",4,4,0,0,0,0,4,4,0,2,2,0,2,2,0,0,0,0,6,4,22.65423406060606,82.20022463636361
179630,STATE - ODISHA,"Manufacture of luggage, handbags and the like, saddlery and harness",4,4,0,0,0,0,4,4,0,2,2,0,2,2,0,0,0,0,6,4,22.65423406060606,82.20022463636361
179631,STATE - ODISHA,Manufacture of footwear,97,79,18,69,55,14,28,24,4,37,30,7,23,16,7,14,14,0,134,4.388888888888889,22.65423406060606,82.20022463636361
179632,STATE - ODISHA,Manufacture of footwear,97,79,18,69,55,14,28,24,4,37,30,7,23,16,7,14,14,0,134,4.388888888888889,22.65423406060606,82.20022463636361
179633,STATE - ODISHA,Sawmilling and planing of wood,519,493,26,452,430,22,67,63,4,319,293,26,301,275,26,18,18,0,838,18.96153846153846,22.65423406060606,82.20022463636361
179634,STATE - ODISHA,Saw milling and planing of wood,519,493,26,452,430,22,67,63,4,319,293,26,301,275,26,18,18,0,838,18.96153846153846,22.65423406060606,82.20022463636361
179635,STATE - ODISHA,Manufacture of builders carpentry and joinery,2738,2705,33,2190,2165,25,548,540,8,961,926,35,824,797,27,137,129,8,3699,81.96969696969697,22.65423406060606,82.20022463636361
179636,STATE - ODISHA,Manufacture of paper and paper products,776,672,104,396,364,32,380,308,72,210,135,75,127,83,44,83,52,31,986,6.461538461538462,22.65423406060606,82.20022463636361
179637,STATE - ODISHA,Manufacture of paper and paper products,776,672,104,396,364,32,380,308,72,210,135,75,127,83,44,83,52,31,986,6.461538461538462,22.65423406060606,82.20022463636361
179638,STATE - ODISHA,"Manufacture of pulp, paper and paperboard",428,378,50,228,212,16,200,166,34,121,81,40,81,61,20,40,20,20,549,7.56,22.65423406060606,82.20022463636361
179639,STATE - ODISHA,Manufacture of corrugated paper and paperboard and containers of,104,78,26,36,28,8,68,50,18,57,34,23,20,6,14,37,28,9,161,3,22.65423406060606,82.20022463636361
179640,STATE - ODISHA,Manufacture of other articles of paper and paperboard,244,216,28,132,124,8,112,92,20,32,20,12,26,16,10,6,4,2,276,7.714285714285714,22.65423406060606,82.20022463636361
179641,STATE - ODISHA,Printing and reproduction of recorded media,208,180,28,82,78,4,126,102,24,23,15,8,15,11,4,8,4,4,231,6.428571428571429,22.65423406060606,82.20022463636361
179642,STATE - ODISHA,Printing and service activities related to printing,208,180,28,82,78,4,126,102,24,23,15,8,15,11,4,8,4,4,231,6.428571428571429,22.65423406060606,82.20022463636361
179643,STATE - ODISHA,Printing,75,65,10,31,31,0,44,34,10,10,4,6,6,2,4,4,2,2,85,6.5,22.65423406060606,82.20022463636361
179644,STATE - ODISHA,Service activities related to printing,133,115,18,51,47,4,82,68,14,13,11,2,9,9,0,4,2,2,146,6.388888888888889,22.65423406060606,82.20022463636361
179645,STATE - ODISHA,Manufacture of coke and refined petroleum products,300,248,52,196,162,34,104,86,18,91,44,47,87,40,47,4,4,0,391,4.769230769230769,22.65423406060606,82.20022463636361
179646,STATE - ODISHA,Manufacture of coke oven products,176,138,38,114,88,26,62,50,12,80,38,42,76,34,42,4,4,0,256,3.631578947368421,22.65423406060606,82.20022463636361
179647,STATE - ODISHA,Manufacture of coke oven products,176,138,38,114,88,26,62,50,12,80,38,42,76,34,42,4,4,0,256,3.631578947368421,22.65423406060606,82.20022463636361
179648,STATE - ODISHA,Manufacture of refined petroleum products,124,110,14,82,74,8,42,36,6,11,6,5,11,6,5,0,0,0,135,7.857142857142857,22.65423406060606,82.20022463636361
179649,STATE - ODISHA,Manufacture of refined petroleum products,124,110,14,82,74,8,42,36,6,11,6,5,11,6,5,0,0,0,135,7.857142857142857,22.65423406060606,82.20022463636361
179650,STATE - ODISHA,Manufacture of chemicals and chemical products,919,793,126,604,516,88,315,277,38,237,138,99,193,116,77,44,22,22,1156,6.2936507936507935,22.65423406060606,82.20022463636361
179651,STATE - ODISHA,"Manufacture of basic chemicals, fertilizer and nitrogen compounds, plastics",272,250,22,105,95,10,167,155,12,43,34,9,23,22,1,20,12,8,315,11.363636363636363,22.65423406060606,82.20022463636361
179652,STATE - ODISHA,Manufacture of basic chemicals,58,50,8,48,40,8,10,10,0,11,6,5,5,4,1,6,2,4,69,6.25,22.65423406060606,82.20022463636361
179653,STATE - ODISHA,Manufacture of fertilizers and nitrogen compounds,196,182,14,53,51,2,143,131,12,26,22,4,12,12,0,14,10,4,222,13,22.65423406060606,82.20022463636361
179654,STATE - ODISHA,Manufacture of plastics and synthetic rubber in primary forms,18,18,0,4,4,0,14,14,0,6,6,0,6,6,0,0,0,0,24,18,22.65423406060606,82.20022463636361
179655,STATE - ODISHA,Manufacture of other chemical products,647,543,104,499,421,78,148,122,26,194,104,90,170,94,76,24,10,14,841,5.221153846153846,22.65423406060606,82.20022463636361
179656,STATE - ODISHA,Manufacture of pesticides and other agrochemical products,12,6,6,6,4,2,6,2,4,0,0,0,0,0,0,0,0,0,12,1,22.65423406060606,82.20022463636361
179657,STATE - ODISHA,"Manufacture of paints, varnishes and similar coatings, printing ink and",129,107,22,78,66,12,51,41,10,99,60,39,91,56,35,8,4,4,228,4.863636363636363,22.65423406060606,82.20022463636361
179658,STATE - ODISHA,"Manufacture of soap and detergents, cleaning and polishing preparations,",148,106,42,107,77,30,41,29,12,85,36,49,75,34,41,10,2,8,233,2.523809523809524,22.65423406060606,82.20022463636361
179659,STATE - ODISHA,Manufacture of other chemical products n.e.c.,358,324,34,308,274,34,50,50,0,10,8,2,4,4,0,6,4,2,368,9.529411764705882,22.65423406060606,82.20022463636361
179660,STATE - ODISHA,"Manufacture of pharmaceuticals, medicinal chemical and botanical products",162,137,25,142,117,25,20,20,0,33,24,9,33,24,9,0,0,0,195,5.48,22.65423406060606,82.20022463636361
179661,STATE - ODISHA,"Manufacture of pharmaceuticals, medicinal chemical and botanical products",162,137,25,142,117,25,20,20,0,33,24,9,33,24,9,0,0,0,195,5.48,22.65423406060606,82.20022463636361
179662,STATE - ODISHA,"Manufacture of pharmaceuticals, medicinal chemical and botanical",162,137,25,142,117,25,20,20,0,33,24,9,33,24,9,0,0,0,195,5.48,22.65423406060606,82.20022463636361
179663,STATE - ODISHA,Manufacture of rubber and plastics products,400,336,64,255,221,34,145,115,30,91,73,18,77,61,16,14,12,2,491,5.25,22.65423406060606,82.20022463636361
179664,STATE - ODISHA,Manufacture of rubber products,277,243,34,176,164,12,101,79,22,51,43,8,41,33,8,10,10,0,328,7.147058823529412,22.65423406060606,82.20022463636361
179665,STATE - ODISHA,Manufacture of rubber tyres and tubes; retreading and rebuilding of,219,207,12,154,146,8,65,61,4,25,25,0,19,19,0,6,6,0,244,17.25,22.65423406060606,82.20022463636361
179666,STATE - ODISHA,Manufacture of other rubber products,58,36,22,22,18,4,36,18,18,26,18,8,22,14,8,4,4,0,84,1.6363636363636365,22.65423406060606,82.20022463636361
179667,STATE - ODISHA,Manufacture of plastics products,123,93,30,79,57,22,44,36,8,40,30,10,36,28,8,4,2,2,163,3.1,22.65423406060606,82.20022463636361
179668,STATE - ODISHA,Manufacture of plastics products,123,93,30,79,57,22,44,36,8,40,30,10,36,28,8,4,2,2,163,3.1,22.65423406060606,82.20022463636361
179669,STATE - ODISHA,Manufacture of other non-metallic mineral products,18893,13480,5413,15321,10855,4466,3572,2625,947,16990,9359,7631,15729,8659,7070,1261,700,561,35883,2.490301126916682,22.65423406060606,82.20022463636361
179670,STATE - ODISHA,Manufacture of glass and glass products,26,18,8,24,18,6,2,0,2,50,14,36,44,12,32,6,2,4,76,2.25,22.65423406060606,82.20022463636361
179671,STATE - ODISHA,Manufacture of glass and glass products,26,18,8,24,18,6,2,0,2,50,14,36,44,12,32,6,2,4,76,2.25,22.65423406060606,82.20022463636361
179672,STATE - ODISHA,Manufacture of non-metallic mineral products n.e.c.,18867,13462,5405,15297,10837,4460,3570,2625,945,16940,9345,7595,15685,8647,7038,1255,698,557,35807,2.4906567992599444,22.65423406060606,82.20022463636361
179673,STATE - ODISHA,Manufacture of refractory products,2063,1543,520,1731,1285,446,332,258,74,1665,930,735,1583,896,687,82,34,48,3728,2.9673076923076924,22.65423406060606,82.20022463636361
179674,STATE - ODISHA,Manufacture of clay building materials,12333,8072,4261,10552,6898,3654,1781,1174,607,13602,7215,6387,12628,6710,5918,974,505,469,25935,1.8943909880309784,22.65423406060606,82.20022463636361
179675,STATE - ODISHA,Manufacture of other porcelain and ceramic products,329,269,60,292,240,52,37,29,8,348,169,179,341,164,177,7,5,2,677,4.483333333333333,22.65423406060606,82.20022463636361
179676,STATE - ODISHA,"Manufacture of cement, lime and plaster",2876,2482,394,1582,1422,160,1294,1060,234,674,560,114,514,434,80,160,126,34,3550,6.299492385786802,22.65423406060606,82.20022463636361
179677,STATE - ODISHA,"Manufacture of articles of concrete, cement and plaster",314,300,14,260,250,10,54,50,4,139,112,27,131,104,27,8,8,0,453,21.428571428571427,22.65423406060606,82.20022463636361
179678,STATE - ODISHA,"Cutting, shaping and finishing of stone",837,693,144,771,643,128,66,50,16,484,331,153,460,311,149,24,20,4,1321,4.8125,22.65423406060606,82.20022463636361
179679,STATE - ODISHA,Manufacture of other non-metallic mineral products n.e.c.,115,103,12,109,99,10,6,4,2,28,28,0,28,28,0,0,0,0,143,8.583333333333334,22.65423406060606,82.20022463636361
179680,STATE - ODISHA,Manufacture of basic metals,22150,19514,2636,12859,11223,1636,9291,8291,1000,3228,2522,706,2718,2102,616,510,420,90,25378,7.40288315629742,22.65423406060606,82.20022463636361
179681,STATE - ODISHA,Manufacture of basic iron and steel,18332,16182,2150,10773,9403,1370,7559,6779,780,2772,2184,588,2314,1808,506,458,376,82,21104,7.526511627906976,22.65423406060606,82.20022463636361
179682,STATE - ODISHA,Manufacture of basic iron and steel,18332,16182,2150,10773,9403,1370,7559,6779,780,2772,2184,588,2314,1808,506,458,376,82,21104,7.526511627906976,22.65423406060606,82.20022463636361
179683,STATE - ODISHA,Manufacture of basic precious and other non-ferrous metals,3726,3258,468,2028,1776,252,1698,1482,216,442,326,116,390,282,108,52,44,8,4168,6.961538461538462,22.65423406060606,82.20022463636361
179684,STATE - ODISHA,Manufacture of basic precious and other non-ferrous metals,3726,3258,468,2028,1776,252,1698,1482,216,442,326,116,390,282,108,52,44,8,4168,6.961538461538462,22.65423406060606,82.20022463636361
179685,STATE - ODISHA,Casting of metals,92,74,18,58,44,14,34,30,4,14,12,2,14,12,2,0,0,0,106,4.111111111111111,22.65423406060606,82.20022463636361
179686,STATE - ODISHA,Casting of iron and steel,84,66,18,58,44,14,26,22,4,12,10,2,12,10,2,0,0,0,96,3.6666666666666665,22.65423406060606,82.20022463636361
179687,STATE - ODISHA,Casting of non-ferrous metals,8,8,0,0,0,0,8,8,0,2,2,0,2,2,0,0,0,0,10,8,22.65423406060606,82.20022463636361
179688,STATE - ODISHA,"Manufacture of fabricated metal products, except machinery and equipment",5524,4858,666,4460,3863,597,1064,995,69,2005,1301,704,1840,1169,671,165,132,33,7529,7.2942942942942945,22.65423406060606,82.20022463636361
179689,STATE - ODISHA,"Manufacture of structural metal products, tanks, reservoirs and steam",257,241,16,206,192,14,51,49,2,102,67,35,91,62,29,11,5,6,359,15.0625,22.65423406060606,82.20022463636361
179690,STATE - ODISHA,Manufacture of structural metal products,212,200,12,183,171,12,29,29,0,72,60,12,67,55,12,5,5,0,284,16.666666666666668,22.65423406060606,82.20022463636361
179691,STATE - ODISHA,"Manufacture of tanks, reservoirs and containers of metal",41,37,4,19,17,2,22,20,2,26,3,23,20,3,17,6,0,6,67,9.25,22.65423406060606,82.20022463636361
179692,STATE - ODISHA,"Manufacture of steam generators, except central heating hot water",4,4,0,4,4,0,0,0,0,4,4,0,4,4,0,0,0,0,8,4,22.65423406060606,82.20022463636361
179693,STATE - ODISHA,Manufacture of weapons and ammunition,10,10,0,10,10,0,0,0,0,0,0,0,0,0,0,0,0,0,10,10,22.65423406060606,82.20022463636361
179694,STATE - ODISHA,Manufacture of weapons and ammunition,10,10,0,10,10,0,0,0,0,0,0,0,0,0,0,0,0,0,10,10,22.65423406060606,82.20022463636361
179695,STATE - ODISHA,Manufacture of other fabricated metal products; metalworking service,5257,4607,650,4244,3661,583,1013,946,67,1903,1234,669,1749,1107,642,154,127,27,7160,7.087692307692308,22.65423406060606,82.20022463636361
179696,STATE - ODISHA,"Forging, pressing, stamping and roll-forming of metal; powder",4,4,0,4,4,0,0,0,0,0,0,0,0,0,0,0,0,0,4,4,22.65423406060606,82.20022463636361
179697,STATE - ODISHA,Machining; treatment and coating of metals,4,4,0,4,4,0,0,0,0,0,0,0,0,0,0,0,0,0,4,4,22.65423406060606,82.20022463636361
179698,STATE - ODISHA,"Manufacture of cutlery, hand tools and general hardware",3624,3061,563,3170,2644,526,454,417,37,1570,945,625,1496,888,608,74,57,17,5194,5.4369449378330375,22.65423406060606,82.20022463636361
179699,STATE - ODISHA,Manufacture of other fabricated metal products n.e.c.,1625,1538,87,1066,1009,57,559,529,30,333,289,44,253,219,34,80,70,10,1958,17.67816091954023,22.65423406060606,82.20022463636361
179700,STATE - ODISHA,"Manufacture of computer, electronic and optical products",877,817,60,117,103,14,760,714,46,38,38,0,24,24,0,14,14,0,915,13.616666666666667,22.65423406060606,82.20022463636361
179701,STATE - ODISHA,Manufacture of electronic components,18,18,0,16,16,0,2,2,0,0,0,0,0,0,0,0,0,0,18,18,22.65423406060606,82.20022463636361
179702,STATE - ODISHA,Manufacture of electronic components,18,18,0,16,16,0,2,2,0,0,0,0,0,0,0,0,0,0,18,18,22.65423406060606,82.20022463636361
179703,STATE - ODISHA,Manufacture of computers and peripheral equipment,14,10,4,12,10,2,2,0,2,4,4,0,2,2,0,2,2,0,18,2.5,22.65423406060606,82.20022463636361
179704,STATE - ODISHA,Manufacture of computers and peripheral equipment,14,10,4,12,10,2,2,0,2,4,4,0,2,2,0,2,2,0,18,2.5,22.65423406060606,82.20022463636361
179705,STATE - ODISHA,Manufacture of communication equipment,16,12,4,10,8,2,6,4,2,2,2,0,2,2,0,0,0,0,18,3,22.65423406060606,82.20022463636361
179706,STATE - ODISHA,Manufacture of communication equipment,16,12,4,10,8,2,6,4,2,2,2,0,2,2,0,0,0,0,18,3,22.65423406060606,82.20022463636361
179707,STATE - ODISHA,Manufacture of consumer electronics,7,5,2,5,3,2,2,2,0,6,6,0,6,6,0,0,0,0,13,2.5,22.65423406060606,82.20022463636361
179708,STATE - ODISHA,Manufacture of consumer electronics,7,5,2,5,3,2,2,2,0,6,6,0,6,6,0,0,0,0,13,2.5,22.65423406060606,82.20022463636361
179709,STATE - ODISHA,"Manufacture of measuring, testing, navigating and control equipment;",822,772,50,74,66,8,748,706,42,26,26,0,14,14,0,12,12,0,848,15.44,22.65423406060606,82.20022463636361
179710,STATE - ODISHA,"Manufacture of measuring, testing, navigating and control equipment",806,756,50,70,62,8,736,694,42,24,24,0,14,14,0,10,10,0,830,15.12,22.65423406060606,82.20022463636361
179711,STATE - ODISHA,Manufacture of watches and clocks,16,16,0,4,4,0,12,12,0,2,2,0,0,0,0,2,2,0,18,16,22.65423406060606,82.20022463636361
179712,STATE - ODISHA,Manufacture of electrical equipment,384,344,40,214,198,16,170,146,24,114,70,44,102,60,42,12,10,2,498,8.6,22.65423406060606,82.20022463636361
179713,STATE - ODISHA,"Manufacture of electric motors, generators, transformers and electricity",286,278,8,164,164,0,122,114,8,52,50,2,46,44,2,6,6,0,338,34.75,22.65423406060606,82.20022463636361
179714,STATE - ODISHA,"Manufacture of electric motors, generators, transformers and electricity",286,278,8,164,164,0,122,114,8,52,50,2,46,44,2,6,6,0,338,34.75,22.65423406060606,82.20022463636361
179715,STATE - ODISHA,Manufacture of batteries and accumulators,8,8,0,6,6,0,2,2,0,2,2,0,2,2,0,0,0,0,10,8,22.65423406060606,82.20022463636361
179716,STATE - ODISHA,Manufacture of batteries and accumulators,8,8,0,6,6,0,2,2,0,2,2,0,2,2,0,0,0,0,10,8,22.65423406060606,82.20022463636361
179717,STATE - ODISHA,Manufacture of wiring and wiring devices,18,18,0,14,14,0,4,4,0,4,4,0,4,4,0,0,0,0,22,18,22.65423406060606,82.20022463636361
179718,STATE - ODISHA,Manufacture of other electronic and electric wires and cables,12,12,0,8,8,0,4,4,0,2,2,0,2,2,0,0,0,0,14,12,22.65423406060606,82.20022463636361
179719,STATE - ODISHA,Manufacture of wiring devices,6,6,0,6,6,0,0,0,0,2,2,0,2,2,0,0,0,0,8,6,22.65423406060606,82.20022463636361
179720,STATE - ODISHA,Manufacture of electric lighting equipment,20,14,6,2,2,0,18,12,6,6,6,0,4,4,0,2,2,0,26,2.333333333333333,22.65423406060606,82.20022463636361
179721,STATE - ODISHA,Manufacture of electric lighting equipment,20,14,6,2,2,0,18,12,6,6,6,0,4,4,0,2,2,0,26,2.333333333333333,22.65423406060606,82.20022463636361
179722,STATE - ODISHA,Manufacture of domestic appliances,52,26,26,28,12,16,24,14,10,50,8,42,46,6,40,4,2,2,102,1,22.65423406060606,82.20022463636361
179723,STATE - ODISHA,Manufacture of domestic appliances,52,26,26,28,12,16,24,14,10,50,8,42,46,6,40,4,2,2,102,1,22.65423406060606,82.20022463636361
179724,STATE - ODISHA,Manufacture of machinery and equipment n.e.c.,667,558,109,467,382,85,200,176,24,194,133,61,180,123,57,14,10,4,861,5.119266055045872,22.65423406060606,82.20022463636361
179725,STATE - ODISHA,Manufacture of general purpose machinery,318,260,58,256,202,54,62,58,4,78,62,16,72,58,14,6,4,2,396,4.482758620689655,22.65423406060606,82.20022463636361
179726,STATE - ODISHA,"Manufacture of engines and turbines, except aircraft, vehicle and cycle",4,4,0,0,0,0,4,4,0,0,0,0,0,0,0,0,0,0,4,4,22.65423406060606,82.20022463636361
179727,STATE - ODISHA,"Manufacture of other pumps, compressors, taps and valves",8,8,0,6,6,0,2,2,0,2,2,0,2,2,0,0,0,0,10,8,22.65423406060606,82.20022463636361
179728,STATE - ODISHA,Manufacture of lifting and handling equipment,0,0,0,0,0,0,0,0,0,2,2,0,0,0,0,2,2,0,2,0,22.65423406060606,82.20022463636361
179729,STATE - ODISHA,Manufacture of power-driven hand tools,2,2,0,2,2,0,0,0,0,0,0,0,0,0,0,0,0,0,2,2,22.65423406060606,82.20022463636361
179730,STATE - ODISHA,Manufacture of other general-purpose machinery,304,246,58,248,194,54,56,52,4,74,58,16,70,56,14,4,2,2,378,4.241379310344827,22.65423406060606,82.20022463636361
179731,STATE - ODISHA,Manufacture of special-purpose machinery,349,298,51,211,180,31,138,118,20,116,71,45,108,65,43,8,6,2,465,5.8431372549019605,22.65423406060606,82.20022463636361
179732,STATE - ODISHA,Manufacture of agricultural and forestry machinery,24,21,3,20,17,3,4,4,0,33,7,26,31,7,24,2,0,2,57,7,22.65423406060606,82.20022463636361
179733,STATE - ODISHA,Manufacture of metal-forming machinery and machine tools,16,16,0,8,8,0,8,8,0,0,0,0,0,0,0,0,0,0,16,16,22.65423406060606,82.20022463636361
179734,STATE - ODISHA,Manufacture of machinery for metallurgy,2,2,0,0,0,0,2,2,0,0,0,0,0,0,0,0,0,0,2,2,22.65423406060606,82.20022463636361
179735,STATE - ODISHA,"Manufacture of machinery for mining, quarrying and construction",225,201,24,125,117,8,100,84,16,71,56,15,65,50,15,6,6,0,296,8.375,22.65423406060606,82.20022463636361
179736,STATE - ODISHA,"Manufacture of machinery for food, beverage and tobacco processing",38,24,14,34,22,12,4,2,2,10,6,4,10,6,4,0,0,0,48,1.7142857142857142,22.65423406060606,82.20022463636361
179737,STATE - ODISHA,"Manufacture of machinery for textile, apparel and leather production",26,20,6,20,14,6,6,6,0,2,2,0,2,2,0,0,0,0,28,3.333333333333333,22.65423406060606,82.20022463636361
179738,STATE - ODISHA,Manufacture of other special-purpose machinery,18,14,4,4,2,2,14,12,2,0,0,0,0,0,0,0,0,0,18,3.5,22.65423406060606,82.20022463636361
179739,STATE - ODISHA,"Manufacture of motor vehicles, trailers and semi-trailers",65,62,3,39,38,1,26,24,2,23,11,12,19,11,8,4,0,4,88,20.666666666666668,22.65423406060606,82.20022463636361
179740,STATE - ODISHA,Manufacture of motor vehicles,12,12,0,8,8,0,4,4,0,10,4,6,8,4,4,2,0,2,22,12,22.65423406060606,82.20022463636361
179741,STATE - ODISHA,Manufacture of motor vehicles,12,12,0,8,8,0,4,4,0,10,4,6,8,4,4,2,0,2,22,12,22.65423406060606,82.20022463636361
179742,STATE - ODISHA,Manufacture of bodies (coachwork) for motor vehicles; manufacture of,24,24,0,16,16,0,8,8,0,6,4,2,4,4,0,2,0,2,30,24,22.65423406060606,82.20022463636361
179743,STATE - ODISHA,Manufacture of bodies (coachwork) for motor vehicles; manufacture of trailers and semi-trailers,24,24,0,16,16,0,8,8,0,6,4,2,4,4,0,2,0,2,30,24,22.65423406060606,82.20022463636361
179744,STATE - ODISHA,Manufacture of parts and accessories for motor vehicles,29,26,3,15,14,1,14,12,2,7,3,4,7,3,4,0,0,0,36,8.666666666666666,22.65423406060606,82.20022463636361
179745,STATE - ODISHA,Manufacture of parts and accessories for motor vehicles,29,26,3,15,14,1,14,12,2,7,3,4,7,3,4,0,0,0,36,8.666666666666666,22.65423406060606,82.20022463636361
179746,STATE - ODISHA,Manufacture of other transport equipment,1540,1418,122,1257,1169,88,283,249,34,1179,920,259,1018,771,247,161,149,12,2719,11.62295081967213,22.65423406060606,82.20022463636361
179747,STATE - ODISHA,Building of ships and boats,30,28,2,30,28,2,0,0,0,16,12,4,14,10,4,2,2,0,46,14,22.65423406060606,82.20022463636361
179748,STATE - ODISHA,Building of ships and floating structures,30,28,2,30,28,2,0,0,0,14,10,4,12,8,4,2,2,0,44,14,22.65423406060606,82.20022463636361
179749,STATE - ODISHA,Building of pleasure and sporting boats,0,0,0,0,0,0,0,0,0,2,2,0,2,2,0,0,0,0,2,0,22.65423406060606,82.20022463636361
179750,STATE - ODISHA,Manufacture of railway locomotives and rolling stock,138,100,38,114,84,30,24,16,8,130,86,44,117,77,40,13,9,4,268,2.631578947368421,22.65423406060606,82.20022463636361
179751,STATE - ODISHA,Manufacture of railway locomotives and rolling stock,138,100,38,114,84,30,24,16,8,130,86,44,117,77,40,13,9,4,268,2.631578947368421,22.65423406060606,82.20022463636361
179752,STATE - ODISHA,Manufacture of air and spacecraft and related machinery,5,5,0,5,5,0,0,0,0,2,2,0,2,2,0,0,0,0,7,5,22.65423406060606,82.20022463636361
179753,STATE - ODISHA,Manufacture of air and spacecraft and related machinery,5,5,0,5,5,0,0,0,0,2,2,0,2,2,0,0,0,0,7,5,22.65423406060606,82.20022463636361
179754,STATE - ODISHA,Manufacture of transport equipment n.e.c.,1367,1285,82,1108,1052,56,259,233,26,1031,820,211,885,682,203,146,138,8,2398,15.670731707317072,22.65423406060606,82.20022463636361
179755,STATE - ODISHA,Manufacture of motorcycles,8,8,0,8,8,0,0,0,0,2,2,0,2,2,0,0,0,0,10,8,22.65423406060606,82.20022463636361
179756,STATE - ODISHA,Manufacture of bicycles and invalid carriages,18,10,8,12,8,4,6,2,4,9,5,4,9,5,4,0,0,0,27,1.25,22.65423406060606,82.20022463636361
179757,STATE - ODISHA,Manufacture of other transport equipment n.e.c.,1341,1267,74,1088,1036,52,253,231,22,1020,813,207,874,675,199,146,138,8,2361,17.12162162162162,22.65423406060606,82.20022463636361
179758,STATE - ODISHA,Manufacture of furniture,3222,3168,54,2476,2436,40,746,732,14,1160,1111,49,984,947,37,176,164,12,4382,58.66666666666666,22.65423406060606,82.20022463636361
179759,STATE - ODISHA,Manufacture of furniture,3222,3168,54,2476,2436,40,746,732,14,1160,1111,49,984,947,37,176,164,12,4382,58.66666666666666,22.65423406060606,82.20022463636361
179760,STATE - ODISHA,Manufacture of furniture,3222,3168,54,2476,2436,40,746,732,14,1160,1111,49,984,947,37,176,164,12,4382,58.66666666666666,22.65423406060606,82.20022463636361
179761,STATE - ODISHA,Other manufacturing,9959,8460,1499,6645,5772,873,3314,2688,626,2882,2108,774,2370,1754,616,512,354,158,12841,5.6437625083388925,22.65423406060606,82.20022463636361
179762,STATE - ODISHA,"Manufacture of jewellery, bijouterie and related articles",76,69,7,58,55,3,18,14,4,30,27,3,30,27,3,0,0,0,106,9.857142857142858,22.65423406060606,82.20022463636361
179763,STATE - ODISHA,Manufacture of jewellery and related articles,76,69,7,58,55,3,18,14,4,28,25,3,28,25,3,0,0,0,104,9.857142857142858,22.65423406060606,82.20022463636361
179764,STATE - ODISHA,Manufacture of imitation jewellery and related articles,0,0,0,0,0,0,0,0,0,2,2,0,2,2,0,0,0,0,2,0,22.65423406060606,82.20022463636361
179765,STATE - ODISHA,Manufacture of musical instruments,2,2,0,0,0,0,2,2,0,2,2,0,2,2,0,0,0,0,4,2,22.65423406060606,82.20022463636361
179766,STATE - ODISHA,Manufacture of musical instruments,2,2,0,0,0,0,2,2,0,2,2,0,2,2,0,0,0,0,4,2,22.65423406060606,82.20022463636361
179767,STATE - ODISHA,Manufacture of games and toys,11,11,0,9,9,0,2,2,0,12,6,6,8,2,6,4,4,0,23,11,22.65423406060606,82.20022463636361
179768,STATE - ODISHA,Manufacture of games and toys,11,11,0,9,9,0,2,2,0,12,6,6,8,2,6,4,4,0,23,11,22.65423406060606,82.20022463636361
179769,STATE - ODISHA,Other manufacturing n.e.c.,9870,8378,1492,6578,5708,870,3292,2670,622,2838,2073,765,2330,1723,607,508,350,158,12708,5.615281501340482,22.65423406060606,82.20022463636361
179770,STATE - ODISHA,Other manufacturing n.e.c.,9870,8378,1492,6578,5708,870,3292,2670,622,2838,2073,765,2330,1723,607,508,350,158,12708,5.615281501340482,22.65423406060606,82.20022463636361
179771,STATE - ODISHA,Repair and installation of machinery and equipment,1364,1323,41,857,828,29,507,495,12,367,357,10,270,262,8,97,95,2,1731,32.26829268292683,22.65423406060606,82.20022463636361
179772,STATE - ODISHA,"Repair of fabricated metal products, machinery and equipment",1358,1317,41,853,824,29,505,493,12,367,357,10,270,262,8,97,95,2,1725,32.1219512195122,22.65423406060606,82.20022463636361
179773,STATE - ODISHA,Repair of fabricated metal products,593,577,16,382,370,12,211,207,4,146,138,8,116,110,6,30,28,2,739,36.0625,22.65423406060606,82.20022463636361
179774,STATE - ODISHA,Repair of machinery,154,150,4,124,120,4,30,30,0,36,36,0,28,28,0,8,8,0,190,37.5,22.65423406060606,82.20022463636361
179775,STATE - ODISHA,Repair of electronic and optical equipment,21,17,4,13,11,2,8,6,2,10,8,2,10,8,2,0,0,0,31,4.25,22.65423406060606,82.20022463636361
179776,STATE - ODISHA,Repair of electrical equipment,520,505,15,290,279,11,230,226,4,142,142,0,99,99,0,43,43,0,662,33.666666666666664,22.65423406060606,82.20022463636361
179777,STATE - ODISHA,"Repair of transport equipment, except motor vehicles",33,31,2,15,15,0,18,16,2,18,18,0,8,8,0,10,10,0,51,15.5,22.65423406060606,82.20022463636361
179778,STATE - ODISHA,Repair of other equipment,37,37,0,29,29,0,8,8,0,15,15,0,9,9,0,6,6,0,52,37,22.65423406060606,82.20022463636361
179779,STATE - ODISHA,Installation of industrial machinery and equipment,6,6,0,4,4,0,2,2,0,0,0,0,0,0,0,0,0,0,6,6,22.65423406060606,82.20022463636361
179780,STATE - ODISHA,Installation of industrial machinery and equipment,6,6,0,4,4,0,2,2,0,0,0,0,0,0,0,0,0,0,6,6,22.65423406060606,82.20022463636361
179781,STATE - ODISHA,"Electricity, gas, steam and air conditioning supply",2742,2546,196,1743,1689,54,999,857,142,379,314,65,327,268,59,52,46,6,3121,12.989795918367347,22.65423406060606,82.20022463636361
179782,STATE - ODISHA,"Electric power generation, transmission and distribution",2677,2481,196,1706,1652,54,971,829,142,375,310,65,325,266,59,50,44,6,3052,12.658163265306122,22.65423406060606,82.20022463636361
179783,STATE - ODISHA,"Electric power generation, transmission and distribution",2677,2481,196,1706,1652,54,971,829,142,375,310,65,325,266,59,50,44,6,3052,12.658163265306122,22.65423406060606,82.20022463636361
179784,STATE - ODISHA,Manufacture of gas; distribution of gaseous fuels through mains,61,61,0,35,35,0,26,26,0,2,2,0,0,0,0,2,2,0,63,61,22.65423406060606,82.20022463636361
179785,STATE - ODISHA,Manufacture of gas; distribution of gaseous fuels through mains,61,61,0,35,35,0,26,26,0,2,2,0,0,0,0,2,2,0,63,61,22.65423406060606,82.20022463636361
179786,STATE - ODISHA,Steam and air conditioning supply,4,4,0,2,2,0,2,2,0,2,2,0,2,2,0,0,0,0,6,4,22.65423406060606,82.20022463636361
179787,STATE - ODISHA,Steam and air conditioning supply,4,4,0,2,2,0,2,2,0,2,2,0,2,2,0,0,0,0,6,4,22.65423406060606,82.20022463636361
179788,STATE - ODISHA,"Water collection, treatment and supply",528,493,35,378,353,25,150,140,10,53,44,9,43,34,9,10,10,0,581,14.085714285714284,22.65423406060606,82.20022463636361
179789,STATE - ODISHA,"Water collection, treatment and supply",528,493,35,378,353,25,150,140,10,53,44,9,43,34,9,10,10,0,581,14.085714285714284,22.65423406060606,82.20022463636361
179790,STATE - ODISHA,"Water collection, treatment and supply",528,493,35,378,353,25,150,140,10,53,44,9,43,34,9,10,10,0,581,14.085714285714284,22.65423406060606,82.20022463636361
179791,STATE - ODISHA,Sewerage,22,18,4,10,8,2,12,10,2,10,4,6,0,0,0,10,4,6,32,4.5,22.65423406060606,82.20022463636361
179792,STATE - ODISHA,Sewerage,22,18,4,10,8,2,12,10,2,10,4,6,0,0,0,10,4,6,32,4.5,22.65423406060606,82.20022463636361
179793,STATE - ODISHA,Sewerage,22,18,4,10,8,2,12,10,2,10,4,6,0,0,0,10,4,6,32,4.5,22.65423406060606,82.20022463636361
179794,STATE - ODISHA,"Waste collection, treatment and disposal activities; materials recovery",514,298,216,56,44,12,458,254,204,161,76,85,59,32,27,102,44,58,675,1.3796296296296295,22.65423406060606,82.20022463636361
179795,STATE - ODISHA,Waste collection,502,288,214,56,44,12,446,244,202,161,76,85,59,32,27,102,44,58,663,1.3457943925233644,22.65423406060606,82.20022463636361
179796,STATE - ODISHA,Collection of non-hazardous waste,346,202,144,38,28,10,308,174,134,117,52,65,35,20,15,82,32,50,463,1.4027777777777777,22.65423406060606,82.20022463636361
179797,STATE - ODISHA,Collection of hazardous waste,156,86,70,18,16,2,138,70,68,44,24,20,24,12,12,20,12,8,200,1.2285714285714286,22.65423406060606,82.20022463636361
179798,STATE - ODISHA,Waste treatment and disposal,12,10,2,0,0,0,12,10,2,0,0,0,0,0,0,0,0,0,12,5,22.65423406060606,82.20022463636361
179799,STATE - ODISHA,Treatment and disposal of non-hazardous waste,2,2,0,0,0,0,2,2,0,0,0,0,0,0,0,0,0,0,2,2,22.65423406060606,82.20022463636361
179800,STATE - ODISHA,Treatment and disposal of hazardous waste,10,8,2,0,0,0,10,8,2,0,0,0,0,0,0,0,0,0,10,4,22.65423406060606,82.20022463636361
179801,STATE - ODISHA,Remediation activities and other waste management services,3,3,0,2,2,0,1,1,0,2,0,2,2,0,2,0,0,0,5,3,22.65423406060606,82.20022463636361
179802,STATE - ODISHA,Remediation activities and other waste management services,3,3,0,2,2,0,1,1,0,2,0,2,2,0,2,0,0,0,5,3,22.65423406060606,82.20022463636361
179803,STATE - ODISHA,Remediation activities and other waste management services,3,3,0,2,2,0,1,1,0,2,0,2,2,0,2,0,0,0,5,3,22.65423406060606,82.20022463636361
179804,STATE - ODISHA,Construction of utility projects,879,754,125,680,586,94,199,168,31,454,316,138,424,298,126,30,18,12,1333,6.032,22.65423406060606,82.20022463636361
179805,STATE - ODISHA,Construction of utility projects,879,754,125,680,586,94,199,168,31,454,316,138,424,298,126,30,18,12,1333,6.032,22.65423406060606,82.20022463636361
179806,STATE - ODISHA,Construction of other civil engineering projects,545,409,136,427,309,118,118,100,18,651,360,291,645,354,291,6,6,0,1196,3.0073529411764706,22.65423406060606,82.20022463636361
179807,STATE - ODISHA,Construction of other civil engineering projects,545,409,136,427,309,118,118,100,18,651,360,291,645,354,291,6,6,0,1196,3.0073529411764706,22.65423406060606,82.20022463636361
179808,STATE - ODISHA,Demolition and site preparation,199,163,36,159,133,26,40,30,10,130,68,62,126,64,62,4,4,0,329,4.527777777777778,22.65423406060606,82.20022463636361
179809,STATE - ODISHA,Site preparation,199,163,36,159,133,26,40,30,10,130,68,62,126,64,62,4,4,0,329,4.527777777777778,22.65423406060606,82.20022463636361
179810,STATE - ODISHA,Electrical installation,587,575,12,323,313,10,264,262,2,166,164,2,116,114,2,50,50,0,753,47.91666666666666,22.65423406060606,82.20022463636361
179811,STATE - ODISHA,"Plumbing, heat and air-conditioning installation",569,561,8,383,381,2,186,180,6,152,148,4,98,98,0,54,50,4,721,70.125,22.65423406060606,82.20022463636361
179812,STATE - ODISHA,Building completion and finishing,1902,1803,99,757,721,36,1145,1082,63,700,638,62,431,381,50,269,257,12,2602,18.21212121212121,22.65423406060606,82.20022463636361
179813,STATE - ODISHA,Building completion and finishing,1902,1803,99,757,721,36,1145,1082,63,700,638,62,431,381,50,269,257,12,2602,18.21212121212121,22.65423406060606,82.20022463636361
179814,STATE - ODISHA,Other specialized construction activities,12,7,5,9,7,2,3,0,3,4,4,0,2,2,0,2,2,0,16,1.4,22.65423406060606,82.20022463636361
179815,STATE - ODISHA,Other specialized construction activities,12,7,5,9,7,2,3,0,3,4,4,0,2,2,0,2,2,0,16,1.4,22.65423406060606,82.20022463636361
179816,STATE - ODISHA,Wholesale and retail trade and repair of motor vehicles and motorcycles,2825,2757,68,1521,1495,26,1304,1262,42,655,635,20,448,434,14,207,201,6,3480,40.544117647058826,22.65423406060606,82.20022463636361
179817,STATE - ODISHA,Sale of motor vehicles,61,51,10,12,10,2,49,41,8,8,8,0,4,4,0,4,4,0,69,5.1,22.65423406060606,82.20022463636361
179818,STATE - ODISHA,Sale of motor vehicles,61,51,10,12,10,2,49,41,8,8,8,0,4,4,0,4,4,0,69,5.1,22.65423406060606,82.20022463636361
179819,STATE - ODISHA,Maintenance and repair of motor vehicles,1965,1929,36,1016,996,20,949,933,16,431,415,16,278,266,12,153,149,4,2396,53.583333333333336,22.65423406060606,82.20022463636361
179820,STATE - ODISHA,Maintenance and repair of motor vehicles,1965,1929,36,1016,996,20,949,933,16,431,415,16,278,266,12,153,149,4,2396,53.583333333333336,22.65423406060606,82.20022463636361
179821,STATE - ODISHA,Sale of motor vehicle parts and accessories,75,71,4,40,38,2,35,33,2,10,10,0,6,6,0,4,4,0,85,17.75,22.65423406060606,82.20022463636361
179822,STATE - ODISHA,Sale of motor vehicle parts and accessories,75,71,4,40,38,2,35,33,2,10,10,0,6,6,0,4,4,0,85,17.75,22.65423406060606,82.20022463636361
179823,STATE - ODISHA,"Sale, maintenance and repair of motorcycles and related parts and",724,706,18,453,451,2,271,255,16,206,202,4,160,158,2,46,44,2,930,39.22222222222222,22.65423406060606,82.20022463636361
179824,STATE - ODISHA,"Sale, maintenance and repair of motorcycles and related parts and",724,706,18,453,451,2,271,255,16,206,202,4,160,158,2,46,44,2,930,39.22222222222222,22.65423406060606,82.20022463636361
179825,STATE - ODISHA,"Wholesale trade, except of motor vehicles and motorcycles",987,770,217,655,522,133,332,248,84,327,203,124,271,163,108,56,40,16,1314,3.548387096774193,22.65423406060606,82.20022463636361
179826,STATE - ODISHA,Wholesale on a fee or contract basis,135,123,12,93,85,8,42,38,4,41,34,7,35,30,5,6,4,2,176,10.25,22.65423406060606,82.20022463636361
179827,STATE - ODISHA,Wholesale on a fee or contract basis,135,123,12,93,85,8,42,38,4,41,34,7,35,30,5,6,4,2,176,10.25,22.65423406060606,82.20022463636361
179828,STATE - ODISHA,Wholesale of agricultural raw materials and live animals,240,213,27,202,177,25,38,36,2,59,48,11,55,44,11,4,4,0,299,7.888888888888889,22.65423406060606,82.20022463636361
179829,STATE - ODISHA,Wholesale of agricultural raw materials and live animals,240,213,27,202,177,25,38,36,2,59,48,11,55,44,11,4,4,0,299,7.888888888888889,22.65423406060606,82.20022463636361
179830,STATE - ODISHA,"Wholesale of food, beverages and tobacco",270,134,136,156,86,70,114,48,66,90,26,64,80,22,58,10,4,6,360,0.9852941176470588,22.65423406060606,82.20022463636361
179831,STATE - ODISHA,"Wholesale of food, beverages and tobacco",270,134,136,156,86,70,114,48,66,90,26,64,80,22,58,10,4,6,360,0.9852941176470588,22.65423406060606,82.20022463636361
179832,STATE - ODISHA,Wholesale of household goods,117,107,10,65,59,6,52,48,4,33,23,10,23,15,8,10,8,2,150,10.7,22.65423406060606,82.20022463636361
179833,STATE - ODISHA,"Wholesale of textiles, clothing and footwear",13,11,2,9,9,0,4,2,2,0,0,0,0,0,0,0,0,0,13,5.5,22.65423406060606,82.20022463636361
179834,STATE - ODISHA,Wholesale of other household goods,104,96,8,56,50,6,48,46,2,33,23,10,23,15,8,10,8,2,137,12,22.65423406060606,82.20022463636361
179835,STATE - ODISHA,"Wholesale of machinery, equipment and supplies",112,106,6,74,70,4,38,36,2,20,14,6,18,14,4,2,0,2,132,17.666666666666668,22.65423406060606,82.20022463636361
179836,STATE - ODISHA,"Wholesale of computers, computer peripheral equipment and software",4,4,0,2,2,0,2,2,0,0,0,0,0,0,0,0,0,0,4,4,22.65423406060606,82.20022463636361
179837,STATE - ODISHA,Wholesale of electronic and telecommunications equipment and parts,54,48,6,34,30,4,20,18,2,6,2,4,4,2,2,2,0,2,60,8,22.65423406060606,82.20022463636361
179838,STATE - ODISHA,"Wholesale of agricultural machinery, equipment and supplies",26,26,0,22,22,0,4,4,0,6,4,2,6,4,2,0,0,0,32,26,22.65423406060606,82.20022463636361
179839,STATE - ODISHA,Wholesale of other machinery and equipment,28,28,0,16,16,0,12,12,0,8,8,0,8,8,0,0,0,0,36,28,22.65423406060606,82.20022463636361
179840,STATE - ODISHA,Other specialized wholesale,85,61,24,57,39,18,28,22,6,68,44,24,56,34,22,12,10,2,153,2.5416666666666665,22.65423406060606,82.20022463636361
179841,STATE - ODISHA,"Wholesale of solid, liquid and gaseous fuels and related products",17,9,8,7,3,4,10,6,4,2,2,0,0,0,0,2,2,0,19,1.125,22.65423406060606,82.20022463636361
179842,STATE - ODISHA,"Wholesale of construction materials, hardware, plumbing and heating",56,40,16,40,26,14,16,14,2,64,40,24,54,32,22,10,8,2,120,2.5,22.65423406060606,82.20022463636361
179843,STATE - ODISHA,Wholesale of waste and scrap and other products n.e.c.,12,12,0,10,10,0,2,2,0,2,2,0,2,2,0,0,0,0,14,12,22.65423406060606,82.20022463636361
179844,STATE - ODISHA,Non-specialized wholesale trade,28,26,2,8,6,2,20,20,0,16,14,2,4,4,0,12,10,2,44,13,22.65423406060606,82.20022463636361
179845,STATE - ODISHA,Non-specialized wholesale trade,28,26,2,8,6,2,20,20,0,16,14,2,4,4,0,12,10,2,44,13,22.65423406060606,82.20022463636361
179846,STATE - ODISHA,"Retail trade, except of motor vehicles and motorcycles",22548,18298,4250,16802,13731,3071,5746,4567,1179,8712,4770,3942,7649,4091,3558,1063,679,384,31260,4.305411764705882,22.65423406060606,82.20022463636361
179847,STATE - ODISHA,Retail sale in non-specialized stores,1634,1367,267,1155,966,189,479,401,78,881,404,477,789,332,457,92,72,20,2515,5.119850187265918,22.65423406060606,82.20022463636361
179848,STATE - ODISHA,"Retail sale in non-specialized stores with food, beverages or tobacco",492,440,52,378,336,42,114,104,10,119,83,36,95,63,32,24,20,4,611,8.461538461538462,22.65423406060606,82.20022463636361
179849,STATE - ODISHA,Other retail sale in non-specialized stores,1142,927,215,777,630,147,365,297,68,762,321,441,694,269,425,68,52,16,1904,4.311627906976744,22.65423406060606,82.20022463636361
179850,STATE - ODISHA,"Retail sale of food, beverages and tobacco in specialized stores",12668,10359,2309,9891,8188,1703,2777,2171,606,3356,1994,1362,2949,1744,1205,407,250,157,16024,4.486357730619316,22.65423406060606,82.20022463636361
179851,STATE - ODISHA,Retail sale of food in specialized stores,11473,9272,2201,9048,7413,1635,2425,1859,566,3161,1829,1332,2780,1605,1175,381,224,157,14634,4.212630622444343,22.65423406060606,82.20022463636361
179852,STATE - ODISHA,Retail sale of beverages in specialized stores,56,16,40,28,10,18,28,6,22,16,10,6,16,10,6,0,0,0,72,0.4,22.65423406060606,82.20022463636361
179853,STATE - ODISHA,Retail sale of tobacco products in specialized stores,1139,1071,68,815,765,50,324,306,18,179,155,24,153,129,24,26,26,0,1318,15.75,22.65423406060606,82.20022463636361
179854,STATE - ODISHA,Retail sale of automotive fuel in specialized stores,319,301,18,191,179,12,128,122,6,52,50,2,40,38,2,12,12,0,371,16.72222222222222,22.65423406060606,82.20022463636361
179855,STATE - ODISHA,Retail sale of automotive fuel in specialized stores,319,301,18,191,179,12,128,122,6,52,50,2,40,38,2,12,12,0,371,16.72222222222222,22.65423406060606,82.20022463636361
179856,STATE - ODISHA,Retail sale of information and communications equipment in specialized,56,52,4,20,20,0,36,32,4,20,14,6,10,8,2,10,6,4,76,13,22.65423406060606,82.20022463636361
179857,STATE - ODISHA,"Retail sale of computers, peripheral units, software and",50,46,4,14,14,0,36,32,4,18,12,6,8,6,2,10,6,4,68,11.5,22.65423406060606,82.20022463636361
179858,STATE - ODISHA,Retail sale of audio and video equipment in specialized stores,6,6,0,6,6,0,0,0,0,2,2,0,2,2,0,0,0,0,8,6,22.65423406060606,82.20022463636361
179859,STATE - ODISHA,Retail sale of other household equipment in specialized stores,1465,1134,331,976,737,239,489,397,92,876,486,390,738,406,332,138,80,58,2341,3.4259818731117826,22.65423406060606,82.20022463636361
179860,STATE - ODISHA,Retail sale of textiles in specialized stores,176,148,28,92,88,4,84,60,24,33,25,8,17,17,0,16,8,8,209,5.285714285714286,22.65423406060606,82.20022463636361
179861,STATE - ODISHA,"Retail sale of hardware, paints and glass in specialized stores",1052,776,276,767,549,218,285,227,58,751,395,356,656,350,306,95,45,50,1803,2.8115942028985508,22.65423406060606,82.20022463636361
179862,STATE - ODISHA,"Retail sale of carpets, rugs, wall and floor coverings in specialized",10,6,4,6,4,2,4,2,2,4,4,0,2,2,0,2,2,0,14,1.5,22.65423406060606,82.20022463636361
179863,STATE - ODISHA,"Retail sale of electrical household appliances, furniture, lighting",227,204,23,111,96,15,116,108,8,88,62,26,63,37,26,25,25,0,315,8.869565217391305,22.65423406060606,82.20022463636361
179864,STATE - ODISHA,Retail sale of cultural and recreation goods in specialized stores,214,180,34,130,110,20,84,70,14,50,46,4,30,26,4,20,20,0,264,5.294117647058823,22.65423406060606,82.20022463636361
179865,STATE - ODISHA,"Retail sale of books, newspapers and stationary in specialized stores",203,169,34,125,105,20,78,64,14,50,46,4,30,26,4,20,20,0,253,4.970588235294118,22.65423406060606,82.20022463636361
179866,STATE - ODISHA,Retail sale of music and video recordings in specialized stores,4,4,0,2,2,0,2,2,0,0,0,0,0,0,0,0,0,0,4,4,22.65423406060606,82.20022463636361
179867,STATE - ODISHA,Retail sale of games and toys in specialized stores,7,7,0,3,3,0,4,4,0,0,0,0,0,0,0,0,0,0,7,7,22.65423406060606,82.20022463636361
179868,STATE - ODISHA,Retail sale of other goods in specialized stores,4085,3201,884,2986,2365,621,1099,836,263,2506,1303,1203,2261,1163,1098,245,140,105,6591,3.621040723981901,22.65423406060606,82.20022463636361
179869,STATE - ODISHA,"Retail sale of clothing, footwear and leather articles in specialized",579,509,70,391,361,30,188,148,40,131,106,25,95,78,17,36,28,8,710,7.271428571428571,22.65423406060606,82.20022463636361
179870,STATE - ODISHA,"Retail sale of pharmaceutical and medical goods, cosmetic and toilet",1264,1025,239,877,754,123,387,271,116,324,209,115,276,175,101,48,34,14,1588,4.2887029288702925,22.65423406060606,82.20022463636361
179871,STATE - ODISHA,Other retail sale of new goods in specialized stores,2232,1661,571,1714,1246,468,518,415,103,2038,980,1058,1882,904,978,156,76,80,4270,2.9089316987740808,22.65423406060606,82.20022463636361
179872,STATE - ODISHA,Retail sale of second-hand goods,10,6,4,4,4,0,6,2,4,13,8,5,8,6,2,5,2,3,23,1.5,22.65423406060606,82.20022463636361
179873,STATE - ODISHA,Retail sale via stalls and markets,1396,1167,229,965,804,161,431,363,68,523,280,243,438,213,225,85,67,18,1919,5.096069868995633,22.65423406060606,82.20022463636361
179874,STATE - ODISHA,"Retail sale via stalls and markets of food, beverages and tobacco",135,117,18,104,92,12,31,25,6,46,26,20,42,22,20,4,4,0,181,6.5,22.65423406060606,82.20022463636361
179875,STATE - ODISHA,"Retail sale via stalls and markets of textiles, clothing and footwear",357,322,35,213,202,11,144,120,24,85,75,10,57,51,6,28,24,4,442,9.2,22.65423406060606,82.20022463636361
179876,STATE - ODISHA,Retail sale via stalls and markets of other goods,904,728,176,648,510,138,256,218,38,392,179,213,339,140,199,53,39,14,1296,4.136363636363637,22.65423406060606,82.20022463636361
179877,STATE - ODISHA,"Retail trade not in stores, stalls or markets",711,537,174,488,362,126,223,175,48,448,193,255,394,161,233,54,32,22,1159,3.086206896551724,22.65423406060606,82.20022463636361
179878,STATE - ODISHA,Retail sale via mail order houses or via Internet,28,22,6,24,18,6,4,4,0,12,6,6,12,6,6,0,0,0,40,3.6666666666666665,22.65423406060606,82.20022463636361
179879,STATE - ODISHA,"Other retail sale not in stores, stalls or markets",683,515,168,464,344,120,219,171,48,436,187,249,382,155,227,54,32,22,1119,3.0654761904761907,22.65423406060606,82.20022463636361
179880,STATE - ODISHA,Land transport and transport via pipelines,42175,40153,2022,30530,29216,1314,11645,10937,708,11180,9923,1257,9451,8334,1117,1729,1589,140,53355,19.858061325420376,22.65423406060606,82.20022463636361
179881,STATE - ODISHA,Transport via railways,3653,3027,626,1767,1507,260,1886,1520,366,522,388,134,366,274,92,156,114,42,4175,4.835463258785943,22.65423406060606,82.20022463636361
179882,STATE - ODISHA,Passenger rail transport,1132,1038,94,558,514,44,574,524,50,100,70,30,62,48,14,38,22,16,1232,11.04255319148936,22.65423406060606,82.20022463636361
179883,STATE - ODISHA,Freight rail transport,2521,1989,532,1209,993,216,1312,996,316,422,318,104,304,226,78,118,92,26,2943,3.738721804511278,22.65423406060606,82.20022463636361
179884,STATE - ODISHA,Other land transport,38520,37126,1394,28763,27709,1054,9757,9417,340,10658,9535,1123,9085,8060,1025,1573,1475,98,49178,26.63271162123386,22.65423406060606,82.20022463636361
179885,STATE - ODISHA,Urban or suburban passenger land transport,2492,2455,37,1599,1582,17,893,873,20,497,481,16,369,353,16,128,128,0,2989,66.35135135135135,22.65423406060606,82.20022463636361
179886,STATE - ODISHA,Other passenger land transport,3206,3173,33,1892,1868,24,1314,1305,9,575,567,8,407,401,6,168,166,2,3781,96.15151515151516,22.65423406060606,82.20022463636361
179887,STATE - ODISHA,Freight transport by road,32822,31498,1324,25272,24259,1013,7550,7239,311,9586,8487,1099,8309,7306,1003,1277,1181,96,42408,23.790030211480364,22.65423406060606,82.20022463636361
179888,STATE - ODISHA,Transport via pipeline,2,0,2,0,0,0,2,0,2,0,0,0,0,0,0,0,0,0,2,0,22.65423406060606,82.20022463636361
179889,STATE - ODISHA,Transport via pipeline,2,0,2,0,0,0,2,0,2,0,0,0,0,0,0,0,0,0,2,0,22.65423406060606,82.20022463636361
179890,STATE - ODISHA,Water transport,194,172,22,76,76,0,118,96,22,19,17,2,19,17,2,0,0,0,213,7.818181818181818,22.65423406060606,82.20022463636361
179891,STATE - ODISHA,Sea and coastal water transport,147,131,16,43,43,0,104,88,16,3,3,0,3,3,0,0,0,0,150,8.1875,22.65423406060606,82.20022463636361
179892,STATE - ODISHA,Sea and coastal passenger water transport,121,109,12,35,35,0,86,74,12,3,3,0,3,3,0,0,0,0,124,9.083333333333334,22.65423406060606,82.20022463636361
179893,STATE - ODISHA,Sea and coastal freight water transport,26,22,4,8,8,0,18,14,4,0,0,0,0,0,0,0,0,0,26,5.5,22.65423406060606,82.20022463636361
179894,STATE - ODISHA,Inland water transport,47,41,6,33,33,0,14,8,6,16,14,2,16,14,2,0,0,0,63,6.833333333333333,22.65423406060606,82.20022463636361
179895,STATE - ODISHA,Inland passenger water transport,47,41,6,33,33,0,14,8,6,16,14,2,16,14,2,0,0,0,63,6.833333333333333,22.65423406060606,82.20022463636361
179896,STATE - ODISHA,Air transport,38,34,4,20,20,0,18,14,4,8,8,0,6,6,0,2,2,0,46,8.5,22.65423406060606,82.20022463636361
179897,STATE - ODISHA,Passenger air transport,14,14,0,8,8,0,6,6,0,6,6,0,4,4,0,2,2,0,20,14,22.65423406060606,82.20022463636361
179898,STATE - ODISHA,Passenger air transport,14,14,0,8,8,0,6,6,0,6,6,0,4,4,0,2,2,0,20,14,22.65423406060606,82.20022463636361
179899,STATE - ODISHA,Freight air transport,24,20,4,12,12,0,12,8,4,2,2,0,2,2,0,0,0,0,26,5,22.65423406060606,82.20022463636361
179900,STATE - ODISHA,Freight air transport,24,20,4,12,12,0,12,8,4,2,2,0,2,2,0,0,0,0,26,5,22.65423406060606,82.20022463636361
179901,STATE - ODISHA,Warehousing and support activities for transportation,11210,10051,1159,6756,6098,658,4454,3953,501,4006,3003,1003,3318,2449,869,688,554,134,15216,8.672131147540984,22.65423406060606,82.20022463636361
179902,STATE - ODISHA,Warehousing and storage,1966,1809,157,862,815,47,1104,994,110,536,450,86,322,260,62,214,190,24,2502,11.522292993630574,22.65423406060606,82.20022463636361
179903,STATE - ODISHA,Warehousing and storage,1966,1809,157,862,815,47,1104,994,110,536,450,86,322,260,62,214,190,24,2502,11.522292993630574,22.65423406060606,82.20022463636361
179904,STATE - ODISHA,Support activities for transportation,9244,8242,1002,5894,5283,611,3350,2959,391,3470,2553,917,2996,2189,807,474,364,110,12714,8.225548902195609,22.65423406060606,82.20022463636361
179905,STATE - ODISHA,Service activities incidental to land transportation,7686,6838,848,4814,4315,499,2872,2523,349,2530,1861,669,2162,1587,575,368,274,94,10216,8.06367924528302,22.65423406060606,82.20022463636361
179906,STATE - ODISHA,Service activities incidental to water transportation,4,4,0,2,2,0,2,2,0,0,0,0,0,0,0,0,0,0,4,4,22.65423406060606,82.20022463636361
179907,STATE - ODISHA,Service activities incidental to air transportation,65,61,4,36,34,2,29,27,2,2,2,0,2,2,0,0,0,0,67,15.25,22.65423406060606,82.20022463636361
179908,STATE - ODISHA,Cargo handling,24,20,4,2,2,0,22,18,4,0,0,0,0,0,0,0,0,0,24,5,22.65423406060606,82.20022463636361
179909,STATE - ODISHA,Other transportation support activities,1465,1319,146,1040,930,110,425,389,36,938,690,248,832,600,232,106,90,16,2403,9.034246575342468,22.65423406060606,82.20022463636361
179910,STATE - ODISHA,Postal and courier activities,2403,2280,123,1924,1850,74,479,430,49,67,59,8,63,59,4,4,0,4,2470,18.536585365853657,22.65423406060606,82.20022463636361
179911,STATE - ODISHA,Postal activities,2397,2274,123,1922,1848,74,475,426,49,63,57,6,61,57,4,2,0,2,2460,18.48780487804878,22.65423406060606,82.20022463636361
179912,STATE - ODISHA,Postal activities,2397,2274,123,1922,1848,74,475,426,49,63,57,6,61,57,4,2,0,2,2460,18.48780487804878,22.65423406060606,82.20022463636361
179913,STATE - ODISHA,Courier activities,6,6,0,2,2,0,4,4,0,4,2,2,2,2,0,2,0,2,10,6,22.65423406060606,82.20022463636361
179914,STATE - ODISHA,Courier activities,6,6,0,2,2,0,4,4,0,4,2,2,2,2,0,2,0,2,10,6,22.65423406060606,82.20022463636361
179915,STATE - ODISHA,Accommodation,4442,3403,1039,3062,2290,772,1380,1113,267,891,666,225,648,485,163,243,181,62,5333,3.275264677574591,22.65423406060606,82.20022463636361
179916,STATE - ODISHA,Short term accommodation activities,3620,3073,547,2348,2016,332,1272,1057,215,819,635,184,592,462,130,227,173,54,4439,5.617915904936015,22.65423406060606,82.20022463636361
179917,STATE - ODISHA,Short term accommodation activities,3620,3073,547,2348,2016,332,1272,1057,215,819,635,184,592,462,130,227,173,54,4439,5.617915904936015,22.65423406060606,82.20022463636361
179918,STATE - ODISHA,Other accommodation,822,330,492,714,274,440,108,56,52,72,31,41,56,23,33,16,8,8,894,0.6707317073170732,22.65423406060606,82.20022463636361
179919,STATE - ODISHA,Other accommodation,822,330,492,714,274,440,108,56,52,72,31,41,56,23,33,16,8,8,894,0.6707317073170732,22.65423406060606,82.20022463636361
179920,STATE - ODISHA,Food and beverage service activities,1695,1368,327,1160,911,249,535,457,78,419,258,161,328,197,131,91,61,30,2114,4.18348623853211,22.65423406060606,82.20022463636361
179921,STATE - ODISHA,Restaurants and mobile food service activities,789,673,116,506,421,85,283,252,31,196,137,59,173,120,53,23,17,6,985,5.801724137931035,22.65423406060606,82.20022463636361
179922,STATE - ODISHA,Restaurants and mobile food service activities,789,673,116,506,421,85,283,252,31,196,137,59,173,120,53,23,17,6,985,5.801724137931035,22.65423406060606,82.20022463636361
179923,STATE - ODISHA,Event catering and other food service activities,117,81,36,53,28,25,64,53,11,54,36,18,22,14,8,32,22,10,171,2.25,22.65423406060606,82.20022463636361
179924,STATE - ODISHA,Event catering,62,36,26,29,12,17,33,24,9,50,32,18,20,12,8,30,20,10,112,1.3846153846153846,22.65423406060606,82.20022463636361
179925,STATE - ODISHA,Other food service activities,55,45,10,24,16,8,31,29,2,4,4,0,2,2,0,2,2,0,59,4.5,22.65423406060606,82.20022463636361
179926,STATE - ODISHA,Beverage serving activities,789,614,175,601,462,139,188,152,36,169,85,84,133,63,70,36,22,14,958,3.5085714285714285,22.65423406060606,82.20022463636361
179927,STATE - ODISHA,Beverage serving activities,789,614,175,601,462,139,188,152,36,169,85,84,133,63,70,36,22,14,958,3.5085714285714285,22.65423406060606,82.20022463636361
179928,STATE - ODISHA,Publishing activities,37,31,6,15,13,2,22,18,4,2,2,0,2,2,0,0,0,0,39,5.166666666666667,22.65423406060606,82.20022463636361
179929,STATE - ODISHA,"Publishing of books, periodicals and other publishing activities",29,23,6,15,13,2,14,10,4,2,2,0,2,2,0,0,0,0,31,3.8333333333333335,22.65423406060606,82.20022463636361
179930,STATE - ODISHA,Book publishing,12,10,2,8,6,2,4,4,0,2,2,0,2,2,0,0,0,0,14,5,22.65423406060606,82.20022463636361
179931,STATE - ODISHA,"Publishing of newspapers, journals and periodicals",12,10,2,4,4,0,8,6,2,0,0,0,0,0,0,0,0,0,12,5,22.65423406060606,82.20022463636361
179932,STATE - ODISHA,Other publishing activities,5,3,2,3,3,0,2,0,2,0,0,0,0,0,0,0,0,0,5,1.5,22.65423406060606,82.20022463636361
179933,STATE - ODISHA,Software publishing,8,8,0,0,0,0,8,8,0,0,0,0,0,0,0,0,0,0,8,8,22.65423406060606,82.20022463636361
179934,STATE - ODISHA,Software publishing,8,8,0,0,0,0,8,8,0,0,0,0,0,0,0,0,0,0,8,8,22.65423406060606,82.20022463636361
179935,STATE - ODISHA,"Motion picture, video and television programme production, sound recording",80,74,6,41,39,2,39,35,4,32,28,4,26,24,2,6,4,2,112,12.333333333333334,22.65423406060606,82.20022463636361
179936,STATE - ODISHA,"Motion picture, video and television programme activities",62,56,6,29,27,2,33,29,4,14,14,0,10,10,0,4,4,0,76,9.333333333333334,22.65423406060606,82.20022463636361
179937,STATE - ODISHA,"Motion picture, video and television programme production activities",25,21,4,13,13,0,12,8,4,12,12,0,8,8,0,4,4,0,37,5.25,22.65423406060606,82.20022463636361
179938,STATE - ODISHA,"Motion picture, video and television programme post-production",10,8,2,4,2,2,6,6,0,0,0,0,0,0,0,0,0,0,10,4,22.65423406060606,82.20022463636361
179939,STATE - ODISHA,"Motion picture, video and television programme distribution activities",6,6,0,6,6,0,0,0,0,0,0,0,0,0,0,0,0,0,6,6,22.65423406060606,82.20022463636361
179940,STATE - ODISHA,Motion picture projection activities,21,21,0,6,6,0,15,15,0,2,2,0,2,2,0,0,0,0,23,21,22.65423406060606,82.20022463636361
179941,STATE - ODISHA,Sound recording and music publishing activities,18,18,0,12,12,0,6,6,0,18,14,4,16,14,2,2,0,2,36,18,22.65423406060606,82.20022463636361
179942,STATE - ODISHA,Sound recording and music publishing activitiesT,18,18,0,12,12,0,6,6,0,18,14,4,16,14,2,2,0,2,36,18,22.65423406060606,82.20022463636361
179943,STATE - ODISHA,Broadcasting and programming activities,87,83,4,22,22,0,65,61,4,4,2,2,2,0,2,2,2,0,91,20.75,22.65423406060606,82.20022463636361
179944,STATE - ODISHA,Radio broadcasting,32,28,4,6,6,0,26,22,4,4,2,2,2,0,2,2,2,0,36,7,22.65423406060606,82.20022463636361
179945,STATE - ODISHA,Radio broadcasting,32,28,4,6,6,0,26,22,4,4,2,2,2,0,2,2,2,0,36,7,22.65423406060606,82.20022463636361
179946,STATE - ODISHA,Television programming and broadcasting activities,55,55,0,16,16,0,39,39,0,0,0,0,0,0,0,0,0,0,55,55,22.65423406060606,82.20022463636361
179947,STATE - ODISHA,Television programming and broadcasting activities,55,55,0,16,16,0,39,39,0,0,0,0,0,0,0,0,0,0,55,55,22.65423406060606,82.20022463636361
179948,STATE - ODISHA,Telecommunications,694,630,64,323,297,26,371,333,38,70,58,12,36,34,2,34,24,10,764,9.84375,22.65423406060606,82.20022463636361
179949,STATE - ODISHA,Wired telecommunications activities,375,333,42,169,153,16,206,180,26,50,44,6,28,26,2,22,18,4,425,7.928571428571429,22.65423406060606,82.20022463636361
179950,STATE - ODISHA,Wired telecommunications activities,375,333,42,169,153,16,206,180,26,50,44,6,28,26,2,22,18,4,425,7.928571428571429,22.65423406060606,82.20022463636361
179951,STATE - ODISHA,Wireless telecommunications activities,109,103,6,71,65,6,38,38,0,6,4,2,2,2,0,4,2,2,115,17.166666666666668,22.65423406060606,82.20022463636361
179952,STATE - ODISHA,Wireless telecommunications activities,109,103,6,71,65,6,38,38,0,6,4,2,2,2,0,4,2,2,115,17.166666666666668,22.65423406060606,82.20022463636361
179953,STATE - ODISHA,Satellite telecommunications activities,30,30,0,12,12,0,18,18,0,2,0,2,0,0,0,2,0,2,32,30,22.65423406060606,82.20022463636361
179954,STATE - ODISHA,Satellite telecommunications activities,30,30,0,12,12,0,18,18,0,2,0,2,0,0,0,2,0,2,32,30,22.65423406060606,82.20022463636361
179955,STATE - ODISHA,Other telecommunications activities,180,164,16,71,67,4,109,97,12,12,10,2,6,6,0,6,4,2,192,10.25,22.65423406060606,82.20022463636361
179956,STATE - ODISHA,Other telecommunications activities,180,164,16,71,67,4,109,97,12,12,10,2,6,6,0,6,4,2,192,10.25,22.65423406060606,82.20022463636361
179957,STATE - ODISHA,"Computer programming, consultancy and related activities",158,118,40,56,44,12,102,74,28,26,18,8,12,6,6,14,12,2,184,2.95,22.65423406060606,82.20022463636361
179958,STATE - ODISHA,"Computer programming, consultancy and related activities",158,118,40,56,44,12,102,74,28,26,18,8,12,6,6,14,12,2,184,2.95,22.65423406060606,82.20022463636361
179959,STATE - ODISHA,Computer programming activities,12,10,2,4,4,0,8,6,2,2,2,0,0,0,0,2,2,0,14,5,22.65423406060606,82.20022463636361
179960,STATE - ODISHA,Computer consultancy and computer facilities management activities,16,12,4,4,2,2,12,10,2,6,6,0,2,2,0,4,4,0,22,3,22.65423406060606,82.20022463636361
179961,STATE - ODISHA,Other information technology and computer service activities,130,96,34,48,38,10,82,58,24,18,10,8,10,4,6,8,6,2,148,2.823529411764706,22.65423406060606,82.20022463636361
179962,STATE - ODISHA,Information service activities,259,239,20,111,103,8,148,136,12,19,19,0,13,13,0,6,6,0,278,11.95,22.65423406060606,82.20022463636361
179963,STATE - ODISHA,"Data processing, hosting and related activities; web portals",18,14,4,10,8,2,8,6,2,8,8,0,6,6,0,2,2,0,26,3.5,22.65423406060606,82.20022463636361
179964,STATE - ODISHA,"Data processing, hosting and related activities",18,14,4,10,8,2,8,6,2,8,8,0,6,6,0,2,2,0,26,3.5,22.65423406060606,82.20022463636361
179965,STATE - ODISHA,Other information service activities,241,225,16,101,95,6,140,130,10,11,11,0,7,7,0,4,4,0,252,14.0625,22.65423406060606,82.20022463636361
179966,STATE - ODISHA,News agency activities,8,8,0,6,6,0,2,2,0,0,0,0,0,0,0,0,0,0,8,8,22.65423406060606,82.20022463636361
179967,STATE - ODISHA,Other information service activities n.e.c.,233,217,16,95,89,6,138,128,10,11,11,0,7,7,0,4,4,0,244,13.5625,22.65423406060606,82.20022463636361
179968,STATE - ODISHA,"Financial service activities, except insurance and pension funding",3877,3404,473,1621,1505,116,2256,1899,357,62,54,8,42,38,4,20,16,4,3939,7.19661733615222,22.65423406060606,82.20022463636361
179969,STATE - ODISHA,Monetary intermediation,3727,3274,453,1552,1436,116,2175,1838,337,50,44,6,32,30,2,18,14,4,3777,7.227373068432671,22.65423406060606,82.20022463636361
179970,STATE - ODISHA,Central banking,297,249,48,126,112,14,171,137,34,5,5,0,5,5,0,0,0,0,302,5.1875,22.65423406060606,82.20022463636361
179971,STATE - ODISHA,Other monetary intermediation,3430,3025,405,1426,1324,102,2004,1701,303,45,39,6,27,25,2,18,14,4,3475,7.469135802469136,22.65423406060606,82.20022463636361
179972,STATE - ODISHA,Activities of holding companies,10,10,0,4,4,0,6,6,0,2,2,0,0,0,0,2,2,0,12,10,22.65423406060606,82.20022463636361
179973,STATE - ODISHA,Activities of holding companies,10,10,0,4,4,0,6,6,0,2,2,0,0,0,0,2,2,0,12,10,22.65423406060606,82.20022463636361
179974,STATE - ODISHA,"Trusts, funds and other financial vehicles",2,2,0,2,2,0,0,0,0,0,0,0,0,0,0,0,0,0,2,2,22.65423406060606,82.20022463636361
179975,STATE - ODISHA,"Trusts, funds and other financial vehicles",2,2,0,2,2,0,0,0,0,0,0,0,0,0,0,0,0,0,2,2,22.65423406060606,82.20022463636361
179976,STATE - ODISHA,"Other financial service activities, except insurance and pension funding",138,118,20,63,63,0,75,55,20,10,8,2,10,8,2,0,0,0,148,5.9,22.65423406060606,82.20022463636361
179977,STATE - ODISHA,Financial leasing,5,5,0,5,5,0,0,0,0,0,0,0,0,0,0,0,0,0,5,5,22.65423406060606,82.20022463636361
179978,STATE - ODISHA,Other credit granting,2,2,0,2,2,0,0,0,0,2,2,0,2,2,0,0,0,0,4,2,22.65423406060606,82.20022463636361
179979,STATE - ODISHA,"Other financial service activities, except insurance and pension funding",131,111,20,56,56,0,75,55,20,8,6,2,8,6,2,0,0,0,139,5.55,22.65423406060606,82.20022463636361
179980,STATE - ODISHA,"Insurance, reinsurance and pension funding, except compulsory social",1101,1003,98,499,463,36,602,540,62,107,91,16,79,67,12,28,24,4,1208,10.23469387755102,22.65423406060606,82.20022463636361
179981,STATE - ODISHA,Insurance,1063,979,84,463,441,22,600,538,62,83,77,6,59,57,2,24,20,4,1146,11.654761904761903,22.65423406060606,82.20022463636361
179982,STATE - ODISHA,Life insurance,1008,936,72,446,428,18,562,508,54,79,73,6,55,53,2,24,20,4,1087,13,22.65423406060606,82.20022463636361
179983,STATE - ODISHA,Non-life insurance,55,43,12,17,13,4,38,30,8,4,4,0,4,4,0,0,0,0,59,3.583333333333333,22.65423406060606,82.20022463636361
179984,STATE - ODISHA,Pension funding,38,24,14,36,22,14,2,2,0,24,14,10,20,10,10,4,4,0,62,1.7142857142857142,22.65423406060606,82.20022463636361
179985,STATE - ODISHA,Pension funding,38,24,14,36,22,14,2,2,0,24,14,10,20,10,10,4,4,0,62,1.7142857142857142,22.65423406060606,82.20022463636361
179986,STATE - ODISHA,Other financial activities,283,257,26,170,162,8,113,95,18,39,35,4,33,31,2,6,4,2,322,9.884615384615383,22.65423406060606,82.20022463636361
179987,STATE - ODISHA,"Activities auxiliary to financial service activities, except insurance and",82,78,4,53,51,2,29,27,2,4,2,2,2,2,0,2,0,2,86,19.5,22.65423406060606,82.20022463636361
179988,STATE - ODISHA,Administration of financial markets,5,5,0,3,3,0,2,2,0,0,0,0,0,0,0,0,0,0,5,5,22.65423406060606,82.20022463636361
179989,STATE - ODISHA,Activities auxiliary to financial service activities n.e.c.,77,73,4,50,48,2,27,25,2,4,2,2,2,2,0,2,0,2,81,18.25,22.65423406060606,82.20022463636361
179990,STATE - ODISHA,Activities auxiliary to insurance and pension funding,195,173,22,111,105,6,84,68,16,35,33,2,31,29,2,4,4,0,230,7.863636363636363,22.65423406060606,82.20022463636361
179991,STATE - ODISHA,Activities of insurance agents and brokers,173,155,18,98,96,2,75,59,16,33,31,2,29,27,2,4,4,0,206,8.61111111111111,22.65423406060606,82.20022463636361
179992,STATE - ODISHA,Other activities auxiliary to insurance and pension funding,22,18,4,13,9,4,9,9,0,2,2,0,2,2,0,0,0,0,24,4.5,22.65423406060606,82.20022463636361
179993,STATE - ODISHA,Fund management activities,6,6,0,6,6,0,0,0,0,0,0,0,0,0,0,0,0,0,6,6,22.65423406060606,82.20022463636361
179994,STATE - ODISHA,Fund management activities,6,6,0,6,6,0,0,0,0,0,0,0,0,0,0,0,0,0,6,6,22.65423406060606,82.20022463636361
179995,STATE - ODISHA,Real estate activities,66,58,8,40,34,6,26,24,2,10,10,0,8,8,0,2,2,0,76,7.25,22.65423406060606,82.20022463636361
179996,STATE - ODISHA,Real estate activities with own or leased property,26,22,4,12,10,2,14,12,2,6,6,0,4,4,0,2,2,0,32,5.5,22.65423406060606,82.20022463636361
179997,STATE - ODISHA,Real estate activities with own or leased property,26,22,4,12,10,2,14,12,2,6,6,0,4,4,0,2,2,0,32,5.5,22.65423406060606,82.20022463636361
179998,STATE - ODISHA,Real estate activities on a fee or contract basis,40,36,4,28,24,4,12,12,0,4,4,0,4,4,0,0,0,0,44,9,22.65423406060606,82.20022463636361
179999,STATE - ODISHA,Real estate activities on a fee or contract basis,40,36,4,28,24,4,12,12,0,4,4,0,4,4,0,0,0,0,44,9,22.65423406060606,82.20022463636361
180000,STATE - ODISHA,Legal and accounting activities,592,543,49,361,332,29,231,211,20,28,22,6,20,14,6,8,8,0,620,11.081632653061224,22.65423406060606,82.20022463636361
180001,STATE - ODISHA,Legal activities,540,493,47,325,298,27,215,195,20,24,20,4,16,12,4,8,8,0,564,10.48936170212766,22.65423406060606,82.20022463636361
180002,STATE - ODISHA,Legal activities,540,493,47,325,298,27,215,195,20,24,20,4,16,12,4,8,8,0,564,10.48936170212766,22.65423406060606,82.20022463636361
180003,STATE - ODISHA,"Accounting, bookkeeping and auditing activities; tax consultancy",52,50,2,36,34,2,16,16,0,4,2,2,4,2,2,0,0,0,56,25,22.65423406060606,82.20022463636361
180004,STATE - ODISHA,"Accounting, bookkeeping and auditing activities; tax consultancy",52,50,2,36,34,2,16,16,0,4,2,2,4,2,2,0,0,0,56,25,22.65423406060606,82.20022463636361
180005,STATE - ODISHA,Architecture and engineering activities; technical testing and analysis,20,18,2,8,8,0,12,10,2,2,2,0,2,2,0,0,0,0,22,9,22.65423406060606,82.20022463636361
180006,STATE - ODISHA,Architectural and engineering activities and related technical consultancy,14,12,2,8,8,0,6,4,2,2,2,0,2,2,0,0,0,0,16,6,22.65423406060606,82.20022463636361
180007,STATE - ODISHA,Architectural and engineering activities and related technical,14,12,2,8,8,0,6,4,2,2,2,0,2,2,0,0,0,0,16,6,22.65423406060606,82.20022463636361
180008,STATE - ODISHA,Technical testing and analysis,6,6,0,0,0,0,6,6,0,0,0,0,0,0,0,0,0,0,6,6,22.65423406060606,82.20022463636361
180009,STATE - ODISHA,Technical testing and analysis,6,6,0,0,0,0,6,6,0,0,0,0,0,0,0,0,0,0,6,6,22.65423406060606,82.20022463636361
180010,STATE - ODISHA,Scientific research and development,23,19,4,11,11,0,12,8,4,0,0,0,0,0,0,0,0,0,23,4.75,22.65423406060606,82.20022463636361
180011,STATE - ODISHA,Research and experimental development on natural sciences and,18,14,4,6,6,0,12,8,4,0,0,0,0,0,0,0,0,0,18,3.5,22.65423406060606,82.20022463636361
180012,STATE - ODISHA,Research and experimental development on natural sciences and,18,14,4,6,6,0,12,8,4,0,0,0,0,0,0,0,0,0,18,3.5,22.65423406060606,82.20022463636361
180013,STATE - ODISHA,Research and experimental development on social sciences and humanities,5,5,0,5,5,0,0,0,0,0,0,0,0,0,0,0,0,0,5,5,22.65423406060606,82.20022463636361
180014,STATE - ODISHA,Research and experimental development on social sciences and,5,5,0,5,5,0,0,0,0,0,0,0,0,0,0,0,0,0,5,5,22.65423406060606,82.20022463636361
180015,STATE - ODISHA,Advertising and market research,4,4,0,2,2,0,2,2,0,2,2,0,2,2,0,0,0,0,6,4,22.65423406060606,82.20022463636361
180016,STATE - ODISHA,Advertising,2,2,0,0,0,0,2,2,0,2,2,0,2,2,0,0,0,0,4,2,22.65423406060606,82.20022463636361
180017,STATE - ODISHA,Advertising,2,2,0,0,0,0,2,2,0,2,2,0,2,2,0,0,0,0,4,2,22.65423406060606,82.20022463636361
180018,STATE - ODISHA,Market research and public opinion polling,2,2,0,2,2,0,0,0,0,0,0,0,0,0,0,0,0,0,2,2,22.65423406060606,82.20022463636361
180019,STATE - ODISHA,Market research and public opinion polling,2,2,0,2,2,0,0,0,0,0,0,0,0,0,0,0,0,0,2,2,22.65423406060606,82.20022463636361
180020,STATE - ODISHA,"Other professional, scientific and technical activities",243,219,24,136,124,12,107,95,12,67,65,2,49,47,2,18,18,0,310,9.125,22.65423406060606,82.20022463636361
180021,STATE - ODISHA,Specialized design activities,50,44,6,18,16,2,32,28,4,27,27,0,21,21,0,6,6,0,77,7.333333333333333,22.65423406060606,82.20022463636361
180022,STATE - ODISHA,Specialized design activities,50,44,6,18,16,2,32,28,4,27,27,0,21,21,0,6,6,0,77,7.333333333333333,22.65423406060606,82.20022463636361
180023,STATE - ODISHA,Photographic activities,143,129,14,89,79,10,54,50,4,38,36,2,26,24,2,12,12,0,181,9.214285714285714,22.65423406060606,82.20022463636361
180024,STATE - ODISHA,Photographic activities,143,129,14,89,79,10,54,50,4,38,36,2,26,24,2,12,12,0,181,9.214285714285714,22.65423406060606,82.20022463636361
180025,STATE - ODISHA,"Other professional, scientific and technical activities n.e.c.",50,46,4,29,29,0,21,17,4,2,2,0,2,2,0,0,0,0,52,11.5,22.65423406060606,82.20022463636361
180026,STATE - ODISHA,"Other professional, scientific and technical activities n.e.c.",50,46,4,29,29,0,21,17,4,2,2,0,2,2,0,0,0,0,52,11.5,22.65423406060606,82.20022463636361
180027,STATE - ODISHA,Veterinary activities,618,570,48,479,451,28,139,119,20,17,15,2,15,15,0,2,0,2,635,11.875,22.65423406060606,82.20022463636361
180028,STATE - ODISHA,Veterinary activities,618,570,48,479,451,28,139,119,20,17,15,2,15,15,0,2,0,2,635,11.875,22.65423406060606,82.20022463636361
180029,STATE - ODISHA,Veterinary activities,618,570,48,479,451,28,139,119,20,17,15,2,15,15,0,2,0,2,635,11.875,22.65423406060606,82.20022463636361
180030,STATE - ODISHA,Rental and leasing activities,384,376,8,210,208,2,174,168,6,222,216,6,172,170,2,50,46,4,606,47,22.65423406060606,82.20022463636361
180031,STATE - ODISHA,Renting and leasing of motor vehicles,28,28,0,16,16,0,12,12,0,0,0,0,0,0,0,0,0,0,28,28,22.65423406060606,82.20022463636361
180032,STATE - ODISHA,Renting and leasing of motor vehicles,28,28,0,16,16,0,12,12,0,0,0,0,0,0,0,0,0,0,28,28,22.65423406060606,82.20022463636361
180033,STATE - ODISHA,Renting and leasing of personal and household goods,340,332,8,182,180,2,158,152,6,220,214,6,170,168,2,50,46,4,560,41.5,22.65423406060606,82.20022463636361
180034,STATE - ODISHA,Renting of video tapes and disks,0,0,0,0,0,0,0,0,0,3,3,0,3,3,0,0,0,0,3,0,22.65423406060606,82.20022463636361
180035,STATE - ODISHA,Renting and leasing of other personal and household goods n.e.c.,340,332,8,182,180,2,158,152,6,217,211,6,167,165,2,50,46,4,557,41.5,22.65423406060606,82.20022463636361
180036,STATE - ODISHA,"Renting and leasing of other machinery, equipment and tangible goods",16,16,0,12,12,0,4,4,0,2,2,0,2,2,0,0,0,0,18,16,22.65423406060606,82.20022463636361
180037,STATE - ODISHA,"Renting and leasing of other machinery, equipment and tangible goods",16,16,0,12,12,0,4,4,0,2,2,0,2,2,0,0,0,0,18,16,22.65423406060606,82.20022463636361
180038,STATE - ODISHA,Employment activities,184,152,32,124,104,20,60,48,12,59,47,12,41,31,10,18,16,2,243,4.75,22.65423406060606,82.20022463636361
180039,STATE - ODISHA,Activities of employment placement agencies,90,82,8,68,62,6,22,20,2,32,26,6,24,20,4,8,6,2,122,10.25,22.65423406060606,82.20022463636361
180040,STATE - ODISHA,Activities of employment placement agencies,90,82,8,68,62,6,22,20,2,32,26,6,24,20,4,8,6,2,122,10.25,22.65423406060606,82.20022463636361
180041,STATE - ODISHA,Temporary employment agency activities,92,70,22,54,42,12,38,28,10,27,21,6,17,11,6,10,10,0,119,3.1818181818181817,22.65423406060606,82.20022463636361
180042,STATE - ODISHA,Temporary employment agency activities,92,70,22,54,42,12,38,28,10,27,21,6,17,11,6,10,10,0,119,3.1818181818181817,22.65423406060606,82.20022463636361
180043,STATE - ODISHA,Human resources provision and management of human resources functions,2,0,2,2,0,2,0,0,0,0,0,0,0,0,0,0,0,0,2,0,22.65423406060606,82.20022463636361
180044,STATE - ODISHA,Human resources provision and management of human resources,2,0,2,2,0,2,0,0,0,0,0,0,0,0,0,0,0,0,2,0,22.65423406060606,82.20022463636361
180045,STATE - ODISHA,"Travel agency, tour operator and other reservation service activities",4,2,2,2,0,2,2,2,0,0,0,0,0,0,0,0,0,0,4,1,22.65423406060606,82.20022463636361
180046,STATE - ODISHA,Travel agency and tour operator activities,4,2,2,2,0,2,2,2,0,0,0,0,0,0,0,0,0,0,4,1,22.65423406060606,82.20022463636361
180047,STATE - ODISHA,Travel agency activities,4,2,2,2,0,2,2,2,0,0,0,0,0,0,0,0,0,0,4,1,22.65423406060606,82.20022463636361
180048,STATE - ODISHA,Security and investigation activities,964,929,35,603,582,21,361,347,14,115,96,19,81,62,19,34,34,0,1079,26.542857142857144,22.65423406060606,82.20022463636361
180049,STATE - ODISHA,Private security activities,688,673,15,411,400,11,277,273,4,95,80,15,63,48,15,32,32,0,783,44.86666666666667,22.65423406060606,82.20022463636361
180050,STATE - ODISHA,Private security activities,688,673,15,411,400,11,277,273,4,95,80,15,63,48,15,32,32,0,783,44.86666666666667,22.65423406060606,82.20022463636361
180051,STATE - ODISHA,Security systems service activities,274,254,20,190,180,10,84,74,10,20,16,4,18,14,4,2,2,0,294,12.7,22.65423406060606,82.20022463636361
180052,STATE - ODISHA,Security systems service activities,274,254,20,190,180,10,84,74,10,20,16,4,18,14,4,2,2,0,294,12.7,22.65423406060606,82.20022463636361
180053,STATE - ODISHA,Investigation activities,2,2,0,2,2,0,0,0,0,0,0,0,0,0,0,0,0,0,2,2,22.65423406060606,82.20022463636361
180054,STATE - ODISHA,Investigation activities,2,2,0,2,2,0,0,0,0,0,0,0,0,0,0,0,0,0,2,2,22.65423406060606,82.20022463636361
180055,STATE - ODISHA,Services to buildings and landscape activities,112,61,51,46,27,19,66,34,32,20,9,11,10,5,5,10,4,6,132,1.196078431372549,22.65423406060606,82.20022463636361
180056,STATE - ODISHA,Combined facilities support activities,4,2,2,2,0,2,2,2,0,0,0,0,0,0,0,0,0,0,4,1,22.65423406060606,82.20022463636361
180057,STATE - ODISHA,Combined facilities support activities,4,2,2,2,0,2,2,2,0,0,0,0,0,0,0,0,0,0,4,1,22.65423406060606,82.20022463636361
180058,STATE - ODISHA,Cleaning activities,98,53,45,42,25,17,56,28,28,20,9,11,10,5,5,10,4,6,118,1.1777777777777778,22.65423406060606,82.20022463636361
180059,STATE - ODISHA,General cleaning of buildings,38,22,16,12,4,8,26,18,8,12,5,7,6,1,5,6,4,2,50,1.375,22.65423406060606,82.20022463636361
180060,STATE - ODISHA,Other building and industrial cleaning activities,60,31,29,30,21,9,30,10,20,8,4,4,4,4,0,4,0,4,68,1.0689655172413792,22.65423406060606,82.20022463636361
180061,STATE - ODISHA,Landscape care and maintenance service activities,10,6,4,2,2,0,8,4,4,0,0,0,0,0,0,0,0,0,10,1.5,22.65423406060606,82.20022463636361
180062,STATE - ODISHA,Landscape care and maintenance service activities,10,6,4,2,2,0,8,4,4,0,0,0,0,0,0,0,0,0,10,1.5,22.65423406060606,82.20022463636361
180063,STATE - ODISHA,"Office administrative, office support and other business support activities",204,185,19,127,118,9,77,67,10,20,18,2,12,12,0,8,6,2,224,9.736842105263158,22.65423406060606,82.20022463636361
180064,STATE - ODISHA,Office administrative and support activities,137,123,14,87,81,6,50,42,8,12,10,2,6,6,0,6,4,2,149,8.785714285714286,22.65423406060606,82.20022463636361
180065,STATE - ODISHA,Combined office administrative service activities,34,30,4,24,22,2,10,8,2,0,0,0,0,0,0,0,0,0,34,7.5,22.65423406060606,82.20022463636361
180066,STATE - ODISHA,"Photocopying, document preparation and other specialized office",103,93,10,63,59,4,40,34,6,12,10,2,6,6,0,6,4,2,115,9.3,22.65423406060606,82.20022463636361
180067,STATE - ODISHA,Business support service activities n.e.c.,67,62,5,40,37,3,27,25,2,8,8,0,6,6,0,2,2,0,75,12.4,22.65423406060606,82.20022463636361
180068,STATE - ODISHA,Activities of collection agencies and credit bureaus,8,8,0,2,2,0,6,6,0,2,2,0,2,2,0,0,0,0,10,8,22.65423406060606,82.20022463636361
180069,STATE - ODISHA,Packaging activities,21,18,3,9,8,1,12,10,2,2,2,0,2,2,0,0,0,0,23,6,22.65423406060606,82.20022463636361
180070,STATE - ODISHA,Other business support service activities n.e.c.,38,36,2,29,27,2,9,9,0,4,4,0,2,2,0,2,2,0,42,18,22.65423406060606,82.20022463636361
180071,STATE - ODISHA,Public administration and defence; compulsory social security,30659,27102,3557,18237,16218,2019,12422,10884,1538,1311,955,356,1130,821,309,181,134,47,31970,7.619342142254709,22.65423406060606,82.20022463636361
180072,STATE - ODISHA,Administration of the State and the economic and social policy of the,19129,16438,2691,11495,9882,1613,7634,6556,1078,951,632,319,827,541,286,124,91,33,20080,6.108509847640282,22.65423406060606,82.20022463636361
180073,STATE - ODISHA,General public administration activities,19093,16416,2677,11465,9864,1601,7628,6552,1076,949,632,317,825,541,284,124,91,33,20042,6.132237579379903,22.65423406060606,82.20022463636361
180074,STATE - ODISHA,"Regulation of the activities of providing health care, education, cultural",34,20,14,28,16,12,6,4,2,2,0,2,2,0,2,0,0,0,36,1.4285714285714286,22.65423406060606,82.20022463636361
180075,STATE - ODISHA,Regulation of and contribution to more efficient operation of,2,2,0,2,2,0,0,0,0,0,0,0,0,0,0,0,0,0,2,2,22.65423406060606,82.20022463636361
180076,STATE - ODISHA,Provision of services to the community as a whole,11374,10524,850,6648,6254,394,4726,4270,456,354,317,37,299,276,23,55,41,14,11728,12.381176470588237,22.65423406060606,82.20022463636361
180077,STATE - ODISHA,Defence activities,1658,1624,34,1120,1104,16,538,520,18,37,33,4,30,28,2,7,5,2,1695,47.76470588235294,22.65423406060606,82.20022463636361
180078,STATE - ODISHA,Public order and safety activities,9716,8900,816,5528,5150,378,4188,3750,438,317,284,33,269,248,21,48,36,12,10033,10.90686274509804,22.65423406060606,82.20022463636361
180079,STATE - ODISHA,Compulsory social security activities,156,140,16,94,82,12,62,58,4,6,6,0,4,4,0,2,2,0,162,8.75,22.65423406060606,82.20022463636361
180080,STATE - ODISHA,Compulsory social security activities,156,140,16,94,82,12,62,58,4,6,6,0,4,4,0,2,2,0,162,8.75,22.65423406060606,82.20022463636361
180081,STATE - ODISHA,Primary education,32334,18213,14121,28736,16743,11993,3598,1470,2128,1847,756,1091,1730,710,1020,117,46,71,34181,1.2897811769704697,22.65423406060606,82.20022463636361
180082,STATE - ODISHA,Primary education,32334,18213,14121,28736,16743,11993,3598,1470,2128,1847,756,1091,1730,710,1020,117,46,71,34181,1.2897811769704697,22.65423406060606,82.20022463636361
180083,STATE - ODISHA,Secondary education,4526,3163,1363,3623,2662,961,903,501,402,206,111,95,176,103,73,30,8,22,4732,2.32061628760088,22.65423406060606,82.20022463636361
180084,STATE - ODISHA,General secondary education,4421,3081,1340,3571,2623,948,850,458,392,189,98,91,163,92,71,26,6,20,4610,2.2992537313432835,22.65423406060606,82.20022463636361
180085,STATE - ODISHA,Technical and vocational secondary education,105,82,23,52,39,13,53,43,10,17,13,4,13,11,2,4,2,2,122,3.565217391304348,22.65423406060606,82.20022463636361
180086,STATE - ODISHA,Higher education,1346,1024,322,752,621,131,594,403,191,85,53,32,53,37,16,32,16,16,1431,3.1801242236024843,22.65423406060606,82.20022463636361
180087,STATE - ODISHA,Higher education,1346,1024,322,752,621,131,594,403,191,85,53,32,53,37,16,32,16,16,1431,3.1801242236024843,22.65423406060606,82.20022463636361
180088,STATE - ODISHA,Other education,856,544,312,644,426,218,212,118,94,263,172,91,239,160,79,24,12,12,1119,1.7435897435897436,22.65423406060606,82.20022463636361
180089,STATE - ODISHA,Sports and recreation education,28,22,6,20,18,2,8,4,4,2,0,2,2,0,2,0,0,0,30,3.6666666666666665,22.65423406060606,82.20022463636361
180090,STATE - ODISHA,Cultural education,17,15,2,11,11,0,6,4,2,4,4,0,4,4,0,0,0,0,21,7.5,22.65423406060606,82.20022463636361
180091,STATE - ODISHA,Other education n.e.c.,811,507,304,613,397,216,198,110,88,257,168,89,233,156,77,24,12,12,1068,1.667763157894737,22.65423406060606,82.20022463636361
180092,STATE - ODISHA,Educational support services,121,56,65,96,43,53,25,13,12,10,6,4,10,6,4,0,0,0,131,0.8615384615384616,22.65423406060606,82.20022463636361
180093,STATE - ODISHA,Educational support services,121,56,65,96,43,53,25,13,12,10,6,4,10,6,4,0,0,0,131,0.8615384615384616,22.65423406060606,82.20022463636361
180094,STATE - ODISHA,Hospital activities,1880,893,987,1032,551,481,848,342,506,76,33,43,46,25,21,30,8,22,1956,0.9047619047619048,22.65423406060606,82.20022463636361
180095,STATE - ODISHA,Hospital activities,1880,893,987,1032,551,481,848,342,506,76,33,43,46,25,21,30,8,22,1956,0.9047619047619048,22.65423406060606,82.20022463636361
180096,STATE - ODISHA,Medical and dental practice activities,111,85,26,59,49,10,52,36,16,8,6,2,8,6,2,0,0,0,119,3.269230769230769,22.65423406060606,82.20022463636361
180097,STATE - ODISHA,Medical and dental practice activities,111,85,26,59,49,10,52,36,16,8,6,2,8,6,2,0,0,0,119,3.269230769230769,22.65423406060606,82.20022463636361
180098,STATE - ODISHA,Residential care activities,56,22,34,24,6,18,32,16,16,8,4,4,6,4,2,2,0,2,64,0.6470588235294118,22.65423406060606,82.20022463636361
180099,STATE - ODISHA,Nursing care facilities,34,14,20,8,2,6,26,12,14,8,4,4,6,4,2,2,0,2,42,0.7,22.65423406060606,82.20022463636361
180100,STATE - ODISHA,Nursing care facilities,34,14,20,8,2,6,26,12,14,8,4,4,6,4,2,2,0,2,42,0.7,22.65423406060606,82.20022463636361
180101,STATE - ODISHA,"Residential care activities for mental retardation, mental health and substance",10,4,6,10,4,6,0,0,0,0,0,0,0,0,0,0,0,0,10,0.6666666666666666,22.65423406060606,82.20022463636361
180102,STATE - ODISHA,"Residential care activities for mental retardation, mental health and",10,4,6,10,4,6,0,0,0,0,0,0,0,0,0,0,0,0,10,0.6666666666666666,22.65423406060606,82.20022463636361
180103,STATE - ODISHA,Residential care activities for the elderly and disabled,2,0,2,0,0,0,2,0,2,0,0,0,0,0,0,0,0,0,2,0,22.65423406060606,82.20022463636361
180104,STATE - ODISHA,Residential care activities for the elderly and disabled,2,0,2,0,0,0,2,0,2,0,0,0,0,0,0,0,0,0,2,0,22.65423406060606,82.20022463636361
180105,STATE - ODISHA,Other residential care activities n.e.c.,10,4,6,6,0,6,4,4,0,0,0,0,0,0,0,0,0,0,10,0.6666666666666666,22.65423406060606,82.20022463636361
180106,STATE - ODISHA,Other residential care activities n.e.c.,10,4,6,6,0,6,4,4,0,0,0,0,0,0,0,0,0,0,10,0.6666666666666666,22.65423406060606,82.20022463636361
180107,STATE - ODISHA,Social work activities without accommodation,1142,729,413,862,546,316,280,183,97,207,96,111,186,89,97,21,7,14,1349,1.765133171912833,22.65423406060606,82.20022463636361
180108,STATE - ODISHA,Social work activities without accommodation for the elderly and disabled,82,45,37,59,30,29,23,15,8,21,19,2,19,19,0,2,0,2,103,1.2162162162162162,22.65423406060606,82.20022463636361
180109,STATE - ODISHA,Social work activities without accommodation for the elderly and,82,45,37,59,30,29,23,15,8,21,19,2,19,19,0,2,0,2,103,1.2162162162162162,22.65423406060606,82.20022463636361
180110,STATE - ODISHA,Other social work activities without accommodation n.e.c.,1060,684,376,803,516,287,257,168,89,186,77,109,167,70,97,19,7,12,1246,1.819148936170213,22.65423406060606,82.20022463636361
180111,STATE - ODISHA,Other social work activities without accommodation n.e.c.,1060,684,376,803,516,287,257,168,89,186,77,109,167,70,97,19,7,12,1246,1.819148936170213,22.65423406060606,82.20022463636361
180112,STATE - ODISHA,"Creative, arts and entertainment activities",892,849,43,564,535,29,328,314,14,418,382,36,344,312,32,74,70,4,1310,19.74418604651163,22.65423406060606,82.20022463636361
180113,STATE - ODISHA,"Creative, arts and entertainment activities",892,849,43,564,535,29,328,314,14,418,382,36,344,312,32,74,70,4,1310,19.74418604651163,22.65423406060606,82.20022463636361
180114,STATE - ODISHA,"Dramatic arts, music and other arts activities",892,849,43,564,535,29,328,314,14,418,382,36,344,312,32,74,70,4,1310,19.74418604651163,22.65423406060606,82.20022463636361
180115,STATE - ODISHA,"Libraries, archives, museums and other cultural activities",147,127,20,98,90,8,49,37,12,46,28,18,24,14,10,22,14,8,193,6.35,22.65423406060606,82.20022463636361
180116,STATE - ODISHA,"Libraries, archives, museums and other cultural activities",147,127,20,98,90,8,49,37,12,46,28,18,24,14,10,22,14,8,193,6.35,22.65423406060606,82.20022463636361
180117,STATE - ODISHA,Library and archives activities,12,12,0,8,8,0,4,4,0,2,2,0,0,0,0,2,2,0,14,12,22.65423406060606,82.20022463636361
180118,STATE - ODISHA,Museums activities and operation of historical sites and buildings,6,6,0,6,6,0,0,0,0,0,0,0,0,0,0,0,0,0,6,6,22.65423406060606,82.20022463636361
180119,STATE - ODISHA,Botanical and zoological gardens and nature reserves activities,129,109,20,84,76,8,45,33,12,44,26,18,24,14,10,20,12,8,173,5.45,22.65423406060606,82.20022463636361
180120,STATE - ODISHA,Gambling and betting activities,2,2,0,2,2,0,0,0,0,0,0,0,0,0,0,0,0,0,2,2,22.65423406060606,82.20022463636361
180121,STATE - ODISHA,Gambling and betting activities,2,2,0,2,2,0,0,0,0,0,0,0,0,0,0,0,0,0,2,2,22.65423406060606,82.20022463636361
180122,STATE - ODISHA,Gambling and betting activities,2,2,0,2,2,0,0,0,0,0,0,0,0,0,0,0,0,0,2,2,22.65423406060606,82.20022463636361
180123,STATE - ODISHA,Sports activities and amusement and recreation activities,109,89,20,55,47,8,54,42,12,55,43,12,35,33,2,20,10,10,164,4.45,22.65423406060606,82.20022463636361
180124,STATE - ODISHA,Sports activities,6,4,2,4,2,2,2,2,0,2,2,0,2,2,0,0,0,0,8,2,22.65423406060606,82.20022463636361
180125,STATE - ODISHA,Operation of sports facilities,2,2,0,0,0,0,2,2,0,0,0,0,0,0,0,0,0,0,2,2,22.65423406060606,82.20022463636361
180126,STATE - ODISHA,Other sports activities,4,2,2,4,2,2,0,0,0,2,2,0,2,2,0,0,0,0,6,1,22.65423406060606,82.20022463636361
180127,STATE - ODISHA,Other amusement and recreation activities,103,85,18,51,45,6,52,40,12,53,41,12,33,31,2,20,10,10,156,4.722222222222222,22.65423406060606,82.20022463636361
180128,STATE - ODISHA,Activities of amusement parks and theme parks,20,16,4,2,2,0,18,14,4,8,4,4,0,0,0,8,4,4,28,4,22.65423406060606,82.20022463636361
180129,STATE - ODISHA,Other amusement and recreation activities n.e.c.,83,69,14,49,43,6,34,26,8,45,37,8,33,31,2,12,6,6,128,4.928571428571429,22.65423406060606,82.20022463636361
180130,STATE - ODISHA,Activities of membership organizations,2291,1878,413,1843,1509,334,448,369,79,339,229,110,309,209,100,30,20,10,2630,4.547215496368039,22.65423406060606,82.20022463636361
180131,STATE - ODISHA,"Activities of business, employers and professional membership",21,21,0,11,11,0,10,10,0,0,0,0,0,0,0,0,0,0,21,21,22.65423406060606,82.20022463636361
180132,STATE - ODISHA,Activities of business and employers membership organizations,14,14,0,6,6,0,8,8,0,0,0,0,0,0,0,0,0,0,14,14,22.65423406060606,82.20022463636361
180133,STATE - ODISHA,Activities of professional membership organizations,7,7,0,5,5,0,2,2,0,0,0,0,0,0,0,0,0,0,7,7,22.65423406060606,82.20022463636361
180134,STATE - ODISHA,Activities of trade unions,8,8,0,4,4,0,4,4,0,0,0,0,0,0,0,0,0,0,8,8,22.65423406060606,82.20022463636361
180135,STATE - ODISHA,Activities of trade unions,8,8,0,4,4,0,4,4,0,0,0,0,0,0,0,0,0,0,8,8,22.65423406060606,82.20022463636361
180136,STATE - ODISHA,Activities of other membership organizations,2262,1849,413,1828,1494,334,434,355,79,339,229,110,309,209,100,30,20,10,2601,4.476997578692494,22.65423406060606,82.20022463636361
180137,STATE - ODISHA,Activities of religious organizations,1401,1238,163,1035,933,102,366,305,61,218,176,42,196,160,36,22,16,6,1619,7.595092024539877,22.65423406060606,82.20022463636361
180138,STATE - ODISHA,Activities of political organizations,821,579,242,761,535,226,60,44,16,119,53,66,111,49,62,8,4,4,940,2.3925619834710745,22.65423406060606,82.20022463636361
180139,STATE - ODISHA,Activities of other membership organizations n.e.c.,40,32,8,32,26,6,8,6,2,2,0,2,2,0,2,0,0,0,42,4,22.65423406060606,82.20022463636361
180140,STATE - ODISHA,Repair of computers and personal and household goods,2760,2670,90,2222,2159,63,538,511,27,936,759,177,813,654,159,123,105,18,3696,29.666666666666668,22.65423406060606,82.20022463636361
180141,STATE - ODISHA,Repair of computers and communication equipment,89,85,4,51,47,4,38,38,0,25,23,2,21,19,2,4,4,0,114,21.25,22.65423406060606,82.20022463636361
180142,STATE - ODISHA,Repair of computers and peripheral equipment,67,63,4,37,33,4,30,30,0,18,16,2,14,12,2,4,4,0,85,15.75,22.65423406060606,82.20022463636361
180143,STATE - ODISHA,Repair of communication equipment,22,22,0,14,14,0,8,8,0,7,7,0,7,7,0,0,0,0,29,22,22.65423406060606,82.20022463636361
180144,STATE - ODISHA,Repair of personal and household goods,2671,2585,86,2171,2112,59,500,473,27,911,736,175,792,635,157,119,101,18,3582,30.05813953488372,22.65423406060606,82.20022463636361
180145,STATE - ODISHA,Repair of consumer electronics,223,207,16,141,127,14,82,80,2,130,91,39,118,81,37,12,10,2,353,12.9375,22.65423406060606,82.20022463636361
180146,STATE - ODISHA,Repair of household appliances and home and garden equipment,70,66,4,48,48,0,22,18,4,38,19,19,35,16,19,3,3,0,108,16.5,22.65423406060606,82.20022463636361
180147,STATE - ODISHA,Repair of footwear and leather goods,6,4,2,2,2,0,4,2,2,8,6,2,2,2,0,6,4,2,14,2,22.65423406060606,82.20022463636361
180148,STATE - ODISHA,Repair of furniture and home furnishings,0,0,0,0,0,0,0,0,0,2,0,2,0,0,0,2,0,2,2,0,22.65423406060606,82.20022463636361
180149,STATE - ODISHA,"Repair of personal and household goods, n.e.c.",2372,2308,64,1980,1935,45,392,373,19,733,620,113,637,536,101,96,84,12,3105,36.0625,22.65423406060606,82.20022463636361
180150,STATE - ODISHA,Other personal service activities,423,200,223,155,109,46,268,91,177,173,56,117,106,42,64,67,14,53,596,0.8968609865470852,22.65423406060606,82.20022463636361
180151,STATE - ODISHA,Other personal service activities,423,200,223,155,109,46,268,91,177,173,56,117,106,42,64,67,14,53,596,0.8968609865470852,22.65423406060606,82.20022463636361
180152,STATE - ODISHA,Washing and (dry-) cleaning of textile and fur products,57,38,19,38,28,10,19,10,9,24,4,20,20,4,16,4,0,4,81,2,22.65423406060606,82.20022463636361
180153,STATE - ODISHA,Hairdressing and other beauty treatment,130,104,26,57,53,4,73,51,22,36,24,12,16,16,0,20,8,12,166,4,22.65423406060606,82.20022463636361
180154,STATE - ODISHA,Other personal service activities n.e.c.,236,58,178,60,28,32,176,30,146,113,28,85,70,22,48,43,6,37,349,0.3258426966292135,22.65423406060606,82.20022463636361
180155,STATE - ODISHA,Activities of households as employers of domestic personnel,5939,1900,4039,2632,1389,1243,3307,511,2796,3031,815,2216,2149,706,1443,882,109,773,8970,0.4704134686803664,22.65423406060606,82.20022463636361
180156,STATE - ODISHA,Activities of households as employers of domestic personnel,5939,1900,4039,2632,1389,1243,3307,511,2796,3031,815,2216,2149,706,1443,882,109,773,8970,0.4704134686803664,22.65423406060606,82.20022463636361
180157,STATE - ODISHA,Activities of households as employers of domestic personnel,5939,1900,4039,2632,1389,1243,3307,511,2796,3031,815,2216,2149,706,1443,882,109,773,8970,0.4704134686803664,22.65423406060606,82.20022463636361
180158,STATE - ODISHA,Undifferentiated goods- and services-producing activities of private,6,6,0,4,4,0,2,2,0,5,0,5,5,0,5,0,0,0,11,6,22.65423406060606,82.20022463636361
180159,STATE - ODISHA,Undifferentiated goods-producing activities of private households for own,4,4,0,2,2,0,2,2,0,1,0,1,1,0,1,0,0,0,5,4,22.65423406060606,82.20022463636361
180160,STATE - ODISHA,Undifferentiated goods-producing activities of private households for own,4,4,0,2,2,0,2,2,0,1,0,1,1,0,1,0,0,0,5,4,22.65423406060606,82.20022463636361
180161,STATE - ODISHA,Undifferentiated service-producing activities of private households for own,2,2,0,2,2,0,0,0,0,4,0,4,4,0,4,0,0,0,6,2,22.65423406060606,82.20022463636361
180162,STATE - ODISHA,Undifferentiated service-producing activities of private households for own,2,2,0,2,2,0,0,0,0,4,0,4,4,0,4,0,0,0,6,2,22.65423406060606,82.20022463636361
180163,STATE - ODISHA,Activities of extraterritorial organizations and bodies,6,0,6,0,0,0,6,0,6,1,0,1,1,0,1,0,0,0,7,0,22.65423406060606,82.20022463636361
180164,STATE - ODISHA,Activities of extraterritorial organizations and bodies,6,0,6,0,0,0,6,0,6,1,0,1,1,0,1,0,0,0,7,0,22.65423406060606,82.20022463636361
