,IndiaStates,NIC_Name,Main_Workers__Total___Persons,Main_Workers__Total__Males,Main_Workers__Total__Females,Main_Workers__Rural___Persons,Main_Workers__Rural__Males,Main_Workers__Rural__Females,Main_Workers__Urban___Persons,Main_Workers__Urban__Males,Main_Workers__Urban__Females,Marginal_Workers__Total___Persons,Marginal_Workers__Total__Males,Marginal_Workers__Total__Females,Marginal_Workers__Rural___Persons,Marginal_Workers__Rural__Males,Marginal_Workers__Rural__Females,Marginal_Workers__Urban___Persons,Marginal_Workers__Urban__Males,Marginal_Workers__Urban__Females,TotalWorkers,MaleFemaleRatio,Latitude,Longitude
136112,STATE - PUDUCHERRY,Total,39807,28649,11158,14996,10914,4082,24811,17735,7076,4639,2868,1771,2212,1354,858,2427,1514,913,44446,2.5675748341996774,11.667026,92.735983
136113,STATE - PUDUCHERRY,"Crop and animal production, hunting and related service activities",630,445,185,356,244,112,274,201,73,171,109,62,144,86,58,27,23,4,801,2.4054054054054053,14.750429,78.570026
136114,STATE - PUDUCHERRY,Growing of perennial crops,9,9,0,6,6,0,3,3,0,0,0,0,0,0,0,0,0,0,9,9,27.100399,93.616601
136115,STATE - PUDUCHERRY,Growing of oleaginous fruits,3,3,0,0,0,0,3,3,0,0,0,0,0,0,0,0,0,0,3,3,26.749981,94.216667
136116,STATE - PUDUCHERRY,Growing of beverage crops,6,6,0,6,6,0,0,0,0,0,0,0,0,0,0,0,0,0,6,6,25.785414,87.479973
136117,STATE - PUDUCHERRY,Animal production,137,47,90,90,24,66,47,23,24,28,14,14,28,14,14,0,0,0,165,0.5222222222222223,30.719997,76.780006
136118,STATE - PUDUCHERRY,Raising of cattle and buffaloes,107,41,66,60,18,42,47,23,24,16,8,8,16,8,8,0,0,0,123,0.6212121212121212,22.09042,82.159987
136119,STATE - PUDUCHERRY,Raising of sheep and goats,22,0,22,22,0,22,0,0,0,12,6,6,12,6,6,0,0,0,34,0,20.266578,73.016618
136120,STATE - PUDUCHERRY,Raising of poultry,6,6,0,6,6,0,0,0,0,0,0,0,0,0,0,0,0,0,6,6,28.669993,77.230004
136121,STATE - PUDUCHERRY,Raising of other animals,2,0,2,2,0,2,0,0,0,0,0,0,0,0,0,0,0,0,2,0,15.491997,73.818001
136122,STATE - PUDUCHERRY,Support activities to agriculture and post-harvest crop activities,484,389,95,260,214,46,224,175,49,137,89,48,116,72,44,21,17,4,621,4.094736842105263,28.450006,77.019991
136123,STATE - PUDUCHERRY,Support activities for crop production,387,297,90,210,164,46,177,133,44,129,85,44,112,70,42,17,15,2,516,3.3,31.100025,77.166597
136124,STATE - PUDUCHERRY,Post-harvest crop activities,97,92,5,50,50,0,47,42,5,8,4,4,4,2,2,4,2,2,105,18.4,34.299959,74.466658
136125,STATE - PUDUCHERRY,"Hunting, trapping and related service activities",0,0,0,0,0,0,0,0,0,6,6,0,0,0,0,6,6,0,6,0,23.800393,86.419986
136126,STATE - PUDUCHERRY,"Hunting, trapping and related service activities",0,0,0,0,0,0,0,0,0,6,6,0,0,0,0,6,6,0,6,0,12.570381,76.919997
136127,STATE - PUDUCHERRY,Forestry and logging,32,30,2,16,14,2,16,16,0,9,9,0,6,6,0,3,3,0,41,15,8.900373,76.569993
136128,STATE - PUDUCHERRY,Logging,29,27,2,16,14,2,13,13,0,3,3,0,0,0,0,3,3,0,32,13.5,10.562573,72.636867
136129,STATE - PUDUCHERRY,Logging,29,27,2,16,14,2,13,13,0,3,3,0,0,0,0,3,3,0,32,13.5,21.300391,76.130019
136130,STATE - PUDUCHERRY,Support services to forestry,3,3,0,0,0,0,3,3,0,6,6,0,6,6,0,0,0,0,9,3,19.250232,73.160175
136131,STATE - PUDUCHERRY,Support services to forestry,3,3,0,0,0,0,3,3,0,6,6,0,6,6,0,0,0,0,9,3,24.799971,93.950017
136132,STATE - PUDUCHERRY,Fishing and aquaculture,30,30,0,12,12,0,18,18,0,9,7,2,2,2,0,7,5,2,39,30,25.570492,91.880014
136133,STATE - PUDUCHERRY,Fishing,30,30,0,12,12,0,18,18,0,5,5,0,2,2,0,3,3,0,35,30,23.710399,92.720015
136134,STATE - PUDUCHERRY,Marine fishing,30,30,0,12,12,0,18,18,0,5,5,0,2,2,0,3,3,0,35,30,25.666998,94.11657
136135,STATE - PUDUCHERRY,Aquaculture,0,0,0,0,0,0,0,0,0,4,2,2,0,0,0,4,2,2,4,0,19.82043,85.900017
136136,STATE - PUDUCHERRY,Marine aquaculture,0,0,0,0,0,0,0,0,0,4,2,2,0,0,0,4,2,2,4,0,11.934994,79.83
136137,STATE - PUDUCHERRY,Mining of coal and lignite,18,12,6,12,6,6,6,6,0,0,0,0,0,0,0,0,0,0,18,2,31.519974,75.980003
136138,STATE - PUDUCHERRY,Mining of hard coal,3,3,0,0,0,0,3,3,0,0,0,0,0,0,0,0,0,0,3,3,26.449999,74.639981
136139,STATE - PUDUCHERRY,Mining of hard coal,3,3,0,0,0,0,3,3,0,0,0,0,0,0,0,0,0,0,3,3,27.33333,88.616647
136140,STATE - PUDUCHERRY,Mining of lignite,15,9,6,12,6,6,3,3,0,0,0,0,0,0,0,0,0,0,15,1.5,12.920386,79.150042
136141,STATE - PUDUCHERRY,Mining of lignite,15,9,6,12,6,6,3,3,0,0,0,0,0,0,0,0,0,0,15,1.5,23.835404,91.279999
136142,STATE - PUDUCHERRY,Extraction of crude petroleum and natural gas,51,45,6,0,0,0,51,45,6,3,3,0,0,0,0,3,3,0,54,7.5,27.599981,78.050006
136143,STATE - PUDUCHERRY,Extraction of crude petroleum,6,6,0,0,0,0,6,6,0,0,0,0,0,0,0,0,0,0,6,6,30.320409,78.050006
136144,STATE - PUDUCHERRY,Extraction of crude petroleum,6,6,0,0,0,0,6,6,0,0,0,0,0,0,0,0,0,0,6,6,22.58039,88.329947
136145,STATE - PUDUCHERRY,Extraction of natural gas,45,39,6,0,0,0,45,39,6,3,3,0,0,0,0,3,3,0,48,6.5,22.65423406060606,82.20022463636361
136146,STATE - PUDUCHERRY,Extraction of natural gas,45,39,6,0,0,0,45,39,6,3,3,0,0,0,0,3,3,0,48,6.5,22.65423406060606,82.20022463636361
136147,STATE - PUDUCHERRY,Other mining and quarrying,24,22,2,8,6,2,16,16,0,2,2,0,0,0,0,2,2,0,26,11,22.65423406060606,82.20022463636361
136148,STATE - PUDUCHERRY,"Quarrying of stone, sand and clay",18,16,2,2,0,2,16,16,0,2,2,0,0,0,0,2,2,0,20,8,22.65423406060606,82.20022463636361
136149,STATE - PUDUCHERRY,"Quarrying of stone, sand and clay",18,16,2,2,0,2,16,16,0,2,2,0,0,0,0,2,2,0,20,8,22.65423406060606,82.20022463636361
136150,STATE - PUDUCHERRY,Mining and quarrying n.e.c.,6,6,0,6,6,0,0,0,0,0,0,0,0,0,0,0,0,0,6,6,22.65423406060606,82.20022463636361
136151,STATE - PUDUCHERRY,Mining of chemical and fertilizer minerals,6,6,0,6,6,0,0,0,0,0,0,0,0,0,0,0,0,0,6,6,22.65423406060606,82.20022463636361
136152,STATE - PUDUCHERRY,Mining support service activities,28,22,6,6,6,0,22,16,6,0,0,0,0,0,0,0,0,0,28,3.6666666666666665,22.65423406060606,82.20022463636361
136153,STATE - PUDUCHERRY,Support activities for petroleum and natural gas mining,28,22,6,6,6,0,22,16,6,0,0,0,0,0,0,0,0,0,28,3.6666666666666665,22.65423406060606,82.20022463636361
136154,STATE - PUDUCHERRY,Support activities for petroleum and natural gas mining,28,22,6,6,6,0,22,16,6,0,0,0,0,0,0,0,0,0,28,3.6666666666666665,22.65423406060606,82.20022463636361
136155,STATE - PUDUCHERRY,Manufacture of food products,491,256,235,320,156,164,171,100,71,71,23,48,52,18,34,19,5,14,562,1.0893617021276596,22.65423406060606,82.20022463636361
136156,STATE - PUDUCHERRY,Processing and preserving of meat,6,6,0,0,0,0,6,6,0,0,0,0,0,0,0,0,0,0,6,6,22.65423406060606,82.20022463636361
136157,STATE - PUDUCHERRY,Processing and preserving of meat,6,6,0,0,0,0,6,6,0,0,0,0,0,0,0,0,0,0,6,6,22.65423406060606,82.20022463636361
136158,STATE - PUDUCHERRY,"Processing and preserving of fish, crustaceans and molluscs",6,0,6,6,0,6,0,0,0,2,0,2,2,0,2,0,0,0,8,0,22.65423406060606,82.20022463636361
136159,STATE - PUDUCHERRY,"Processing and preserving of fish, crustaceans and molluscs and",6,0,6,6,0,6,0,0,0,2,0,2,2,0,2,0,0,0,8,0,22.65423406060606,82.20022463636361
136160,STATE - PUDUCHERRY,Processing and preserving of fruit and vegetables,23,23,0,20,20,0,3,3,0,0,0,0,0,0,0,0,0,0,23,23,22.65423406060606,82.20022463636361
136161,STATE - PUDUCHERRY,Processing and preserving of fruit and vegetables,23,23,0,20,20,0,3,3,0,0,0,0,0,0,0,0,0,0,23,23,22.65423406060606,82.20022463636361
136162,STATE - PUDUCHERRY,Manufacture of vegetable and animal oils and fats,37,12,25,32,12,20,5,0,5,0,0,0,0,0,0,0,0,0,37,0.48,22.65423406060606,82.20022463636361
136163,STATE - PUDUCHERRY,Manufacture of vegetable and animal oils and fats,37,12,25,32,12,20,5,0,5,0,0,0,0,0,0,0,0,0,37,0.48,22.65423406060606,82.20022463636361
136164,STATE - PUDUCHERRY,Manufacture of dairy products,161,52,109,134,38,96,27,14,13,6,0,6,6,0,6,0,0,0,167,0.4770642201834862,22.65423406060606,82.20022463636361
136165,STATE - PUDUCHERRY,Manufacture of dairy products,161,52,109,134,38,96,27,14,13,6,0,6,6,0,6,0,0,0,167,0.4770642201834862,22.65423406060606,82.20022463636361
136166,STATE - PUDUCHERRY,"Manufacture of grain mill products, starches and starch products",89,72,17,38,34,4,51,38,13,26,15,11,20,12,8,6,3,3,115,4.235294117647059,22.65423406060606,82.20022463636361
136167,STATE - PUDUCHERRY,Manufacture of grain mill products,89,72,17,38,34,4,51,38,13,20,9,11,14,6,8,6,3,3,109,4.235294117647059,22.65423406060606,82.20022463636361
136168,STATE - PUDUCHERRY,Manufacture of starches and starch products,0,0,0,0,0,0,0,0,0,6,6,0,6,6,0,0,0,0,6,0,22.65423406060606,82.20022463636361
136169,STATE - PUDUCHERRY,Manufacture of other food products,169,91,78,90,52,38,79,39,40,35,8,27,22,6,16,13,2,11,204,1.1666666666666667,22.65423406060606,82.20022463636361
136170,STATE - PUDUCHERRY,Manufacture of bakery products,22,14,8,12,6,6,10,8,2,2,0,2,2,0,2,0,0,0,24,1.75,22.65423406060606,82.20022463636361
136171,STATE - PUDUCHERRY,Manufacture of sugar,41,39,2,38,36,2,3,3,0,0,0,0,0,0,0,0,0,0,41,19.5,22.65423406060606,82.20022463636361
136172,STATE - PUDUCHERRY,"Manufacture of cocoa, chocolate and sugar confectionery",8,5,3,2,2,0,6,3,3,3,0,3,0,0,0,3,0,3,11,1.6666666666666667,22.65423406060606,82.20022463636361
136173,STATE - PUDUCHERRY,Manufacture of prepared meals and dishes,45,9,36,28,6,22,17,3,14,21,8,13,14,6,8,7,2,5,66,0.25,22.65423406060606,82.20022463636361
136174,STATE - PUDUCHERRY,Manufacture of other food products n.e.c.,53,24,29,10,2,8,43,22,21,9,0,9,6,0,6,3,0,3,62,0.8275862068965517,22.65423406060606,82.20022463636361
136175,STATE - PUDUCHERRY,Manufacture of prepared animal feeds,0,0,0,0,0,0,0,0,0,2,0,2,2,0,2,0,0,0,2,0,22.65423406060606,82.20022463636361
136176,STATE - PUDUCHERRY,Manufacture of prepared animal feeds,0,0,0,0,0,0,0,0,0,2,0,2,2,0,2,0,0,0,2,0,22.65423406060606,82.20022463636361
136177,STATE - PUDUCHERRY,Manufacture of beverages,51,44,7,22,18,4,29,26,3,12,6,6,12,6,6,0,0,0,63,6.285714285714286,22.65423406060606,82.20022463636361
136178,STATE - PUDUCHERRY,Manufacture of beverages,51,44,7,22,18,4,29,26,3,12,6,6,12,6,6,0,0,0,63,6.285714285714286,22.65423406060606,82.20022463636361
136179,STATE - PUDUCHERRY,"Distilling, rectifying and blending of spirits; ethyl alcohol production",10,6,4,4,0,4,6,6,0,0,0,0,0,0,0,0,0,0,10,1.5,22.65423406060606,82.20022463636361
136180,STATE - PUDUCHERRY,Manufacture of wines,3,3,0,0,0,0,3,3,0,0,0,0,0,0,0,0,0,0,3,3,22.65423406060606,82.20022463636361
136181,STATE - PUDUCHERRY,Manufacture of soft drinks; production of mineral waters and other,38,35,3,18,18,0,20,17,3,12,6,6,12,6,6,0,0,0,50,11.666666666666666,22.65423406060606,82.20022463636361
136182,STATE - PUDUCHERRY,Manufacture of textiles,459,322,137,238,162,76,221,160,61,38,38,0,14,14,0,24,24,0,497,2.3503649635036497,22.65423406060606,82.20022463636361
136183,STATE - PUDUCHERRY,"Spinning, weaving and finishing of textiles",380,289,91,212,154,58,168,135,33,35,35,0,14,14,0,21,21,0,415,3.175824175824176,22.65423406060606,82.20022463636361
136184,STATE - PUDUCHERRY,Preparation and spinning of textile fibres,305,238,67,182,136,46,123,102,21,18,18,0,12,12,0,6,6,0,323,3.5522388059701493,22.65423406060606,82.20022463636361
136185,STATE - PUDUCHERRY,Weaving of textiles,69,48,21,30,18,12,39,30,9,15,15,0,0,0,0,15,15,0,84,2.2857142857142856,22.65423406060606,82.20022463636361
136186,STATE - PUDUCHERRY,Finishing of textiles,6,3,3,0,0,0,6,3,3,2,2,0,2,2,0,0,0,0,8,1,22.65423406060606,82.20022463636361
136187,STATE - PUDUCHERRY,Manufacture of other textiles,79,33,46,26,8,18,53,25,28,3,3,0,0,0,0,3,3,0,82,0.717391304347826,22.65423406060606,82.20022463636361
136188,STATE - PUDUCHERRY,"Manufacture of made-up textile articles, except apparel",16,5,11,6,0,6,10,5,5,0,0,0,0,0,0,0,0,0,16,0.4545454545454545,22.65423406060606,82.20022463636361
136189,STATE - PUDUCHERRY,"Manufacture of cordage, rope, twine and netting",29,5,24,14,2,12,15,3,12,3,3,0,0,0,0,3,3,0,32,0.2083333333333333,22.65423406060606,82.20022463636361
136190,STATE - PUDUCHERRY,Manufacture of other textiles n.e.c.,34,23,11,6,6,0,28,17,11,0,0,0,0,0,0,0,0,0,34,2.090909090909091,22.65423406060606,82.20022463636361
136191,STATE - PUDUCHERRY,Manufacture of wearing apparel,482,225,257,142,68,74,340,157,183,47,16,31,14,2,12,33,14,19,529,0.8754863813229572,22.65423406060606,82.20022463636361
136192,STATE - PUDUCHERRY,"Manufacture of wearing apparel, except fur apparel",476,225,251,142,68,74,334,157,177,47,16,31,14,2,12,33,14,19,523,0.896414342629482,22.65423406060606,82.20022463636361
136193,STATE - PUDUCHERRY,"Manufacture of wearing apparel, except fur apparel",476,225,251,142,68,74,334,157,177,47,16,31,14,2,12,33,14,19,523,0.896414342629482,22.65423406060606,82.20022463636361
136194,STATE - PUDUCHERRY,Manufacture of knitted and crocheted apparel,6,0,6,0,0,0,6,0,6,0,0,0,0,0,0,0,0,0,6,0,22.65423406060606,82.20022463636361
136195,STATE - PUDUCHERRY,Manufacture of knitted and crocheted apparel,6,0,6,0,0,0,6,0,6,0,0,0,0,0,0,0,0,0,6,0,22.65423406060606,82.20022463636361
136196,STATE - PUDUCHERRY,Manufacture of leather and related products,215,122,93,54,30,24,161,92,69,36,26,10,8,8,0,28,18,10,251,1.3118279569892473,22.65423406060606,82.20022463636361
136197,STATE - PUDUCHERRY,"Tanning and dressing of leather; manufacture of luggage, handbags, saddlery",143,59,84,36,12,24,107,47,60,22,12,10,0,0,0,22,12,10,165,0.7023809523809523,22.65423406060606,82.20022463636361
136198,STATE - PUDUCHERRY,Tanning and dressing of leather; dressing and dyeing of fur,25,6,19,8,0,8,17,6,11,0,0,0,0,0,0,0,0,0,25,0.3157894736842105,22.65423406060606,82.20022463636361
136199,STATE - PUDUCHERRY,"Manufacture of luggage, handbags and the like, saddlery and harness",118,53,65,28,12,16,90,41,49,22,12,10,0,0,0,22,12,10,140,0.8153846153846154,22.65423406060606,82.20022463636361
136200,STATE - PUDUCHERRY,Manufacture of footwear,72,63,9,18,18,0,54,45,9,14,14,0,8,8,0,6,6,0,86,7,22.65423406060606,82.20022463636361
136201,STATE - PUDUCHERRY,Manufacture of footwear,72,63,9,18,18,0,54,45,9,14,14,0,8,8,0,6,6,0,86,7,22.65423406060606,82.20022463636361
136202,STATE - PUDUCHERRY,"Manufacture of wood and products of wood and cork, except furniture;",401,366,35,88,72,16,313,294,19,61,57,4,36,36,0,25,21,4,462,10.457142857142856,22.65423406060606,82.20022463636361
136203,STATE - PUDUCHERRY,Sawmilling and planing of wood,46,42,4,0,0,0,46,42,4,0,0,0,0,0,0,0,0,0,46,10.5,22.65423406060606,82.20022463636361
136204,STATE - PUDUCHERRY,Saw milling and planing of wood,46,42,4,0,0,0,46,42,4,0,0,0,0,0,0,0,0,0,46,10.5,22.65423406060606,82.20022463636361
136205,STATE - PUDUCHERRY,"Manufacture of products of wood, cork, straw and plaiting materials",355,324,31,88,72,16,267,252,15,61,57,4,36,36,0,25,21,4,416,10.451612903225806,22.65423406060606,82.20022463636361
136206,STATE - PUDUCHERRY,Manufacture of wooden containers,35,20,15,24,14,10,11,6,5,16,14,2,12,12,0,4,2,2,51,1.3333333333333333,22.65423406060606,82.20022463636361
136207,STATE - PUDUCHERRY,"Manufacture of other products of wood; manufacture of articles of cork,",26,12,14,16,12,4,10,0,10,2,0,2,0,0,0,2,0,2,28,0.8571428571428571,22.65423406060606,82.20022463636361
136208,STATE - PUDUCHERRY,Manufacture of paper and paper products,170,97,73,92,46,46,78,51,27,18,10,8,12,6,6,6,4,2,188,1.3287671232876712,22.65423406060606,82.20022463636361
136209,STATE - PUDUCHERRY,Manufacture of paper and paper products,170,97,73,92,46,46,78,51,27,18,10,8,12,6,6,6,4,2,188,1.3287671232876712,22.65423406060606,82.20022463636361
136210,STATE - PUDUCHERRY,"Manufacture of pulp, paper and paperboard",85,55,30,46,32,14,39,23,16,6,2,4,4,0,4,2,2,0,91,1.8333333333333333,22.65423406060606,82.20022463636361
136211,STATE - PUDUCHERRY,Manufacture of corrugated paper and paperboard and containers of,51,20,31,32,6,26,19,14,5,12,8,4,8,6,2,4,2,2,63,0.6451612903225806,22.65423406060606,82.20022463636361
136212,STATE - PUDUCHERRY,Manufacture of other articles of paper and paperboard,34,22,12,14,8,6,20,14,6,0,0,0,0,0,0,0,0,0,34,1.8333333333333333,22.65423406060606,82.20022463636361
136213,STATE - PUDUCHERRY,Printing and reproduction of recorded media,228,194,34,50,42,8,178,152,26,17,14,3,2,2,0,15,12,3,245,5.705882352941177,22.65423406060606,82.20022463636361
136214,STATE - PUDUCHERRY,Printing and service activities related to printing,228,194,34,50,42,8,178,152,26,17,14,3,2,2,0,15,12,3,245,5.705882352941177,22.65423406060606,82.20022463636361
136215,STATE - PUDUCHERRY,Printing,13,9,4,2,0,2,11,9,2,2,2,0,2,2,0,0,0,0,15,2.25,22.65423406060606,82.20022463636361
136216,STATE - PUDUCHERRY,Service activities related to printing,215,185,30,48,42,6,167,143,24,15,12,3,0,0,0,15,12,3,230,6.166666666666667,22.65423406060606,82.20022463636361
136217,STATE - PUDUCHERRY,Manufacture of coke and refined petroleum products,6,3,3,0,0,0,6,3,3,0,0,0,0,0,0,0,0,0,6,1,22.65423406060606,82.20022463636361
136218,STATE - PUDUCHERRY,Manufacture of refined petroleum products,6,3,3,0,0,0,6,3,3,0,0,0,0,0,0,0,0,0,6,1,22.65423406060606,82.20022463636361
136219,STATE - PUDUCHERRY,Manufacture of refined petroleum products,6,3,3,0,0,0,6,3,3,0,0,0,0,0,0,0,0,0,6,1,22.65423406060606,82.20022463636361
136220,STATE - PUDUCHERRY,Manufacture of chemicals and chemical products,553,283,270,384,170,214,169,113,56,35,18,17,28,18,10,7,0,7,588,1.048148148148148,22.65423406060606,82.20022463636361
136221,STATE - PUDUCHERRY,"Manufacture of basic chemicals, fertilizer and nitrogen compounds, plastics",60,50,10,36,26,10,24,24,0,6,6,0,6,6,0,0,0,0,66,5,22.65423406060606,82.20022463636361
136222,STATE - PUDUCHERRY,Manufacture of basic chemicals,43,41,2,22,20,2,21,21,0,0,0,0,0,0,0,0,0,0,43,20.5,22.65423406060606,82.20022463636361
136223,STATE - PUDUCHERRY,Manufacture of fertilizers and nitrogen compounds,17,9,8,14,6,8,3,3,0,6,6,0,6,6,0,0,0,0,23,1.125,22.65423406060606,82.20022463636361
136224,STATE - PUDUCHERRY,Manufacture of other chemical products,493,233,260,348,144,204,145,89,56,29,12,17,22,12,10,7,0,7,522,0.8961538461538462,22.65423406060606,82.20022463636361
136225,STATE - PUDUCHERRY,Manufacture of pesticides and other agrochemical products,28,18,10,12,12,0,16,6,10,2,0,2,0,0,0,2,0,2,30,1.8,22.65423406060606,82.20022463636361
136226,STATE - PUDUCHERRY,"Manufacture of paints, varnishes and similar coatings, printing ink and",33,27,6,30,24,6,3,3,0,0,0,0,0,0,0,0,0,0,33,4.5,22.65423406060606,82.20022463636361
136227,STATE - PUDUCHERRY,"Manufacture of soap and detergents, cleaning and polishing preparations,",362,146,216,264,90,174,98,56,42,27,12,15,22,12,10,5,0,5,389,0.6759259259259259,22.65423406060606,82.20022463636361
136228,STATE - PUDUCHERRY,Manufacture of other chemical products n.e.c.,70,42,28,42,18,24,28,24,4,0,0,0,0,0,0,0,0,0,70,1.5,22.65423406060606,82.20022463636361
136229,STATE - PUDUCHERRY,"Manufacture of pharmaceuticals, medicinal chemical and botanical products",209,73,136,78,28,50,131,45,86,6,0,6,6,0,6,0,0,0,215,0.5367647058823529,22.65423406060606,82.20022463636361
136230,STATE - PUDUCHERRY,"Manufacture of pharmaceuticals, medicinal chemical and botanical products",209,73,136,78,28,50,131,45,86,6,0,6,6,0,6,0,0,0,215,0.5367647058823529,22.65423406060606,82.20022463636361
136231,STATE - PUDUCHERRY,"Manufacture of pharmaceuticals, medicinal chemical and botanical",209,73,136,78,28,50,131,45,86,6,0,6,6,0,6,0,0,0,215,0.5367647058823529,22.65423406060606,82.20022463636361
136232,STATE - PUDUCHERRY,Manufacture of rubber and plastics products,470,308,162,272,190,82,198,118,80,31,17,14,20,12,8,11,5,6,501,1.9012345679012344,22.65423406060606,82.20022463636361
136233,STATE - PUDUCHERRY,Manufacture of rubber products,211,168,43,154,128,26,57,40,17,12,12,0,12,12,0,0,0,0,223,3.9069767441860463,22.65423406060606,82.20022463636361
136234,STATE - PUDUCHERRY,Manufacture of rubber tyres and tubes; retreading and rebuilding of,202,165,37,154,128,26,48,37,11,6,6,0,6,6,0,0,0,0,208,4.45945945945946,22.65423406060606,82.20022463636361
136235,STATE - PUDUCHERRY,Manufacture of other rubber products,9,3,6,0,0,0,9,3,6,6,6,0,6,6,0,0,0,0,15,0.5,22.65423406060606,82.20022463636361
136236,STATE - PUDUCHERRY,Manufacture of plastics products,259,140,119,118,62,56,141,78,63,19,5,14,8,0,8,11,5,6,278,1.1764705882352942,22.65423406060606,82.20022463636361
136237,STATE - PUDUCHERRY,Manufacture of plastics products,259,140,119,118,62,56,141,78,63,19,5,14,8,0,8,11,5,6,278,1.1764705882352942,22.65423406060606,82.20022463636361
136238,STATE - PUDUCHERRY,Manufacture of other non-metallic mineral products,335,285,50,172,150,22,163,135,28,21,5,16,6,2,4,15,3,12,356,5.7,22.65423406060606,82.20022463636361
136239,STATE - PUDUCHERRY,Manufacture of glass and glass products,53,38,15,44,32,12,9,6,3,0,0,0,0,0,0,0,0,0,53,2.533333333333333,22.65423406060606,82.20022463636361
136240,STATE - PUDUCHERRY,Manufacture of glass and glass products,53,38,15,44,32,12,9,6,3,0,0,0,0,0,0,0,0,0,53,2.533333333333333,22.65423406060606,82.20022463636361
136241,STATE - PUDUCHERRY,Manufacture of non-metallic mineral products n.e.c.,282,247,35,128,118,10,154,129,25,21,5,16,6,2,4,15,3,12,303,7.057142857142857,22.65423406060606,82.20022463636361
136242,STATE - PUDUCHERRY,Manufacture of refractory products,9,6,3,0,0,0,9,6,3,0,0,0,0,0,0,0,0,0,9,2,22.65423406060606,82.20022463636361
136243,STATE - PUDUCHERRY,Manufacture of clay building materials,78,62,16,50,46,4,28,16,12,10,3,7,4,0,4,6,3,3,88,3.875,22.65423406060606,82.20022463636361
136244,STATE - PUDUCHERRY,Manufacture of other porcelain and ceramic products,56,54,2,6,6,0,50,48,2,3,0,3,0,0,0,3,0,3,59,27,22.65423406060606,82.20022463636361
136245,STATE - PUDUCHERRY,"Manufacture of cement, lime and plaster",74,63,11,42,36,6,32,27,5,0,0,0,0,0,0,0,0,0,74,5.727272727272728,22.65423406060606,82.20022463636361
136246,STATE - PUDUCHERRY,"Manufacture of articles of concrete, cement and plaster",59,56,3,24,24,0,35,32,3,2,2,0,2,2,0,0,0,0,61,18.666666666666668,22.65423406060606,82.20022463636361
136247,STATE - PUDUCHERRY,"Cutting, shaping and finishing of stone",6,6,0,6,6,0,0,0,0,0,0,0,0,0,0,0,0,0,6,6,22.65423406060606,82.20022463636361
136248,STATE - PUDUCHERRY,Manufacture of other non-metallic mineral products n.e.c.,0,0,0,0,0,0,0,0,0,6,0,6,0,0,0,6,0,6,6,0,22.65423406060606,82.20022463636361
136249,STATE - PUDUCHERRY,Manufacture of basic metals,31,29,2,20,20,0,11,9,2,2,2,0,2,2,0,0,0,0,33,14.5,22.65423406060606,82.20022463636361
136250,STATE - PUDUCHERRY,Manufacture of basic iron and steel,22,20,2,14,14,0,8,6,2,2,2,0,2,2,0,0,0,0,24,10,22.65423406060606,82.20022463636361
136251,STATE - PUDUCHERRY,Manufacture of basic iron and steel,22,20,2,14,14,0,8,6,2,2,2,0,2,2,0,0,0,0,24,10,22.65423406060606,82.20022463636361
136252,STATE - PUDUCHERRY,Manufacture of basic precious and other non-ferrous metals,3,3,0,0,0,0,3,3,0,0,0,0,0,0,0,0,0,0,3,3,22.65423406060606,82.20022463636361
136253,STATE - PUDUCHERRY,Manufacture of basic precious and other non-ferrous metals,3,3,0,0,0,0,3,3,0,0,0,0,0,0,0,0,0,0,3,3,22.65423406060606,82.20022463636361
136254,STATE - PUDUCHERRY,Casting of metals,6,6,0,6,6,0,0,0,0,0,0,0,0,0,0,0,0,0,6,6,22.65423406060606,82.20022463636361
136255,STATE - PUDUCHERRY,Casting of iron and steel,6,6,0,6,6,0,0,0,0,0,0,0,0,0,0,0,0,0,6,6,22.65423406060606,82.20022463636361
136256,STATE - PUDUCHERRY,"Manufacture of fabricated metal products, except machinery and equipment",272,262,10,114,104,10,158,158,0,18,12,6,18,12,6,0,0,0,290,26.2,22.65423406060606,82.20022463636361
136257,STATE - PUDUCHERRY,"Manufacture of structural metal products, tanks, reservoirs and steam",14,14,0,2,2,0,12,12,0,0,0,0,0,0,0,0,0,0,14,14,22.65423406060606,82.20022463636361
136258,STATE - PUDUCHERRY,Manufacture of structural metal products,8,8,0,2,2,0,6,6,0,0,0,0,0,0,0,0,0,0,8,8,22.65423406060606,82.20022463636361
136259,STATE - PUDUCHERRY,"Manufacture of tanks, reservoirs and containers of metal",3,3,0,0,0,0,3,3,0,0,0,0,0,0,0,0,0,0,3,3,22.65423406060606,82.20022463636361
136260,STATE - PUDUCHERRY,"Manufacture of steam generators, except central heating hot water",3,3,0,0,0,0,3,3,0,0,0,0,0,0,0,0,0,0,3,3,22.65423406060606,82.20022463636361
136261,STATE - PUDUCHERRY,Manufacture of other fabricated metal products; metalworking service,258,248,10,112,102,10,146,146,0,18,12,6,18,12,6,0,0,0,276,24.8,22.65423406060606,82.20022463636361
136262,STATE - PUDUCHERRY,"Manufacture of cutlery, hand tools and general hardware",23,23,0,20,20,0,3,3,0,0,0,0,0,0,0,0,0,0,23,23,22.65423406060606,82.20022463636361
136263,STATE - PUDUCHERRY,Manufacture of other fabricated metal products n.e.c.,235,225,10,92,82,10,143,143,0,18,12,6,18,12,6,0,0,0,253,22.5,22.65423406060606,82.20022463636361
136264,STATE - PUDUCHERRY,"Manufacture of computer, electronic and optical products",85,58,27,26,14,12,59,44,15,0,0,0,0,0,0,0,0,0,85,2.1481481481481484,22.65423406060606,82.20022463636361
136265,STATE - PUDUCHERRY,Manufacture of electronic components,27,9,18,18,6,12,9,3,6,0,0,0,0,0,0,0,0,0,27,0.5,22.65423406060606,82.20022463636361
136266,STATE - PUDUCHERRY,Manufacture of electronic components,27,9,18,18,6,12,9,3,6,0,0,0,0,0,0,0,0,0,27,0.5,22.65423406060606,82.20022463636361
136267,STATE - PUDUCHERRY,Manufacture of computers and peripheral equipment,23,20,3,0,0,0,23,20,3,0,0,0,0,0,0,0,0,0,23,6.666666666666667,22.65423406060606,82.20022463636361
136268,STATE - PUDUCHERRY,Manufacture of computers and peripheral equipment,23,20,3,0,0,0,23,20,3,0,0,0,0,0,0,0,0,0,23,6.666666666666667,22.65423406060606,82.20022463636361
136269,STATE - PUDUCHERRY,Manufacture of communication equipment,9,9,0,0,0,0,9,9,0,0,0,0,0,0,0,0,0,0,9,9,22.65423406060606,82.20022463636361
136270,STATE - PUDUCHERRY,Manufacture of communication equipment,9,9,0,0,0,0,9,9,0,0,0,0,0,0,0,0,0,0,9,9,22.65423406060606,82.20022463636361
136271,STATE - PUDUCHERRY,Manufacture of consumer electronics,15,11,4,2,2,0,13,9,4,0,0,0,0,0,0,0,0,0,15,2.75,22.65423406060606,82.20022463636361
136272,STATE - PUDUCHERRY,Manufacture of consumer electronics,15,11,4,2,2,0,13,9,4,0,0,0,0,0,0,0,0,0,15,2.75,22.65423406060606,82.20022463636361
136273,STATE - PUDUCHERRY,"Manufacture of measuring, testing, navigating and control equipment;",2,0,2,0,0,0,2,0,2,0,0,0,0,0,0,0,0,0,2,0,22.65423406060606,82.20022463636361
136274,STATE - PUDUCHERRY,"Manufacture of measuring, testing, navigating and control equipment",2,0,2,0,0,0,2,0,2,0,0,0,0,0,0,0,0,0,2,0,22.65423406060606,82.20022463636361
136275,STATE - PUDUCHERRY,Manufacture of optical instruments and equipment,9,9,0,6,6,0,3,3,0,0,0,0,0,0,0,0,0,0,9,9,22.65423406060606,82.20022463636361
136276,STATE - PUDUCHERRY,Manufacture of optical instruments and equipment,9,9,0,6,6,0,3,3,0,0,0,0,0,0,0,0,0,0,9,9,22.65423406060606,82.20022463636361
136277,STATE - PUDUCHERRY,Manufacture of electrical equipment,75,70,5,28,28,0,47,42,5,0,0,0,0,0,0,0,0,0,75,14,22.65423406060606,82.20022463636361
136278,STATE - PUDUCHERRY,"Manufacture of electric motors, generators, transformers and electricity",43,40,3,10,10,0,33,30,3,0,0,0,0,0,0,0,0,0,43,13.333333333333334,22.65423406060606,82.20022463636361
136279,STATE - PUDUCHERRY,"Manufacture of electric motors, generators, transformers and electricity",43,40,3,10,10,0,33,30,3,0,0,0,0,0,0,0,0,0,43,13.333333333333334,22.65423406060606,82.20022463636361
136280,STATE - PUDUCHERRY,Manufacture of wiring and wiring devices,3,3,0,0,0,0,3,3,0,0,0,0,0,0,0,0,0,0,3,3,22.65423406060606,82.20022463636361
136281,STATE - PUDUCHERRY,Manufacture of wiring devices,3,3,0,0,0,0,3,3,0,0,0,0,0,0,0,0,0,0,3,3,22.65423406060606,82.20022463636361
136282,STATE - PUDUCHERRY,Manufacture of electric lighting equipment,5,3,2,0,0,0,5,3,2,0,0,0,0,0,0,0,0,0,5,1.5,22.65423406060606,82.20022463636361
136283,STATE - PUDUCHERRY,Manufacture of electric lighting equipment,5,3,2,0,0,0,5,3,2,0,0,0,0,0,0,0,0,0,5,1.5,22.65423406060606,82.20022463636361
136284,STATE - PUDUCHERRY,Manufacture of domestic appliances,24,24,0,18,18,0,6,6,0,0,0,0,0,0,0,0,0,0,24,24,22.65423406060606,82.20022463636361
136285,STATE - PUDUCHERRY,Manufacture of domestic appliances,24,24,0,18,18,0,6,6,0,0,0,0,0,0,0,0,0,0,24,24,22.65423406060606,82.20022463636361
136286,STATE - PUDUCHERRY,Manufacture of machinery and equipment n.e.c.,68,51,17,38,26,12,30,25,5,9,9,0,6,6,0,3,3,0,77,3,22.65423406060606,82.20022463636361
136287,STATE - PUDUCHERRY,Manufacture of general purpose machinery,15,3,12,12,0,12,3,3,0,6,6,0,6,6,0,0,0,0,21,0.25,22.65423406060606,82.20022463636361
136288,STATE - PUDUCHERRY,"Manufacture of other pumps, compressors, taps and valves",0,0,0,0,0,0,0,0,0,6,6,0,6,6,0,0,0,0,6,0,22.65423406060606,82.20022463636361
136289,STATE - PUDUCHERRY,Manufacture of other general-purpose machinery,15,3,12,12,0,12,3,3,0,0,0,0,0,0,0,0,0,0,15,0.25,22.65423406060606,82.20022463636361
136290,STATE - PUDUCHERRY,Manufacture of special-purpose machinery,53,48,5,26,26,0,27,22,5,3,3,0,0,0,0,3,3,0,56,9.6,22.65423406060606,82.20022463636361
136291,STATE - PUDUCHERRY,Manufacture of agricultural and forestry machinery,6,6,0,6,6,0,0,0,0,0,0,0,0,0,0,0,0,0,6,6,22.65423406060606,82.20022463636361
136292,STATE - PUDUCHERRY,Manufacture of metal-forming machinery and machine tools,6,6,0,6,6,0,0,0,0,3,3,0,0,0,0,3,3,0,9,6,22.65423406060606,82.20022463636361
136293,STATE - PUDUCHERRY,"Manufacture of machinery for mining, quarrying and construction",21,21,0,8,8,0,13,13,0,0,0,0,0,0,0,0,0,0,21,21,22.65423406060606,82.20022463636361
136294,STATE - PUDUCHERRY,"Manufacture of machinery for textile, apparel and leather production",18,15,3,6,6,0,12,9,3,0,0,0,0,0,0,0,0,0,18,5,22.65423406060606,82.20022463636361
136295,STATE - PUDUCHERRY,Manufacture of other special-purpose machinery,2,0,2,0,0,0,2,0,2,0,0,0,0,0,0,0,0,0,2,0,22.65423406060606,82.20022463636361
136296,STATE - PUDUCHERRY,"Manufacture of motor vehicles, trailers and semi-trailers",60,45,15,38,26,12,22,19,3,0,0,0,0,0,0,0,0,0,60,3,22.65423406060606,82.20022463636361
136297,STATE - PUDUCHERRY,Manufacture of motor vehicles,23,20,3,12,12,0,11,8,3,0,0,0,0,0,0,0,0,0,23,6.666666666666667,22.65423406060606,82.20022463636361
136298,STATE - PUDUCHERRY,Manufacture of motor vehicles,23,20,3,12,12,0,11,8,3,0,0,0,0,0,0,0,0,0,23,6.666666666666667,22.65423406060606,82.20022463636361
136299,STATE - PUDUCHERRY,Manufacture of bodies (coachwork) for motor vehicles; manufacture of,11,11,0,6,6,0,5,5,0,0,0,0,0,0,0,0,0,0,11,11,22.65423406060606,82.20022463636361
136300,STATE - PUDUCHERRY,Manufacture of bodies (coachwork) for motor vehicles; manufacture of trailers and semi-trailers,11,11,0,6,6,0,5,5,0,0,0,0,0,0,0,0,0,0,11,11,22.65423406060606,82.20022463636361
136301,STATE - PUDUCHERRY,Manufacture of parts and accessories for motor vehicles,26,14,12,20,8,12,6,6,0,0,0,0,0,0,0,0,0,0,26,1.1666666666666667,22.65423406060606,82.20022463636361
136302,STATE - PUDUCHERRY,Manufacture of parts and accessories for motor vehicles,26,14,12,20,8,12,6,6,0,0,0,0,0,0,0,0,0,0,26,1.1666666666666667,22.65423406060606,82.20022463636361
136303,STATE - PUDUCHERRY,Manufacture of other transport equipment,23,17,6,12,6,6,11,11,0,6,6,0,6,6,0,0,0,0,29,2.833333333333333,22.65423406060606,82.20022463636361
136304,STATE - PUDUCHERRY,Building of ships and boats,5,5,0,0,0,0,5,5,0,0,0,0,0,0,0,0,0,0,5,5,22.65423406060606,82.20022463636361
136305,STATE - PUDUCHERRY,Building of ships and floating structures,5,5,0,0,0,0,5,5,0,0,0,0,0,0,0,0,0,0,5,5,22.65423406060606,82.20022463636361
136306,STATE - PUDUCHERRY,Manufacture of transport equipment n.e.c.,18,12,6,12,6,6,6,6,0,6,6,0,6,6,0,0,0,0,24,2,22.65423406060606,82.20022463636361
136307,STATE - PUDUCHERRY,Manufacture of motorcycles,6,0,6,6,0,6,0,0,0,0,0,0,0,0,0,0,0,0,6,0,22.65423406060606,82.20022463636361
136308,STATE - PUDUCHERRY,Manufacture of other transport equipment n.e.c.,12,12,0,6,6,0,6,6,0,6,6,0,6,6,0,0,0,0,18,12,22.65423406060606,82.20022463636361
136309,STATE - PUDUCHERRY,Manufacture of furniture,41,39,2,30,28,2,11,11,0,12,12,0,6,6,0,6,6,0,53,19.5,22.65423406060606,82.20022463636361
136310,STATE - PUDUCHERRY,Manufacture of furniture,41,39,2,30,28,2,11,11,0,12,12,0,6,6,0,6,6,0,53,19.5,22.65423406060606,82.20022463636361
136311,STATE - PUDUCHERRY,Manufacture of furniture,41,39,2,30,28,2,11,11,0,12,12,0,6,6,0,6,6,0,53,19.5,22.65423406060606,82.20022463636361
136312,STATE - PUDUCHERRY,Other manufacturing,105,48,57,58,30,28,47,18,29,15,6,9,12,6,6,3,0,3,120,0.8421052631578947,22.65423406060606,82.20022463636361
136313,STATE - PUDUCHERRY,"Manufacture of jewellery, bijouterie and related articles",9,6,3,6,6,0,3,0,3,6,6,0,6,6,0,0,0,0,15,2,22.65423406060606,82.20022463636361
136314,STATE - PUDUCHERRY,Manufacture of jewellery and related articles,9,6,3,6,6,0,3,0,3,6,6,0,6,6,0,0,0,0,15,2,22.65423406060606,82.20022463636361
136315,STATE - PUDUCHERRY,Manufacture of musical instruments,3,3,0,0,0,0,3,3,0,0,0,0,0,0,0,0,0,0,3,3,22.65423406060606,82.20022463636361
136316,STATE - PUDUCHERRY,Manufacture of musical instruments,3,3,0,0,0,0,3,3,0,0,0,0,0,0,0,0,0,0,3,3,22.65423406060606,82.20022463636361
136317,STATE - PUDUCHERRY,Manufacture of games and toys,9,3,6,0,0,0,9,3,6,6,0,6,6,0,6,0,0,0,15,0.5,22.65423406060606,82.20022463636361
136318,STATE - PUDUCHERRY,Manufacture of games and toys,9,3,6,0,0,0,9,3,6,6,0,6,6,0,6,0,0,0,15,0.5,22.65423406060606,82.20022463636361
136319,STATE - PUDUCHERRY,Manufacture of medical and dental instruments and supplies,12,6,6,6,6,0,6,0,6,0,0,0,0,0,0,0,0,0,12,1,22.65423406060606,82.20022463636361
136320,STATE - PUDUCHERRY,Manufacture of medical and dental instruments and supplies,12,6,6,6,6,0,6,0,6,0,0,0,0,0,0,0,0,0,12,1,22.65423406060606,82.20022463636361
136321,STATE - PUDUCHERRY,Other manufacturing n.e.c.,72,30,42,46,18,28,26,12,14,3,0,3,0,0,0,3,0,3,75,0.7142857142857143,22.65423406060606,82.20022463636361
136322,STATE - PUDUCHERRY,Other manufacturing n.e.c.,72,30,42,46,18,28,26,12,14,3,0,3,0,0,0,3,0,3,75,0.7142857142857143,22.65423406060606,82.20022463636361
136323,STATE - PUDUCHERRY,Repair and installation of machinery and equipment,204,198,6,62,62,0,142,136,6,15,15,0,0,0,0,15,15,0,219,33,22.65423406060606,82.20022463636361
136324,STATE - PUDUCHERRY,"Repair of fabricated metal products, machinery and equipment",204,198,6,62,62,0,142,136,6,15,15,0,0,0,0,15,15,0,219,33,22.65423406060606,82.20022463636361
136325,STATE - PUDUCHERRY,Repair of fabricated metal products,120,117,3,46,46,0,74,71,3,9,9,0,0,0,0,9,9,0,129,39,22.65423406060606,82.20022463636361
136326,STATE - PUDUCHERRY,Repair of machinery,12,9,3,6,6,0,6,3,3,0,0,0,0,0,0,0,0,0,12,3,22.65423406060606,82.20022463636361
136327,STATE - PUDUCHERRY,Repair of electronic and optical equipment,3,3,0,0,0,0,3,3,0,0,0,0,0,0,0,0,0,0,3,3,22.65423406060606,82.20022463636361
136328,STATE - PUDUCHERRY,Repair of electrical equipment,69,69,0,10,10,0,59,59,0,6,6,0,0,0,0,6,6,0,75,69,22.65423406060606,82.20022463636361
136329,STATE - PUDUCHERRY,"Electricity, gas, steam and air conditioning supply",289,278,11,146,144,2,143,134,9,8,6,2,8,6,2,0,0,0,297,25.272727272727277,22.65423406060606,82.20022463636361
136330,STATE - PUDUCHERRY,"Electric power generation, transmission and distribution",265,254,11,134,132,2,131,122,9,8,6,2,8,6,2,0,0,0,273,23.09090909090909,22.65423406060606,82.20022463636361
136331,STATE - PUDUCHERRY,"Electric power generation, transmission and distribution",265,254,11,134,132,2,131,122,9,8,6,2,8,6,2,0,0,0,273,23.09090909090909,22.65423406060606,82.20022463636361
136332,STATE - PUDUCHERRY,Manufacture of gas; distribution of gaseous fuels through mains,24,24,0,12,12,0,12,12,0,0,0,0,0,0,0,0,0,0,24,24,22.65423406060606,82.20022463636361
136333,STATE - PUDUCHERRY,Manufacture of gas; distribution of gaseous fuels through mains,24,24,0,12,12,0,12,12,0,0,0,0,0,0,0,0,0,0,24,24,22.65423406060606,82.20022463636361
136334,STATE - PUDUCHERRY,"Water collection, treatment and supply",28,26,2,14,12,2,14,14,0,2,2,0,2,2,0,0,0,0,30,13,22.65423406060606,82.20022463636361
136335,STATE - PUDUCHERRY,"Water collection, treatment and supply",28,26,2,14,12,2,14,14,0,2,2,0,2,2,0,0,0,0,30,13,22.65423406060606,82.20022463636361
136336,STATE - PUDUCHERRY,"Water collection, treatment and supply",28,26,2,14,12,2,14,14,0,2,2,0,2,2,0,0,0,0,30,13,22.65423406060606,82.20022463636361
136337,STATE - PUDUCHERRY,Sewerage,26,26,0,0,0,0,26,26,0,8,8,0,0,0,0,8,8,0,34,26,22.65423406060606,82.20022463636361
136338,STATE - PUDUCHERRY,Sewerage,26,26,0,0,0,0,26,26,0,8,8,0,0,0,0,8,8,0,34,26,22.65423406060606,82.20022463636361
136339,STATE - PUDUCHERRY,Sewerage,26,26,0,0,0,0,26,26,0,8,8,0,0,0,0,8,8,0,34,26,22.65423406060606,82.20022463636361
136340,STATE - PUDUCHERRY,"Waste collection, treatment and disposal activities; materials recovery",36,17,19,20,6,14,16,11,5,11,0,11,0,0,0,11,0,11,47,0.8947368421052632,22.65423406060606,82.20022463636361
136341,STATE - PUDUCHERRY,Waste collection,33,14,19,20,6,14,13,8,5,9,0,9,0,0,0,9,0,9,42,0.7368421052631579,22.65423406060606,82.20022463636361
136342,STATE - PUDUCHERRY,Collection of non-hazardous waste,31,14,17,20,6,14,11,8,3,7,0,7,0,0,0,7,0,7,38,0.8235294117647058,22.65423406060606,82.20022463636361
136343,STATE - PUDUCHERRY,Collection of hazardous waste,2,0,2,0,0,0,2,0,2,2,0,2,0,0,0,2,0,2,4,0,22.65423406060606,82.20022463636361
136344,STATE - PUDUCHERRY,Waste treatment and disposal,3,3,0,0,0,0,3,3,0,2,0,2,0,0,0,2,0,2,5,3,22.65423406060606,82.20022463636361
136345,STATE - PUDUCHERRY,Treatment and disposal of hazardous waste,3,3,0,0,0,0,3,3,0,2,0,2,0,0,0,2,0,2,5,3,22.65423406060606,82.20022463636361
136346,STATE - PUDUCHERRY,Remediation activities and other waste management services,4,2,2,4,2,2,0,0,0,0,0,0,0,0,0,0,0,0,4,1,22.65423406060606,82.20022463636361
136347,STATE - PUDUCHERRY,Remediation activities and other waste management services,4,2,2,4,2,2,0,0,0,0,0,0,0,0,0,0,0,0,4,1,22.65423406060606,82.20022463636361
136348,STATE - PUDUCHERRY,Remediation activities and other waste management services,4,2,2,4,2,2,0,0,0,0,0,0,0,0,0,0,0,0,4,1,22.65423406060606,82.20022463636361
136349,STATE - PUDUCHERRY,Construction of buildings,4091,3255,836,1316,1022,294,2775,2233,542,678,524,154,304,216,88,374,308,66,4769,3.8935406698564594,22.65423406060606,82.20022463636361
136350,STATE - PUDUCHERRY,Construction of buildings,4091,3255,836,1316,1022,294,2775,2233,542,678,524,154,304,216,88,374,308,66,4769,3.8935406698564594,22.65423406060606,82.20022463636361
136351,STATE - PUDUCHERRY,Construction of buildings,4091,3255,836,1316,1022,294,2775,2233,542,678,524,154,304,216,88,374,308,66,4769,3.8935406698564594,22.65423406060606,82.20022463636361
136352,STATE - PUDUCHERRY,Civil engineering,273,186,87,250,168,82,23,18,5,103,41,62,92,32,60,11,9,2,376,2.1379310344827585,22.65423406060606,82.20022463636361
136353,STATE - PUDUCHERRY,Construction of roads and railways,212,142,70,198,130,68,14,12,2,43,29,14,38,26,12,5,3,2,255,2.0285714285714285,22.65423406060606,82.20022463636361
136354,STATE - PUDUCHERRY,Construction roads and railways,212,142,70,198,130,68,14,12,2,43,29,14,38,26,12,5,3,2,255,2.0285714285714285,22.65423406060606,82.20022463636361
136355,STATE - PUDUCHERRY,Construction of utility projects,28,20,8,28,20,8,0,0,0,60,12,48,54,6,48,6,6,0,88,2.5,22.65423406060606,82.20022463636361
136356,STATE - PUDUCHERRY,Construction of utility projects,28,20,8,28,20,8,0,0,0,60,12,48,54,6,48,6,6,0,88,2.5,22.65423406060606,82.20022463636361
136357,STATE - PUDUCHERRY,Construction of other civil engineering projects,33,24,9,24,18,6,9,6,3,0,0,0,0,0,0,0,0,0,33,2.6666666666666665,22.65423406060606,82.20022463636361
136358,STATE - PUDUCHERRY,Construction of other civil engineering projects,33,24,9,24,18,6,9,6,3,0,0,0,0,0,0,0,0,0,33,2.6666666666666665,22.65423406060606,82.20022463636361
136359,STATE - PUDUCHERRY,Specialized construction activities,2628,2381,247,714,632,82,1914,1749,165,479,411,68,126,82,44,353,329,24,3107,9.639676113360323,22.65423406060606,82.20022463636361
136360,STATE - PUDUCHERRY,Demolition and site preparation,33,33,0,24,24,0,9,9,0,0,0,0,0,0,0,0,0,0,33,33,22.65423406060606,82.20022463636361
136361,STATE - PUDUCHERRY,Site preparation,33,33,0,24,24,0,9,9,0,0,0,0,0,0,0,0,0,0,33,33,22.65423406060606,82.20022463636361
136362,STATE - PUDUCHERRY,"Electrical, plumbing and other construction installation activities",1342,1108,234,486,406,80,856,702,154,243,177,66,78,34,44,165,143,22,1585,4.735042735042735,22.65423406060606,82.20022463636361
136363,STATE - PUDUCHERRY,Electrical installation,351,343,8,136,128,8,215,215,0,45,30,15,18,6,12,27,24,3,396,42.875,22.65423406060606,82.20022463636361
136364,STATE - PUDUCHERRY,"Plumbing, heat and air-conditioning installation",115,113,2,18,18,0,97,95,2,36,36,0,2,2,0,34,34,0,151,56.5,22.65423406060606,82.20022463636361
136365,STATE - PUDUCHERRY,Other construction installation,876,652,224,332,260,72,544,392,152,162,111,51,58,26,32,104,85,19,1038,2.9107142857142856,22.65423406060606,82.20022463636361
136366,STATE - PUDUCHERRY,Building completion and finishing,1253,1240,13,204,202,2,1049,1038,11,236,234,2,48,48,0,188,186,2,1489,95.3846153846154,22.65423406060606,82.20022463636361
136367,STATE - PUDUCHERRY,Building completion and finishing,1253,1240,13,204,202,2,1049,1038,11,236,234,2,48,48,0,188,186,2,1489,95.3846153846154,22.65423406060606,82.20022463636361
136368,STATE - PUDUCHERRY,Wholesale and retail trade and repair of motor vehicles and motorcycles,360,342,18,146,140,6,214,202,12,24,24,0,18,18,0,6,6,0,384,19,22.65423406060606,82.20022463636361
136369,STATE - PUDUCHERRY,Sale of motor vehicles,20,15,5,0,0,0,20,15,5,0,0,0,0,0,0,0,0,0,20,3,22.65423406060606,82.20022463636361
136370,STATE - PUDUCHERRY,Sale of motor vehicles,20,15,5,0,0,0,20,15,5,0,0,0,0,0,0,0,0,0,20,3,22.65423406060606,82.20022463636361
136371,STATE - PUDUCHERRY,Sale of motor vehicle parts and accessories,14,14,0,12,12,0,2,2,0,0,0,0,0,0,0,0,0,0,14,14,22.65423406060606,82.20022463636361
136372,STATE - PUDUCHERRY,Sale of motor vehicle parts and accessories,14,14,0,12,12,0,2,2,0,0,0,0,0,0,0,0,0,0,14,14,22.65423406060606,82.20022463636361
136373,STATE - PUDUCHERRY,"Sale, maintenance and repair of motorcycles and related parts and",132,119,13,60,54,6,72,65,7,3,3,0,0,0,0,3,3,0,135,9.153846153846152,22.65423406060606,82.20022463636361
136374,STATE - PUDUCHERRY,"Sale, maintenance and repair of motorcycles and related parts and",132,119,13,60,54,6,72,65,7,3,3,0,0,0,0,3,3,0,135,9.153846153846152,22.65423406060606,82.20022463636361
136375,STATE - PUDUCHERRY,"Wholesale trade, except of motor vehicles and motorcycles",214,163,51,70,32,38,144,131,13,14,11,3,0,0,0,14,11,3,228,3.196078431372549,22.65423406060606,82.20022463636361
136376,STATE - PUDUCHERRY,Wholesale on a fee or contract basis,18,18,0,0,0,0,18,18,0,0,0,0,0,0,0,0,0,0,18,18,22.65423406060606,82.20022463636361
136377,STATE - PUDUCHERRY,Wholesale on a fee or contract basis,18,18,0,0,0,0,18,18,0,0,0,0,0,0,0,0,0,0,18,18,22.65423406060606,82.20022463636361
136378,STATE - PUDUCHERRY,Wholesale of agricultural raw materials and live animals,18,18,0,0,0,0,18,18,0,3,0,3,0,0,0,3,0,3,21,18,22.65423406060606,82.20022463636361
136379,STATE - PUDUCHERRY,Wholesale of agricultural raw materials and live animals,18,18,0,0,0,0,18,18,0,3,0,3,0,0,0,3,0,3,21,18,22.65423406060606,82.20022463636361
136380,STATE - PUDUCHERRY,"Wholesale of food, beverages and tobacco",97,68,29,44,18,26,53,50,3,2,2,0,0,0,0,2,2,0,99,2.3448275862068964,22.65423406060606,82.20022463636361
136381,STATE - PUDUCHERRY,"Wholesale of food, beverages and tobacco",97,68,29,44,18,26,53,50,3,2,2,0,0,0,0,2,2,0,99,2.3448275862068964,22.65423406060606,82.20022463636361
136382,STATE - PUDUCHERRY,Wholesale of household goods,43,24,19,12,0,12,31,24,7,6,6,0,0,0,0,6,6,0,49,1.263157894736842,22.65423406060606,82.20022463636361
136383,STATE - PUDUCHERRY,"Wholesale of textiles, clothing and footwear",15,3,12,12,0,12,3,3,0,0,0,0,0,0,0,0,0,0,15,0.25,22.65423406060606,82.20022463636361
136384,STATE - PUDUCHERRY,Wholesale of other household goods,28,21,7,0,0,0,28,21,7,6,6,0,0,0,0,6,6,0,34,3,22.65423406060606,82.20022463636361
136385,STATE - PUDUCHERRY,"Wholesale of machinery, equipment and supplies",17,17,0,8,8,0,9,9,0,3,3,0,0,0,0,3,3,0,20,17,22.65423406060606,82.20022463636361
136386,STATE - PUDUCHERRY,"Wholesale of computers, computer peripheral equipment and software",3,3,0,0,0,0,3,3,0,0,0,0,0,0,0,0,0,0,3,3,22.65423406060606,82.20022463636361
136387,STATE - PUDUCHERRY,Wholesale of electronic and telecommunications equipment and parts,9,9,0,6,6,0,3,3,0,3,3,0,0,0,0,3,3,0,12,9,22.65423406060606,82.20022463636361
136388,STATE - PUDUCHERRY,Wholesale of other machinery and equipment,5,5,0,2,2,0,3,3,0,0,0,0,0,0,0,0,0,0,5,5,22.65423406060606,82.20022463636361
136389,STATE - PUDUCHERRY,Other specialized wholesale,15,12,3,6,6,0,9,6,3,0,0,0,0,0,0,0,0,0,15,4,22.65423406060606,82.20022463636361
136390,STATE - PUDUCHERRY,"Wholesale of solid, liquid and gaseous fuels and related products",3,3,0,0,0,0,3,3,0,0,0,0,0,0,0,0,0,0,3,3,22.65423406060606,82.20022463636361
136391,STATE - PUDUCHERRY,"Wholesale of construction materials, hardware, plumbing and heating",6,6,0,6,6,0,0,0,0,0,0,0,0,0,0,0,0,0,6,6,22.65423406060606,82.20022463636361
136392,STATE - PUDUCHERRY,Wholesale of waste and scrap and other products n.e.c.,6,3,3,0,0,0,6,3,3,0,0,0,0,0,0,0,0,0,6,1,22.65423406060606,82.20022463636361
136393,STATE - PUDUCHERRY,Non-specialized wholesale trade,6,6,0,0,0,0,6,6,0,0,0,0,0,0,0,0,0,0,6,6,22.65423406060606,82.20022463636361
136394,STATE - PUDUCHERRY,Non-specialized wholesale trade,6,6,0,0,0,0,6,6,0,0,0,0,0,0,0,0,0,0,6,6,22.65423406060606,82.20022463636361
136395,STATE - PUDUCHERRY,"Retail trade, except of motor vehicles and motorcycles",2410,1753,657,852,608,244,1558,1145,413,235,135,100,98,56,42,137,79,58,2645,2.6681887366818877,22.65423406060606,82.20022463636361
136396,STATE - PUDUCHERRY,Retail sale in non-specialized stores,22,17,5,8,6,2,14,11,3,3,0,3,0,0,0,3,0,3,25,3.4,22.65423406060606,82.20022463636361
136397,STATE - PUDUCHERRY,"Retail sale in non-specialized stores with food, beverages or tobacco",3,0,3,0,0,0,3,0,3,0,0,0,0,0,0,0,0,0,3,0,22.65423406060606,82.20022463636361
136398,STATE - PUDUCHERRY,Other retail sale in non-specialized stores,19,17,2,8,6,2,11,11,0,3,0,3,0,0,0,3,0,3,22,8.5,22.65423406060606,82.20022463636361
136399,STATE - PUDUCHERRY,"Retail sale of food, beverages and tobacco in specialized stores",986,722,264,366,248,118,620,474,146,87,50,37,42,14,28,45,36,9,1073,2.734848484848485,22.65423406060606,82.20022463636361
136400,STATE - PUDUCHERRY,Retail sale of food in specialized stores,955,696,259,360,242,118,595,454,141,84,47,37,42,14,28,42,33,9,1039,2.687258687258687,22.65423406060606,82.20022463636361
136401,STATE - PUDUCHERRY,Retail sale of beverages in specialized stores,31,26,5,6,6,0,25,20,5,3,3,0,0,0,0,3,3,0,34,5.2,22.65423406060606,82.20022463636361
136402,STATE - PUDUCHERRY,Retail sale of automotive fuel in specialized stores,107,96,11,66,60,6,41,36,5,12,12,0,6,6,0,6,6,0,119,8.727272727272727,22.65423406060606,82.20022463636361
136403,STATE - PUDUCHERRY,Retail sale of automotive fuel in specialized stores,107,96,11,66,60,6,41,36,5,12,12,0,6,6,0,6,6,0,119,8.727272727272727,22.65423406060606,82.20022463636361
136404,STATE - PUDUCHERRY,Retail sale of information and communications equipment in specialized,34,28,6,0,0,0,34,28,6,3,3,0,0,0,0,3,3,0,37,4.666666666666667,22.65423406060606,82.20022463636361
136405,STATE - PUDUCHERRY,"Retail sale of computers, peripheral units, software and",31,25,6,0,0,0,31,25,6,3,3,0,0,0,0,3,3,0,34,4.166666666666667,22.65423406060606,82.20022463636361
136406,STATE - PUDUCHERRY,Retail sale of audio and video equipment in specialized stores,3,3,0,0,0,0,3,3,0,0,0,0,0,0,0,0,0,0,3,3,22.65423406060606,82.20022463636361
136407,STATE - PUDUCHERRY,Retail sale of other household equipment in specialized stores,404,343,61,108,96,12,296,247,49,35,24,11,12,12,0,23,12,11,439,5.622950819672131,22.65423406060606,82.20022463636361
136408,STATE - PUDUCHERRY,Retail sale of textiles in specialized stores,185,139,46,58,52,6,127,87,40,14,3,11,0,0,0,14,3,11,199,3.0217391304347827,22.65423406060606,82.20022463636361
136409,STATE - PUDUCHERRY,"Retail sale of hardware, paints and glass in specialized stores",136,134,2,26,26,0,110,108,2,19,19,0,12,12,0,7,7,0,155,67,22.65423406060606,82.20022463636361
136410,STATE - PUDUCHERRY,"Retail sale of electrical household appliances, furniture, lighting",83,70,13,24,18,6,59,52,7,2,2,0,0,0,0,2,2,0,85,5.384615384615385,22.65423406060606,82.20022463636361
136411,STATE - PUDUCHERRY,Retail sale of cultural and recreation goods in specialized stores,46,27,19,0,0,0,46,27,19,5,2,3,0,0,0,5,2,3,51,1.4210526315789471,22.65423406060606,82.20022463636361
136412,STATE - PUDUCHERRY,"Retail sale of books, newspapers and stationary in specialized stores",37,21,16,0,0,0,37,21,16,5,2,3,0,0,0,5,2,3,42,1.3125,22.65423406060606,82.20022463636361
136413,STATE - PUDUCHERRY,Retail sale of games and toys in specialized stores,9,6,3,0,0,0,9,6,3,0,0,0,0,0,0,0,0,0,9,2,22.65423406060606,82.20022463636361
136414,STATE - PUDUCHERRY,Retail sale of other goods in specialized stores,524,314,210,204,124,80,320,190,130,35,15,20,10,0,10,25,15,10,559,1.4952380952380953,22.65423406060606,82.20022463636361
136415,STATE - PUDUCHERRY,"Retail sale of clothing, footwear and leather articles in specialized",114,91,23,30,24,6,84,67,17,3,3,0,0,0,0,3,3,0,117,3.9565217391304346,22.65423406060606,82.20022463636361
136416,STATE - PUDUCHERRY,"Retail sale of pharmaceutical and medical goods, cosmetic and toilet",165,81,84,82,40,42,83,41,42,6,0,6,6,0,6,0,0,0,171,0.9642857142857144,22.65423406060606,82.20022463636361
136417,STATE - PUDUCHERRY,Other retail sale of new goods in specialized stores,229,130,99,92,60,32,137,70,67,21,9,12,4,0,4,17,9,8,250,1.3131313131313131,22.65423406060606,82.20022463636361
136418,STATE - PUDUCHERRY,Retail sale of second-hand goods,16,12,4,0,0,0,16,12,4,5,3,2,0,0,0,5,3,2,21,3,22.65423406060606,82.20022463636361
136419,STATE - PUDUCHERRY,Retail sale via stalls and markets,243,177,66,100,74,26,143,103,40,16,6,10,8,6,2,8,0,8,259,2.6818181818181817,22.65423406060606,82.20022463636361
136420,STATE - PUDUCHERRY,"Retail sale via stalls and markets of textiles, clothing and footwear",24,8,16,6,0,6,18,8,10,0,0,0,0,0,0,0,0,0,24,0.5,22.65423406060606,82.20022463636361
136421,STATE - PUDUCHERRY,Retail sale via stalls and markets of other goods,219,169,50,94,74,20,125,95,30,16,6,10,8,6,2,8,0,8,235,3.38,22.65423406060606,82.20022463636361
136422,STATE - PUDUCHERRY,"Retail trade not in stores, stalls or markets",44,29,15,0,0,0,44,29,15,39,23,16,20,18,2,19,5,14,83,1.9333333333333331,22.65423406060606,82.20022463636361
136423,STATE - PUDUCHERRY,"Other retail sale not in stores, stalls or markets",44,29,15,0,0,0,44,29,15,39,23,16,20,18,2,19,5,14,83,1.9333333333333331,22.65423406060606,82.20022463636361
136424,STATE - PUDUCHERRY,Transport via railways,30,30,0,0,0,0,30,30,0,0,0,0,0,0,0,0,0,0,30,30,22.65423406060606,82.20022463636361
136425,STATE - PUDUCHERRY,Passenger rail transport,25,25,0,0,0,0,25,25,0,0,0,0,0,0,0,0,0,0,25,25,22.65423406060606,82.20022463636361
136426,STATE - PUDUCHERRY,Freight rail transport,5,5,0,0,0,0,5,5,0,0,0,0,0,0,0,0,0,0,5,5,22.65423406060606,82.20022463636361
136427,STATE - PUDUCHERRY,Urban or suburban passenger land transport,311,299,12,150,140,10,161,159,2,15,15,0,12,12,0,3,3,0,326,24.916666666666668,22.65423406060606,82.20022463636361
136428,STATE - PUDUCHERRY,Transport via pipeline,6,6,0,0,0,0,6,6,0,0,0,0,0,0,0,0,0,0,6,6,22.65423406060606,82.20022463636361
136429,STATE - PUDUCHERRY,Transport via pipeline,6,6,0,0,0,0,6,6,0,0,0,0,0,0,0,0,0,0,6,6,22.65423406060606,82.20022463636361
136430,STATE - PUDUCHERRY,Water transport,30,30,0,24,24,0,6,6,0,0,0,0,0,0,0,0,0,0,30,30,22.65423406060606,82.20022463636361
136431,STATE - PUDUCHERRY,Sea and coastal water transport,30,30,0,24,24,0,6,6,0,0,0,0,0,0,0,0,0,0,30,30,22.65423406060606,82.20022463636361
136432,STATE - PUDUCHERRY,Sea and coastal passenger water transport,30,30,0,24,24,0,6,6,0,0,0,0,0,0,0,0,0,0,30,30,22.65423406060606,82.20022463636361
136433,STATE - PUDUCHERRY,Air transport,3,3,0,0,0,0,3,3,0,0,0,0,0,0,0,0,0,0,3,3,22.65423406060606,82.20022463636361
136434,STATE - PUDUCHERRY,Freight air transport,3,3,0,0,0,0,3,3,0,0,0,0,0,0,0,0,0,0,3,3,22.65423406060606,82.20022463636361
136435,STATE - PUDUCHERRY,Freight air transport,3,3,0,0,0,0,3,3,0,0,0,0,0,0,0,0,0,0,3,3,22.65423406060606,82.20022463636361
136436,STATE - PUDUCHERRY,Warehousing and support activities for transportation,78,75,3,16,16,0,62,59,3,0,0,0,0,0,0,0,0,0,78,25,22.65423406060606,82.20022463636361
136437,STATE - PUDUCHERRY,Warehousing and storage,29,26,3,8,8,0,21,18,3,0,0,0,0,0,0,0,0,0,29,8.666666666666666,22.65423406060606,82.20022463636361
136438,STATE - PUDUCHERRY,Warehousing and storage,29,26,3,8,8,0,21,18,3,0,0,0,0,0,0,0,0,0,29,8.666666666666666,22.65423406060606,82.20022463636361
136439,STATE - PUDUCHERRY,Support activities for transportation,49,49,0,8,8,0,41,41,0,0,0,0,0,0,0,0,0,0,49,49,22.65423406060606,82.20022463636361
136440,STATE - PUDUCHERRY,Service activities incidental to land transportation,24,24,0,0,0,0,24,24,0,0,0,0,0,0,0,0,0,0,24,24,22.65423406060606,82.20022463636361
136441,STATE - PUDUCHERRY,Cargo handling,12,12,0,0,0,0,12,12,0,0,0,0,0,0,0,0,0,0,12,12,22.65423406060606,82.20022463636361
136442,STATE - PUDUCHERRY,Other transportation support activities,13,13,0,8,8,0,5,5,0,0,0,0,0,0,0,0,0,0,13,13,22.65423406060606,82.20022463636361
136443,STATE - PUDUCHERRY,Postal and courier activities,119,96,23,50,44,6,69,52,17,2,0,2,0,0,0,2,0,2,121,4.173913043478261,22.65423406060606,82.20022463636361
136444,STATE - PUDUCHERRY,Postal activities,75,58,17,32,26,6,43,32,11,2,0,2,0,0,0,2,0,2,77,3.411764705882353,22.65423406060606,82.20022463636361
136445,STATE - PUDUCHERRY,Postal activities,75,58,17,32,26,6,43,32,11,2,0,2,0,0,0,2,0,2,77,3.411764705882353,22.65423406060606,82.20022463636361
136446,STATE - PUDUCHERRY,Courier activities,44,38,6,18,18,0,26,20,6,0,0,0,0,0,0,0,0,0,44,6.333333333333333,22.65423406060606,82.20022463636361
136447,STATE - PUDUCHERRY,Courier activities,44,38,6,18,18,0,26,20,6,0,0,0,0,0,0,0,0,0,44,6.333333333333333,22.65423406060606,82.20022463636361
136448,STATE - PUDUCHERRY,Accommodation,204,149,55,94,66,28,110,83,27,8,3,5,0,0,0,8,3,5,212,2.709090909090909,22.65423406060606,82.20022463636361
136449,STATE - PUDUCHERRY,Short term accommodation activities,181,140,41,76,60,16,105,80,25,8,3,5,0,0,0,8,3,5,189,3.414634146341464,22.65423406060606,82.20022463636361
136450,STATE - PUDUCHERRY,Short term accommodation activities,181,140,41,76,60,16,105,80,25,8,3,5,0,0,0,8,3,5,189,3.414634146341464,22.65423406060606,82.20022463636361
136451,STATE - PUDUCHERRY,Other accommodation,23,9,14,18,6,12,5,3,2,0,0,0,0,0,0,0,0,0,23,0.6428571428571429,22.65423406060606,82.20022463636361
136452,STATE - PUDUCHERRY,Other accommodation,23,9,14,18,6,12,5,3,2,0,0,0,0,0,0,0,0,0,23,0.6428571428571429,22.65423406060606,82.20022463636361
136453,STATE - PUDUCHERRY,Food and beverage service activities,570,458,112,144,114,30,426,344,82,63,42,21,14,10,4,49,32,17,633,4.089285714285714,22.65423406060606,82.20022463636361
136454,STATE - PUDUCHERRY,Restaurants and mobile food service activities,419,325,94,100,72,28,319,253,66,41,28,13,10,8,2,31,20,11,460,3.4574468085106385,22.65423406060606,82.20022463636361
136455,STATE - PUDUCHERRY,Restaurants and mobile food service activities,419,325,94,100,72,28,319,253,66,41,28,13,10,8,2,31,20,11,460,3.4574468085106385,22.65423406060606,82.20022463636361
136456,STATE - PUDUCHERRY,Event catering and other food service activities,75,66,9,38,36,2,37,30,7,13,8,5,4,2,2,9,6,3,88,7.333333333333333,22.65423406060606,82.20022463636361
136457,STATE - PUDUCHERRY,Event catering,69,60,9,32,30,2,37,30,7,13,8,5,4,2,2,9,6,3,82,6.666666666666667,22.65423406060606,82.20022463636361
136458,STATE - PUDUCHERRY,Other food service activities,6,6,0,6,6,0,0,0,0,0,0,0,0,0,0,0,0,0,6,6,22.65423406060606,82.20022463636361
136459,STATE - PUDUCHERRY,Beverage serving activities,76,67,9,6,6,0,70,61,9,9,6,3,0,0,0,9,6,3,85,7.444444444444445,22.65423406060606,82.20022463636361
136460,STATE - PUDUCHERRY,Beverage serving activities,76,67,9,6,6,0,70,61,9,9,6,3,0,0,0,9,6,3,85,7.444444444444445,22.65423406060606,82.20022463636361
136461,STATE - PUDUCHERRY,Publishing activities,32,32,0,6,6,0,26,26,0,0,0,0,0,0,0,0,0,0,32,32,22.65423406060606,82.20022463636361
136462,STATE - PUDUCHERRY,"Publishing of books, periodicals and other publishing activities",29,29,0,6,6,0,23,23,0,0,0,0,0,0,0,0,0,0,29,29,22.65423406060606,82.20022463636361
136463,STATE - PUDUCHERRY,"Publishing of newspapers, journals and periodicals",29,29,0,6,6,0,23,23,0,0,0,0,0,0,0,0,0,0,29,29,22.65423406060606,82.20022463636361
136464,STATE - PUDUCHERRY,Software publishing,3,3,0,0,0,0,3,3,0,0,0,0,0,0,0,0,0,0,3,3,22.65423406060606,82.20022463636361
136465,STATE - PUDUCHERRY,Software publishing,3,3,0,0,0,0,3,3,0,0,0,0,0,0,0,0,0,0,3,3,22.65423406060606,82.20022463636361
136466,STATE - PUDUCHERRY,"Motion picture, video and television programme production, sound recording",39,39,0,0,0,0,39,39,0,0,0,0,0,0,0,0,0,0,39,39,22.65423406060606,82.20022463636361
136467,STATE - PUDUCHERRY,"Motion picture, video and television programme activities",24,24,0,0,0,0,24,24,0,0,0,0,0,0,0,0,0,0,24,24,22.65423406060606,82.20022463636361
136468,STATE - PUDUCHERRY,"Motion picture, video and television programme distribution activities",3,3,0,0,0,0,3,3,0,0,0,0,0,0,0,0,0,0,3,3,22.65423406060606,82.20022463636361
136469,STATE - PUDUCHERRY,Motion picture projection activities,21,21,0,0,0,0,21,21,0,0,0,0,0,0,0,0,0,0,21,21,22.65423406060606,82.20022463636361
136470,STATE - PUDUCHERRY,Sound recording and music publishing activities,15,15,0,0,0,0,15,15,0,0,0,0,0,0,0,0,0,0,15,15,22.65423406060606,82.20022463636361
136471,STATE - PUDUCHERRY,Sound recording and music publishing activitiesT,15,15,0,0,0,0,15,15,0,0,0,0,0,0,0,0,0,0,15,15,22.65423406060606,82.20022463636361
136472,STATE - PUDUCHERRY,Broadcasting and programming activities,42,42,0,18,18,0,24,24,0,0,0,0,0,0,0,0,0,0,42,42,22.65423406060606,82.20022463636361
136473,STATE - PUDUCHERRY,Radio broadcasting,6,6,0,0,0,0,6,6,0,0,0,0,0,0,0,0,0,0,6,6,22.65423406060606,82.20022463636361
136474,STATE - PUDUCHERRY,Radio broadcasting,6,6,0,0,0,0,6,6,0,0,0,0,0,0,0,0,0,0,6,6,22.65423406060606,82.20022463636361
136475,STATE - PUDUCHERRY,Television programming and broadcasting activities,36,36,0,18,18,0,18,18,0,0,0,0,0,0,0,0,0,0,36,36,22.65423406060606,82.20022463636361
136476,STATE - PUDUCHERRY,Television programming and broadcasting activities,36,36,0,18,18,0,18,18,0,0,0,0,0,0,0,0,0,0,36,36,22.65423406060606,82.20022463636361
136477,STATE - PUDUCHERRY,Telecommunications,170,150,20,32,26,6,138,124,14,0,0,0,0,0,0,0,0,0,170,7.5,22.65423406060606,82.20022463636361
136478,STATE - PUDUCHERRY,Wired telecommunications activities,64,55,9,12,6,6,52,49,3,0,0,0,0,0,0,0,0,0,64,6.111111111111111,22.65423406060606,82.20022463636361
136479,STATE - PUDUCHERRY,Wired telecommunications activities,64,55,9,12,6,6,52,49,3,0,0,0,0,0,0,0,0,0,64,6.111111111111111,22.65423406060606,82.20022463636361
136480,STATE - PUDUCHERRY,Wireless telecommunications activities,5,3,2,0,0,0,5,3,2,0,0,0,0,0,0,0,0,0,5,1.5,22.65423406060606,82.20022463636361
136481,STATE - PUDUCHERRY,Wireless telecommunications activities,5,3,2,0,0,0,5,3,2,0,0,0,0,0,0,0,0,0,5,1.5,22.65423406060606,82.20022463636361
136482,STATE - PUDUCHERRY,Other telecommunications activities,101,92,9,20,20,0,81,72,9,0,0,0,0,0,0,0,0,0,101,10.22222222222222,22.65423406060606,82.20022463636361
136483,STATE - PUDUCHERRY,Other telecommunications activities,101,92,9,20,20,0,81,72,9,0,0,0,0,0,0,0,0,0,101,10.22222222222222,22.65423406060606,82.20022463636361
136484,STATE - PUDUCHERRY,"Computer programming, consultancy and related activities",360,237,123,62,48,14,298,189,109,15,3,12,0,0,0,15,3,12,375,1.9268292682926829,22.65423406060606,82.20022463636361
136485,STATE - PUDUCHERRY,"Computer programming, consultancy and related activities",360,237,123,62,48,14,298,189,109,15,3,12,0,0,0,15,3,12,375,1.9268292682926829,22.65423406060606,82.20022463636361
136486,STATE - PUDUCHERRY,Computer programming activities,264,174,90,40,32,8,224,142,82,6,3,3,0,0,0,6,3,3,270,1.9333333333333331,22.65423406060606,82.20022463636361
136487,STATE - PUDUCHERRY,Computer consultancy and computer facilities management activities,24,12,12,12,6,6,12,6,6,6,0,6,0,0,0,6,0,6,30,1,22.65423406060606,82.20022463636361
136488,STATE - PUDUCHERRY,Other information technology and computer service activities,72,51,21,10,10,0,62,41,21,3,0,3,0,0,0,3,0,3,75,2.4285714285714284,22.65423406060606,82.20022463636361
136489,STATE - PUDUCHERRY,Information service activities,26,17,9,2,2,0,24,15,9,0,0,0,0,0,0,0,0,0,26,1.8888888888888888,22.65423406060606,82.20022463636361
136490,STATE - PUDUCHERRY,"Data processing, hosting and related activities; web portals",9,0,9,0,0,0,9,0,9,0,0,0,0,0,0,0,0,0,9,0,22.65423406060606,82.20022463636361
136491,STATE - PUDUCHERRY,"Data processing, hosting and related activities",9,0,9,0,0,0,9,0,9,0,0,0,0,0,0,0,0,0,9,0,22.65423406060606,82.20022463636361
136492,STATE - PUDUCHERRY,Other information service activities,17,17,0,2,2,0,15,15,0,0,0,0,0,0,0,0,0,0,17,17,22.65423406060606,82.20022463636361
136493,STATE - PUDUCHERRY,News agency activities,3,3,0,0,0,0,3,3,0,0,0,0,0,0,0,0,0,0,3,3,22.65423406060606,82.20022463636361
136494,STATE - PUDUCHERRY,Other information service activities n.e.c.,14,14,0,2,2,0,12,12,0,0,0,0,0,0,0,0,0,0,14,14,22.65423406060606,82.20022463636361
136495,STATE - PUDUCHERRY,"Financial service activities, except insurance and pension funding",481,376,105,118,110,8,363,266,97,3,3,0,0,0,0,3,3,0,484,3.580952380952381,22.65423406060606,82.20022463636361
136496,STATE - PUDUCHERRY,Monetary intermediation,399,302,97,94,86,8,305,216,89,0,0,0,0,0,0,0,0,0,399,3.11340206185567,22.65423406060606,82.20022463636361
136497,STATE - PUDUCHERRY,Central banking,9,9,0,6,6,0,3,3,0,0,0,0,0,0,0,0,0,0,9,9,22.65423406060606,82.20022463636361
136498,STATE - PUDUCHERRY,Other monetary intermediation,390,293,97,88,80,8,302,213,89,0,0,0,0,0,0,0,0,0,390,3.020618556701031,22.65423406060606,82.20022463636361
136499,STATE - PUDUCHERRY,"Trusts, funds and other financial vehicles",9,9,0,6,6,0,3,3,0,0,0,0,0,0,0,0,0,0,9,9,22.65423406060606,82.20022463636361
136500,STATE - PUDUCHERRY,"Trusts, funds and other financial vehicles",9,9,0,6,6,0,3,3,0,0,0,0,0,0,0,0,0,0,9,9,22.65423406060606,82.20022463636361
136501,STATE - PUDUCHERRY,"Other financial service activities, except insurance and pension funding",73,65,8,18,18,0,55,47,8,3,3,0,0,0,0,3,3,0,76,8.125,22.65423406060606,82.20022463636361
136502,STATE - PUDUCHERRY,Financial leasing,52,44,8,6,6,0,46,38,8,0,0,0,0,0,0,0,0,0,52,5.5,22.65423406060606,82.20022463636361
136503,STATE - PUDUCHERRY,"Other financial service activities, except insurance and pension funding",21,21,0,12,12,0,9,9,0,3,3,0,0,0,0,3,3,0,24,21,22.65423406060606,82.20022463636361
136504,STATE - PUDUCHERRY,"Insurance, reinsurance and pension funding, except compulsory social",98,77,21,40,28,12,58,49,9,2,0,2,2,0,2,0,0,0,100,3.6666666666666665,22.65423406060606,82.20022463636361
136505,STATE - PUDUCHERRY,Insurance,98,77,21,40,28,12,58,49,9,2,0,2,2,0,2,0,0,0,100,3.6666666666666665,22.65423406060606,82.20022463636361
136506,STATE - PUDUCHERRY,Life insurance,98,77,21,40,28,12,58,49,9,2,0,2,2,0,2,0,0,0,100,3.6666666666666665,22.65423406060606,82.20022463636361
136507,STATE - PUDUCHERRY,Other financial activities,12,6,6,6,0,6,6,6,0,0,0,0,0,0,0,0,0,0,12,1,22.65423406060606,82.20022463636361
136508,STATE - PUDUCHERRY,"Activities auxiliary to financial service activities, except insurance and",12,6,6,6,0,6,6,6,0,0,0,0,0,0,0,0,0,0,12,1,22.65423406060606,82.20022463636361
136509,STATE - PUDUCHERRY,Administration of financial markets,6,6,0,0,0,0,6,6,0,0,0,0,0,0,0,0,0,0,6,6,22.65423406060606,82.20022463636361
136510,STATE - PUDUCHERRY,Activities auxiliary to financial service activities n.e.c.,6,0,6,6,0,6,0,0,0,0,0,0,0,0,0,0,0,0,6,0,22.65423406060606,82.20022463636361
136511,STATE - PUDUCHERRY,Real estate activities,57,57,0,0,0,0,57,57,0,6,6,0,6,6,0,0,0,0,63,57,22.65423406060606,82.20022463636361
136512,STATE - PUDUCHERRY,Real estate activities with own or leased property,21,21,0,0,0,0,21,21,0,0,0,0,0,0,0,0,0,0,21,21,22.65423406060606,82.20022463636361
136513,STATE - PUDUCHERRY,Real estate activities with own or leased property,21,21,0,0,0,0,21,21,0,0,0,0,0,0,0,0,0,0,21,21,22.65423406060606,82.20022463636361
136514,STATE - PUDUCHERRY,Real estate activities on a fee or contract basis,36,36,0,0,0,0,36,36,0,6,6,0,6,6,0,0,0,0,42,36,22.65423406060606,82.20022463636361
136515,STATE - PUDUCHERRY,Real estate activities on a fee or contract basis,36,36,0,0,0,0,36,36,0,6,6,0,6,6,0,0,0,0,42,36,22.65423406060606,82.20022463636361
136516,STATE - PUDUCHERRY,Legal and accounting activities,86,81,5,42,42,0,44,39,5,9,6,3,6,6,0,3,0,3,95,16.2,22.65423406060606,82.20022463636361
136517,STATE - PUDUCHERRY,Legal activities,77,75,2,42,42,0,35,33,2,6,6,0,6,6,0,0,0,0,83,37.5,22.65423406060606,82.20022463636361
136518,STATE - PUDUCHERRY,Legal activities,77,75,2,42,42,0,35,33,2,6,6,0,6,6,0,0,0,0,83,37.5,22.65423406060606,82.20022463636361
136519,STATE - PUDUCHERRY,"Accounting, bookkeeping and auditing activities; tax consultancy",9,6,3,0,0,0,9,6,3,3,0,3,0,0,0,3,0,3,12,2,22.65423406060606,82.20022463636361
136520,STATE - PUDUCHERRY,"Accounting, bookkeeping and auditing activities; tax consultancy",9,6,3,0,0,0,9,6,3,3,0,3,0,0,0,3,0,3,12,2,22.65423406060606,82.20022463636361
136521,STATE - PUDUCHERRY,Architecture and engineering activities; technical testing and analysis,6,6,0,0,0,0,6,6,0,0,0,0,0,0,0,0,0,0,6,6,22.65423406060606,82.20022463636361
136522,STATE - PUDUCHERRY,Architectural and engineering activities and related technical consultancy,3,3,0,0,0,0,3,3,0,0,0,0,0,0,0,0,0,0,3,3,22.65423406060606,82.20022463636361
136523,STATE - PUDUCHERRY,Architectural and engineering activities and related technical,3,3,0,0,0,0,3,3,0,0,0,0,0,0,0,0,0,0,3,3,22.65423406060606,82.20022463636361
136524,STATE - PUDUCHERRY,Technical testing and analysis,3,3,0,0,0,0,3,3,0,0,0,0,0,0,0,0,0,0,3,3,22.65423406060606,82.20022463636361
136525,STATE - PUDUCHERRY,Technical testing and analysis,3,3,0,0,0,0,3,3,0,0,0,0,0,0,0,0,0,0,3,3,22.65423406060606,82.20022463636361
136526,STATE - PUDUCHERRY,Advertising and market research,18,18,0,0,0,0,18,18,0,3,3,0,0,0,0,3,3,0,21,18,22.65423406060606,82.20022463636361
136527,STATE - PUDUCHERRY,Advertising,15,15,0,0,0,0,15,15,0,3,3,0,0,0,0,3,3,0,18,15,22.65423406060606,82.20022463636361
136528,STATE - PUDUCHERRY,Advertising,15,15,0,0,0,0,15,15,0,3,3,0,0,0,0,3,3,0,18,15,22.65423406060606,82.20022463636361
136529,STATE - PUDUCHERRY,Market research and public opinion polling,3,3,0,0,0,0,3,3,0,0,0,0,0,0,0,0,0,0,3,3,22.65423406060606,82.20022463636361
136530,STATE - PUDUCHERRY,Market research and public opinion polling,3,3,0,0,0,0,3,3,0,0,0,0,0,0,0,0,0,0,3,3,22.65423406060606,82.20022463636361
136531,STATE - PUDUCHERRY,"Other professional, scientific and technical activities",185,167,18,78,72,6,107,95,12,15,13,2,6,6,0,9,7,2,200,9.27777777777778,22.65423406060606,82.20022463636361
136532,STATE - PUDUCHERRY,Specialized design activities,41,36,5,12,12,0,29,24,5,13,11,2,6,6,0,7,5,2,54,7.2,22.65423406060606,82.20022463636361
136533,STATE - PUDUCHERRY,Specialized design activities,41,36,5,12,12,0,29,24,5,13,11,2,6,6,0,7,5,2,54,7.2,22.65423406060606,82.20022463636361
136534,STATE - PUDUCHERRY,Photographic activities,111,107,4,48,48,0,63,59,4,2,2,0,0,0,0,2,2,0,113,26.75,22.65423406060606,82.20022463636361
136535,STATE - PUDUCHERRY,Photographic activities,111,107,4,48,48,0,63,59,4,2,2,0,0,0,0,2,2,0,113,26.75,22.65423406060606,82.20022463636361
136536,STATE - PUDUCHERRY,"Other professional, scientific and technical activities n.e.c.",33,24,9,18,12,6,15,12,3,0,0,0,0,0,0,0,0,0,33,2.6666666666666665,22.65423406060606,82.20022463636361
136537,STATE - PUDUCHERRY,"Other professional, scientific and technical activities n.e.c.",33,24,9,18,12,6,15,12,3,0,0,0,0,0,0,0,0,0,33,2.6666666666666665,22.65423406060606,82.20022463636361
136538,STATE - PUDUCHERRY,Veterinary activities,39,30,9,6,0,6,33,30,3,0,0,0,0,0,0,0,0,0,39,3.333333333333333,22.65423406060606,82.20022463636361
136539,STATE - PUDUCHERRY,Veterinary activities,39,30,9,6,0,6,33,30,3,0,0,0,0,0,0,0,0,0,39,3.333333333333333,22.65423406060606,82.20022463636361
136540,STATE - PUDUCHERRY,Veterinary activities,39,30,9,6,0,6,33,30,3,0,0,0,0,0,0,0,0,0,39,3.333333333333333,22.65423406060606,82.20022463636361
136541,STATE - PUDUCHERRY,Rental and leasing activities,6,6,0,0,0,0,6,6,0,3,3,0,0,0,0,3,3,0,9,6,22.65423406060606,82.20022463636361
136542,STATE - PUDUCHERRY,Renting and leasing of personal and household goods,6,6,0,0,0,0,6,6,0,3,3,0,0,0,0,3,3,0,9,6,22.65423406060606,82.20022463636361
136543,STATE - PUDUCHERRY,Renting and leasing of other personal and household goods n.e.c.,6,6,0,0,0,0,6,6,0,3,3,0,0,0,0,3,3,0,9,6,22.65423406060606,82.20022463636361
136544,STATE - PUDUCHERRY,Employment activities,3,3,0,0,0,0,3,3,0,0,0,0,0,0,0,0,0,0,3,3,22.65423406060606,82.20022463636361
136545,STATE - PUDUCHERRY,Activities of employment placement agencies,3,3,0,0,0,0,3,3,0,0,0,0,0,0,0,0,0,0,3,3,22.65423406060606,82.20022463636361
136546,STATE - PUDUCHERRY,Activities of employment placement agencies,3,3,0,0,0,0,3,3,0,0,0,0,0,0,0,0,0,0,3,3,22.65423406060606,82.20022463636361
136547,STATE - PUDUCHERRY,"Travel agency, tour operator and other reservation service activities",71,71,0,12,12,0,59,59,0,0,0,0,0,0,0,0,0,0,71,71,22.65423406060606,82.20022463636361
136548,STATE - PUDUCHERRY,Travel agency and tour operator activities,71,71,0,12,12,0,59,59,0,0,0,0,0,0,0,0,0,0,71,71,22.65423406060606,82.20022463636361
136549,STATE - PUDUCHERRY,Travel agency activities,65,65,0,12,12,0,53,53,0,0,0,0,0,0,0,0,0,0,65,65,22.65423406060606,82.20022463636361
136550,STATE - PUDUCHERRY,Tour operator activities,6,6,0,0,0,0,6,6,0,0,0,0,0,0,0,0,0,0,6,6,22.65423406060606,82.20022463636361
136551,STATE - PUDUCHERRY,Security and investigation activities,255,246,9,56,52,4,199,194,5,9,9,0,0,0,0,9,9,0,264,27.33333333333333,22.65423406060606,82.20022463636361
136552,STATE - PUDUCHERRY,Private security activities,249,240,9,56,52,4,193,188,5,9,9,0,0,0,0,9,9,0,258,26.666666666666668,22.65423406060606,82.20022463636361
136553,STATE - PUDUCHERRY,Private security activities,249,240,9,56,52,4,193,188,5,9,9,0,0,0,0,9,9,0,258,26.666666666666668,22.65423406060606,82.20022463636361
136554,STATE - PUDUCHERRY,Security systems service activities,6,6,0,0,0,0,6,6,0,0,0,0,0,0,0,0,0,0,6,6,22.65423406060606,82.20022463636361
136555,STATE - PUDUCHERRY,Security systems service activities,6,6,0,0,0,0,6,6,0,0,0,0,0,0,0,0,0,0,6,6,22.65423406060606,82.20022463636361
136556,STATE - PUDUCHERRY,Services to buildings and landscape activities,46,15,31,20,6,14,26,9,17,3,0,3,0,0,0,3,0,3,49,0.4838709677419355,22.65423406060606,82.20022463636361
136557,STATE - PUDUCHERRY,Combined facilities support activities,2,0,2,2,0,2,0,0,0,0,0,0,0,0,0,0,0,0,2,0,22.65423406060606,82.20022463636361
136558,STATE - PUDUCHERRY,Combined facilities support activities,2,0,2,2,0,2,0,0,0,0,0,0,0,0,0,0,0,0,2,0,22.65423406060606,82.20022463636361
136559,STATE - PUDUCHERRY,Cleaning activities,44,15,29,18,6,12,26,9,17,3,0,3,0,0,0,3,0,3,47,0.5172413793103449,22.65423406060606,82.20022463636361
136560,STATE - PUDUCHERRY,General cleaning of buildings,25,6,19,6,0,6,19,6,13,3,0,3,0,0,0,3,0,3,28,0.3157894736842105,22.65423406060606,82.20022463636361
136561,STATE - PUDUCHERRY,Other building and industrial cleaning activities,19,9,10,12,6,6,7,3,4,0,0,0,0,0,0,0,0,0,19,0.9,22.65423406060606,82.20022463636361
136562,STATE - PUDUCHERRY,"Office administrative, office support and other business support activities",112,70,42,22,8,14,90,62,28,18,3,15,0,0,0,18,3,15,130,1.6666666666666667,22.65423406060606,82.20022463636361
136563,STATE - PUDUCHERRY,Office administrative and support activities,44,32,12,8,8,0,36,24,12,12,0,12,0,0,0,12,0,12,56,2.6666666666666665,22.65423406060606,82.20022463636361
136564,STATE - PUDUCHERRY,"Photocopying, document preparation and other specialized office",44,32,12,8,8,0,36,24,12,12,0,12,0,0,0,12,0,12,56,2.6666666666666665,22.65423406060606,82.20022463636361
136565,STATE - PUDUCHERRY,Activities of call centres,14,5,9,6,0,6,8,5,3,0,0,0,0,0,0,0,0,0,14,0.5555555555555556,22.65423406060606,82.20022463636361
136566,STATE - PUDUCHERRY,Activities of call centres,14,5,9,6,0,6,8,5,3,0,0,0,0,0,0,0,0,0,14,0.5555555555555556,22.65423406060606,82.20022463636361
136567,STATE - PUDUCHERRY,Business support service activities n.e.c.,54,33,21,8,0,8,46,33,13,6,3,3,0,0,0,6,3,3,60,1.5714285714285714,22.65423406060606,82.20022463636361
136568,STATE - PUDUCHERRY,Packaging activities,43,24,19,6,0,6,37,24,13,6,3,3,0,0,0,6,3,3,49,1.263157894736842,22.65423406060606,82.20022463636361
136569,STATE - PUDUCHERRY,Other business support service activities n.e.c.,11,9,2,2,0,2,9,9,0,0,0,0,0,0,0,0,0,0,11,4.5,22.65423406060606,82.20022463636361
136570,STATE - PUDUCHERRY,Public administration and defence; compulsory social security,4157,3320,837,1668,1396,272,2489,1924,565,76,32,44,26,18,8,50,14,36,4233,3.966547192353644,22.65423406060606,82.20022463636361
136571,STATE - PUDUCHERRY,Administration of the State and the economic and social policy of the,3584,2783,801,1426,1162,264,2158,1621,537,64,20,44,14,6,8,50,14,36,3648,3.474406991260924,22.65423406060606,82.20022463636361
136572,STATE - PUDUCHERRY,General public administration activities,3578,2777,801,1426,1162,264,2152,1615,537,64,20,44,14,6,8,50,14,36,3642,3.466916354556804,22.65423406060606,82.20022463636361
136573,STATE - PUDUCHERRY,"Regulation of the activities of providing health care, education, cultural",6,6,0,0,0,0,6,6,0,0,0,0,0,0,0,0,0,0,6,6,22.65423406060606,82.20022463636361
136574,STATE - PUDUCHERRY,Provision of services to the community as a whole,69,60,9,24,24,0,45,36,9,0,0,0,0,0,0,0,0,0,69,6.666666666666667,22.65423406060606,82.20022463636361
136575,STATE - PUDUCHERRY,Defence activities,3,3,0,0,0,0,3,3,0,0,0,0,0,0,0,0,0,0,3,3,22.65423406060606,82.20022463636361
136576,STATE - PUDUCHERRY,Public order and safety activities,66,57,9,24,24,0,42,33,9,0,0,0,0,0,0,0,0,0,66,6.333333333333333,22.65423406060606,82.20022463636361
136577,STATE - PUDUCHERRY,Compulsory social security activities,504,477,27,218,210,8,286,267,19,12,12,0,12,12,0,0,0,0,516,17.666666666666668,22.65423406060606,82.20022463636361
136578,STATE - PUDUCHERRY,Compulsory social security activities,504,477,27,218,210,8,286,267,19,12,12,0,12,12,0,0,0,0,516,17.666666666666668,22.65423406060606,82.20022463636361
136579,STATE - PUDUCHERRY,Education,2864,1369,1495,1188,578,610,1676,791,885,120,32,88,54,14,40,66,18,48,2984,0.9157190635451504,22.65423406060606,82.20022463636361
136580,STATE - PUDUCHERRY,Primary education,1208,487,721,602,256,346,606,231,375,56,6,50,32,6,26,24,0,24,1264,0.6754507628294036,22.65423406060606,82.20022463636361
136581,STATE - PUDUCHERRY,Primary education,1208,487,721,602,256,346,606,231,375,56,6,50,32,6,26,24,0,24,1264,0.6754507628294036,22.65423406060606,82.20022463636361
136582,STATE - PUDUCHERRY,Secondary education,464,256,208,162,116,46,302,140,162,5,0,5,2,0,2,3,0,3,469,1.2307692307692308,22.65423406060606,82.20022463636361
136583,STATE - PUDUCHERRY,General secondary education,461,253,208,162,116,46,299,137,162,5,0,5,2,0,2,3,0,3,466,1.2163461538461535,22.65423406060606,82.20022463636361
136584,STATE - PUDUCHERRY,Technical and vocational secondary education,3,3,0,0,0,0,3,3,0,0,0,0,0,0,0,0,0,0,3,3,22.65423406060606,82.20022463636361
136585,STATE - PUDUCHERRY,Higher education,604,340,264,196,106,90,408,234,174,15,6,9,0,0,0,15,6,9,619,1.2878787878787878,22.65423406060606,82.20022463636361
136586,STATE - PUDUCHERRY,Higher education,604,340,264,196,106,90,408,234,174,15,6,9,0,0,0,15,6,9,619,1.2878787878787878,22.65423406060606,82.20022463636361
136587,STATE - PUDUCHERRY,Other education,129,67,62,48,26,22,81,41,40,32,20,12,14,8,6,18,12,6,161,1.0806451612903225,22.65423406060606,82.20022463636361
136588,STATE - PUDUCHERRY,Sports and recreation education,12,12,0,6,6,0,6,6,0,0,0,0,0,0,0,0,0,0,12,12,22.65423406060606,82.20022463636361
136589,STATE - PUDUCHERRY,Cultural education,2,2,0,0,0,0,2,2,0,0,0,0,0,0,0,0,0,0,2,2,22.65423406060606,82.20022463636361
136590,STATE - PUDUCHERRY,Other education n.e.c.,115,53,62,42,20,22,73,33,40,32,20,12,14,8,6,18,12,6,147,0.8548387096774194,22.65423406060606,82.20022463636361
136591,STATE - PUDUCHERRY,Educational support services,459,219,240,180,74,106,279,145,134,12,0,12,6,0,6,6,0,6,471,0.9125,22.65423406060606,82.20022463636361
136592,STATE - PUDUCHERRY,Educational support services,459,219,240,180,74,106,279,145,134,12,0,12,6,0,6,6,0,6,471,0.9125,22.65423406060606,82.20022463636361
136593,STATE - PUDUCHERRY,Human health activities,1763,809,954,624,276,348,1139,533,606,49,15,34,32,12,20,17,3,14,1812,0.8480083857442348,22.65423406060606,82.20022463636361
136594,STATE - PUDUCHERRY,Hospital activities,1408,672,736,490,230,260,918,442,476,30,15,15,18,12,6,12,3,9,1438,0.9130434782608696,22.65423406060606,82.20022463636361
136595,STATE - PUDUCHERRY,Hospital activities,1408,672,736,490,230,260,918,442,476,30,15,15,18,12,6,12,3,9,1438,0.9130434782608696,22.65423406060606,82.20022463636361
136596,STATE - PUDUCHERRY,Medical and dental practice activities,24,8,16,10,2,8,14,6,8,0,0,0,0,0,0,0,0,0,24,0.5,22.65423406060606,82.20022463636361
136597,STATE - PUDUCHERRY,Medical and dental practice activities,24,8,16,10,2,8,14,6,8,0,0,0,0,0,0,0,0,0,24,0.5,22.65423406060606,82.20022463636361
136598,STATE - PUDUCHERRY,Other human health activities,331,129,202,124,44,80,207,85,122,19,0,19,14,0,14,5,0,5,350,0.6386138613861386,22.65423406060606,82.20022463636361
136599,STATE - PUDUCHERRY,Other human health activities,331,129,202,124,44,80,207,85,122,19,0,19,14,0,14,5,0,5,350,0.6386138613861386,22.65423406060606,82.20022463636361
136600,STATE - PUDUCHERRY,Residential care activities,49,17,32,14,6,8,35,11,24,0,0,0,0,0,0,0,0,0,49,0.53125,22.65423406060606,82.20022463636361
136601,STATE - PUDUCHERRY,Nursing care facilities,15,3,12,6,0,6,9,3,6,0,0,0,0,0,0,0,0,0,15,0.25,22.65423406060606,82.20022463636361
136602,STATE - PUDUCHERRY,Nursing care facilities,15,3,12,6,0,6,9,3,6,0,0,0,0,0,0,0,0,0,15,0.25,22.65423406060606,82.20022463636361
136603,STATE - PUDUCHERRY,Residential care activities for the elderly and disabled,8,0,8,0,0,0,8,0,8,0,0,0,0,0,0,0,0,0,8,0,22.65423406060606,82.20022463636361
136604,STATE - PUDUCHERRY,Residential care activities for the elderly and disabled,8,0,8,0,0,0,8,0,8,0,0,0,0,0,0,0,0,0,8,0,22.65423406060606,82.20022463636361
136605,STATE - PUDUCHERRY,Other residential care activities n.e.c.,26,14,12,8,6,2,18,8,10,0,0,0,0,0,0,0,0,0,26,1.1666666666666667,22.65423406060606,82.20022463636361
136606,STATE - PUDUCHERRY,Other residential care activities n.e.c.,26,14,12,8,6,2,18,8,10,0,0,0,0,0,0,0,0,0,26,1.1666666666666667,22.65423406060606,82.20022463636361
136607,STATE - PUDUCHERRY,Social work activities without accommodation,79,48,31,30,30,0,49,18,31,9,6,3,6,6,0,3,0,3,88,1.5483870967741935,22.65423406060606,82.20022463636361
136608,STATE - PUDUCHERRY,Social work activities without accommodation for the elderly and disabled,6,6,0,6,6,0,0,0,0,0,0,0,0,0,0,0,0,0,6,6,22.65423406060606,82.20022463636361
136609,STATE - PUDUCHERRY,Social work activities without accommodation for the elderly and,6,6,0,6,6,0,0,0,0,0,0,0,0,0,0,0,0,0,6,6,22.65423406060606,82.20022463636361
136610,STATE - PUDUCHERRY,Other social work activities without accommodation n.e.c.,73,42,31,24,24,0,49,18,31,9,6,3,6,6,0,3,0,3,82,1.3548387096774193,22.65423406060606,82.20022463636361
136611,STATE - PUDUCHERRY,Other social work activities without accommodation n.e.c.,73,42,31,24,24,0,49,18,31,9,6,3,6,6,0,3,0,3,82,1.3548387096774193,22.65423406060606,82.20022463636361
136612,STATE - PUDUCHERRY,"Creative, arts and entertainment activities",151,139,12,50,50,0,101,89,12,38,35,3,18,18,0,20,17,3,189,11.583333333333334,22.65423406060606,82.20022463636361
136613,STATE - PUDUCHERRY,"Creative, arts and entertainment activities",151,139,12,50,50,0,101,89,12,38,35,3,18,18,0,20,17,3,189,11.583333333333334,22.65423406060606,82.20022463636361
136614,STATE - PUDUCHERRY,"Dramatic arts, music and other arts activities",151,139,12,50,50,0,101,89,12,38,35,3,18,18,0,20,17,3,189,11.583333333333334,22.65423406060606,82.20022463636361
136615,STATE - PUDUCHERRY,"Libraries, archives, museums and other cultural activities",48,48,0,24,24,0,24,24,0,0,0,0,0,0,0,0,0,0,48,48,22.65423406060606,82.20022463636361
136616,STATE - PUDUCHERRY,"Libraries, archives, museums and other cultural activities",48,48,0,24,24,0,24,24,0,0,0,0,0,0,0,0,0,0,48,48,22.65423406060606,82.20022463636361
136617,STATE - PUDUCHERRY,Library and archives activities,24,24,0,12,12,0,12,12,0,0,0,0,0,0,0,0,0,0,24,24,22.65423406060606,82.20022463636361
136618,STATE - PUDUCHERRY,Botanical and zoological gardens and nature reserves activities,24,24,0,12,12,0,12,12,0,0,0,0,0,0,0,0,0,0,24,24,22.65423406060606,82.20022463636361
136619,STATE - PUDUCHERRY,Sports activities and amusement and recreation activities,52,52,0,14,14,0,38,38,0,33,18,15,18,6,12,15,12,3,85,52,22.65423406060606,82.20022463636361
136620,STATE - PUDUCHERRY,Sports activities,2,2,0,0,0,0,2,2,0,0,0,0,0,0,0,0,0,0,2,2,22.65423406060606,82.20022463636361
136621,STATE - PUDUCHERRY,Other sports activities,2,2,0,0,0,0,2,2,0,0,0,0,0,0,0,0,0,0,2,2,22.65423406060606,82.20022463636361
136622,STATE - PUDUCHERRY,Other amusement and recreation activities,50,50,0,14,14,0,36,36,0,33,18,15,18,6,12,15,12,3,83,50,22.65423406060606,82.20022463636361
136623,STATE - PUDUCHERRY,Other amusement and recreation activities n.e.c.,50,50,0,14,14,0,36,36,0,33,18,15,18,6,12,15,12,3,83,50,22.65423406060606,82.20022463636361
136624,STATE - PUDUCHERRY,Activities of membership organizations,187,116,71,94,68,26,93,48,45,10,6,4,2,2,0,8,4,4,197,1.6338028169014085,22.65423406060606,82.20022463636361
136625,STATE - PUDUCHERRY,Activities of other membership organizations,187,116,71,94,68,26,93,48,45,10,6,4,2,2,0,8,4,4,197,1.6338028169014085,22.65423406060606,82.20022463636361
136626,STATE - PUDUCHERRY,Activities of religious organizations,116,66,50,36,26,10,80,40,40,8,4,4,0,0,0,8,4,4,124,1.32,22.65423406060606,82.20022463636361
136627,STATE - PUDUCHERRY,Activities of political organizations,62,50,12,54,42,12,8,8,0,2,2,0,2,2,0,0,0,0,64,4.166666666666667,22.65423406060606,82.20022463636361
136628,STATE - PUDUCHERRY,Activities of other membership organizations n.e.c.,9,0,9,4,0,4,5,0,5,0,0,0,0,0,0,0,0,0,9,0,22.65423406060606,82.20022463636361
136629,STATE - PUDUCHERRY,Repair of computers and personal and household goods,317,280,37,58,50,8,259,230,29,38,18,20,20,6,14,18,12,6,355,7.567567567567567,22.65423406060606,82.20022463636361
136630,STATE - PUDUCHERRY,Repair of computers and communication equipment,36,33,3,12,12,0,24,21,3,0,0,0,0,0,0,0,0,0,36,11,22.65423406060606,82.20022463636361
136631,STATE - PUDUCHERRY,Repair of computers and peripheral equipment,36,33,3,12,12,0,24,21,3,0,0,0,0,0,0,0,0,0,36,11,22.65423406060606,82.20022463636361
136632,STATE - PUDUCHERRY,Repair of personal and household goods,281,247,34,46,38,8,235,209,26,38,18,20,20,6,14,18,12,6,319,7.264705882352941,22.65423406060606,82.20022463636361
136633,STATE - PUDUCHERRY,Repair of consumer electronics,35,18,17,18,10,8,17,8,9,14,0,14,14,0,14,0,0,0,49,1.0588235294117647,22.65423406060606,82.20022463636361
136634,STATE - PUDUCHERRY,Repair of household appliances and home and garden equipment,32,32,0,8,8,0,24,24,0,0,0,0,0,0,0,0,0,0,32,32,22.65423406060606,82.20022463636361
136635,STATE - PUDUCHERRY,Repair of footwear and leather goods,135,128,7,0,0,0,135,128,7,3,3,0,0,0,0,3,3,0,138,18.285714285714285,22.65423406060606,82.20022463636361
136636,STATE - PUDUCHERRY,Repair of furniture and home furnishings,2,2,0,0,0,0,2,2,0,0,0,0,0,0,0,0,0,0,2,2,22.65423406060606,82.20022463636361
136637,STATE - PUDUCHERRY,"Repair of personal and household goods, n.e.c.",77,67,10,20,20,0,57,47,10,21,15,6,6,6,0,15,9,6,98,6.7,22.65423406060606,82.20022463636361
136638,STATE - PUDUCHERRY,Other personal service activities,903,753,150,302,254,48,601,499,102,164,131,33,84,66,18,80,65,15,1067,5.02,22.65423406060606,82.20022463636361
136639,STATE - PUDUCHERRY,Other personal service activities,903,753,150,302,254,48,601,499,102,164,131,33,84,66,18,80,65,15,1067,5.02,22.65423406060606,82.20022463636361
136640,STATE - PUDUCHERRY,Washing and (dry-) cleaning of textile and fur products,177,119,58,58,30,28,119,89,30,23,9,14,14,6,8,9,3,6,200,2.0517241379310347,22.65423406060606,82.20022463636361
136641,STATE - PUDUCHERRY,Hairdressing and other beauty treatment,90,30,60,16,6,10,74,24,50,0,0,0,0,0,0,0,0,0,90,0.5,22.65423406060606,82.20022463636361
136642,STATE - PUDUCHERRY,Funeral and related activities,5,3,2,0,0,0,5,3,2,8,8,0,0,0,0,8,8,0,13,1.5,22.65423406060606,82.20022463636361
136643,STATE - PUDUCHERRY,Other personal service activities n.e.c.,631,601,30,228,218,10,403,383,20,133,114,19,70,60,10,63,54,9,764,20.03333333333333,22.65423406060606,82.20022463636361
136644,STATE - PUDUCHERRY,Activities of households as employers of domestic personnel,1616,119,1497,122,36,86,1494,83,1411,313,14,299,32,6,26,281,8,273,1929,0.0794923179692718,22.65423406060606,82.20022463636361
136645,STATE - PUDUCHERRY,Activities of households as employers of domestic personnel,1616,119,1497,122,36,86,1494,83,1411,313,14,299,32,6,26,281,8,273,1929,0.0794923179692718,22.65423406060606,82.20022463636361
136646,STATE - PUDUCHERRY,Activities of households as employers of domestic personnel,1616,119,1497,122,36,86,1494,83,1411,313,14,299,32,6,26,281,8,273,1929,0.0794923179692718,22.65423406060606,82.20022463636361
136647,STATE - PUDUCHERRY,Activities of extraterritorial organizations and bodies,5641,3990,1651,2832,2072,760,2809,1918,891,1147,629,518,712,390,322,435,239,196,6788,2.4167171411265898,22.65423406060606,82.20022463636361
136648,STATE - PUDUCHERRY,Blank,5189,3733,1456,2648,1954,694,2541,1779,762,945,549,396,592,340,252,353,209,144,6134,2.5638736263736264,22.65423406060606,82.20022463636361
136649,STATE - PUDUCHERRY,Blank,5189,3733,1456,2648,1954,694,2541,1779,762,945,549,396,592,340,252,353,209,144,6134,2.5638736263736264,22.65423406060606,82.20022463636361
136650,STATE - PUDUCHERRY,Incomplete description/ Wrongly Classifed,452,257,195,184,118,66,268,139,129,202,80,122,120,50,70,82,30,52,654,1.317948717948718,22.65423406060606,82.20022463636361
136651,STATE - PUDUCHERRY,Incomplete description/ Wrongly Classifed,452,257,195,184,118,66,268,139,129,202,80,122,120,50,70,82,30,52,654,1.317948717948718,22.65423406060606,82.20022463636361
