,IndiaStates,NIC_Name,Main_Workers__Total___Persons,Main_Workers__Total__Males,Main_Workers__Total__Females,Main_Workers__Rural___Persons,Main_Workers__Rural__Males,Main_Workers__Rural__Females,Main_Workers__Urban___Persons,Main_Workers__Urban__Males,Main_Workers__Urban__Females,Marginal_Workers__Total___Persons,Marginal_Workers__Total__Males,Marginal_Workers__Total__Females,Marginal_Workers__Rural___Persons,Marginal_Workers__Rural__Males,Marginal_Workers__Rural__Females,Marginal_Workers__Urban___Persons,Marginal_Workers__Urban__Males,Marginal_Workers__Urban__Females,TotalWorkers,MaleFemaleRatio,Latitude,Longitude
0,STATE - RAJASTHAN,Growing of non-perennial crops,12876,10547,2329,5644,4328,1316,7232,6219,1013,9562,4051,5511,8147,3295,4852,1415,756,659,22438,4.528553027050236,27.100399,93.616601
1,STATE - RAJASTHAN,"Growing of cereals (except rice), leguminous crops and oil seeds",12061,9911,2150,5195,3987,1208,6866,5924,942,9085,3883,5202,7777,3161,4616,1308,722,586,21146,4.609767441860465,26.749981,94.216667
2,STATE - RAJASTHAN,Growing of rice,79,71,8,48,42,6,31,29,2,13,4,9,11,2,9,2,2,0,92,8.875,25.785414,87.479973
3,STATE - RAJASTHAN,"Growing of vegetables and melons, roots and tubers",576,440,136,304,221,83,272,219,53,319,98,221,263,82,181,56,16,40,895,3.235294117647059,30.719997,76.780006
4,STATE - RAJASTHAN,Growing of sugar cane,11,11,0,6,6,0,5,5,0,0,0,0,0,0,0,0,0,0,11,11,22.09042,82.159987
5,STATE - RAJASTHAN,Growing of fibre crops,53,49,4,41,37,4,12,12,0,76,41,35,66,33,33,10,8,2,129,12.25,20.266578,73.016618
6,STATE - RAJASTHAN,Growing of other non-perennial crop,96,65,31,50,35,15,46,30,16,69,25,44,30,17,13,39,8,31,165,2.096774193548387,28.669993,77.230004
7,STATE - RAJASTHAN,Growing of perennial crops,1191,984,207,571,448,123,620,536,84,668,280,388,556,232,324,112,48,64,1859,4.753623188405797,15.491997,73.818001
8,STATE - RAJASTHAN,Growing of tropical and subtropical fruits,13,13,0,1,1,0,12,12,0,12,12,0,12,12,0,0,0,0,25,13,28.450006,77.019991
9,STATE - RAJASTHAN,Growing of citrus fruits,25,23,2,21,19,2,4,4,0,6,6,0,6,6,0,0,0,0,31,11.5,31.100025,77.166597
10,STATE - RAJASTHAN,Growing of pome fruits and stone fruits,2,0,2,2,0,2,0,0,0,6,6,0,0,0,0,6,6,0,8,0,34.299959,74.466658
11,STATE - RAJASTHAN,Growing of other tree and bush fruits and nuts,58,44,14,29,27,2,29,17,12,29,11,18,27,11,16,2,0,2,87,3.142857142857143,23.800393,86.419986
12,STATE - RAJASTHAN,Growing of oleaginous fruits,49,44,5,17,17,0,32,27,5,6,0,6,0,0,0,6,0,6,55,8.8,12.570381,76.919997
13,STATE - RAJASTHAN,Growing of beverage crops,229,225,4,82,82,0,147,143,4,72,28,44,64,28,36,8,0,8,301,56.25,8.900373,76.569993
14,STATE - RAJASTHAN,"Growing of spices, aromatic, drug and pharmaceutical crops",132,88,44,49,29,20,83,59,24,64,25,39,64,25,39,0,0,0,196,2,10.562573,72.636867
15,STATE - RAJASTHAN,Growing of other perennial crops,683,547,136,370,273,97,313,274,39,473,192,281,383,150,233,90,42,48,1156,4.022058823529412,21.300391,76.130019
16,STATE - RAJASTHAN,Plant propagation,2994,2680,314,1589,1433,156,1405,1247,158,611,360,251,452,246,206,159,114,45,3605,8.535031847133759,19.250232,73.160175
17,STATE - RAJASTHAN,Plant propagation,2994,2680,314,1589,1433,156,1405,1247,158,611,360,251,452,246,206,159,114,45,3605,8.535031847133759,24.799971,93.950017
18,STATE - RAJASTHAN,Raising of horses and other equines,797,758,39,692,659,33,105,99,6,134,76,58,122,64,58,12,12,0,931,19.435897435897434,25.666998,94.11657
19,STATE - RAJASTHAN,Raising and breeding of camels and camelids,1137,1007,130,1097,970,127,40,37,3,285,133,152,279,133,146,6,0,6,1422,7.746153846153846,19.82043,85.900017
20,STATE - RAJASTHAN,Raising of swine/pigs,892,730,162,821,667,154,71,63,8,477,263,214,437,229,208,40,34,6,1369,4.506172839506172,31.519974,75.980003
21,STATE - RAJASTHAN,Raising of poultry,2628,2127,501,1913,1483,430,715,644,71,817,356,461,760,315,445,57,41,16,3445,4.245508982035928,26.449999,74.639981
22,STATE - RAJASTHAN,Raising of other animals,826,630,196,711,531,180,115,99,16,303,148,155,281,138,143,22,10,12,1129,3.2142857142857144,27.33333,88.616647
23,STATE - RAJASTHAN,Mixed farming,5050,3872,1178,2777,1963,814,2273,1909,364,4963,1854,3109,4508,1650,2858,455,204,251,10013,3.2869269949066213,12.920386,79.150042
24,STATE - RAJASTHAN,Mixed farming,5050,3872,1178,2777,1963,814,2273,1909,364,4963,1854,3109,4508,1650,2858,455,204,251,10013,3.2869269949066213,23.835404,91.279999
25,STATE - RAJASTHAN,Support activities for crop production,12433,9573,2860,6973,4990,1983,5460,4583,877,9967,3649,6318,8781,3091,5690,1186,558,628,22400,3.3472027972027973,30.320409,78.050006
26,STATE - RAJASTHAN,Support activities for animal production,851,302,549,677,202,475,174,100,74,1409,234,1175,1309,212,1097,100,22,78,2260,0.5500910746812386,22.58039,88.329947
27,STATE - RAJASTHAN,Post-harvest crop activities,22369,17378,4991,11360,8144,3216,11009,9234,1775,21575,8182,13393,18942,6970,11972,2633,1212,1421,43944,3.4818673612502504,22.65423406060606,82.20022463636361
28,STATE - RAJASTHAN,Seed processing for propagation,318,269,49,173,142,31,145,127,18,284,95,189,237,70,167,47,25,22,602,5.489795918367347,22.65423406060606,82.20022463636361
29,STATE - RAJASTHAN,"Hunting, trapping and related service activities",828,681,147,738,601,137,90,80,10,356,117,239,336,117,219,20,0,20,1184,4.63265306122449,22.65423406060606,82.20022463636361
30,STATE - RAJASTHAN,"Hunting, trapping and related service activities",828,681,147,738,601,137,90,80,10,356,117,239,336,117,219,20,0,20,1184,4.63265306122449,22.65423406060606,82.20022463636361
31,STATE - RAJASTHAN,Forestry and logging,16316,13749,2567,11488,9414,2074,4828,4335,493,6502,2321,4181,5817,2126,3691,685,195,490,22818,5.356057654850019,22.65423406060606,82.20022463636361
32,STATE - RAJASTHAN,Silviculture and other forestry activities,2478,2161,317,1645,1449,196,833,712,121,773,287,486,670,255,415,103,32,71,3251,6.817034700315458,22.65423406060606,82.20022463636361
33,STATE - RAJASTHAN,Silviculture and other forestry activities,2478,2161,317,1645,1449,196,833,712,121,773,287,486,670,255,415,103,32,71,3251,6.817034700315458,22.65423406060606,82.20022463636361
34,STATE - RAJASTHAN,Logging,4216,2824,1392,3539,2288,1251,677,536,141,4120,1359,2761,3685,1268,2417,435,91,344,8336,2.028735632183908,22.65423406060606,82.20022463636361
35,STATE - RAJASTHAN,Logging,4216,2824,1392,3539,2288,1251,677,536,141,4120,1359,2761,3685,1268,2417,435,91,344,8336,2.028735632183908,22.65423406060606,82.20022463636361
36,STATE - RAJASTHAN,Gathering of non-wood forest products,1275,966,309,879,608,271,396,358,38,1111,382,729,1027,351,676,84,31,53,2386,3.1262135922330097,22.65423406060606,82.20022463636361
37,STATE - RAJASTHAN,Gathering of non-wood forest products,1275,966,309,879,608,271,396,358,38,1111,382,729,1027,351,676,84,31,53,2386,3.1262135922330097,22.65423406060606,82.20022463636361
38,STATE - RAJASTHAN,Support services to forestry,8347,7798,549,5425,5069,356,2922,2729,193,498,293,205,435,252,183,63,41,22,8845,14.2040072859745,22.65423406060606,82.20022463636361
39,STATE - RAJASTHAN,Support services to forestry,8347,7798,549,5425,5069,356,2922,2729,193,498,293,205,435,252,183,63,41,22,8845,14.2040072859745,22.65423406060606,82.20022463636361
40,STATE - RAJASTHAN,Fishing and aquaculture,835,790,45,361,327,34,474,463,11,250,225,25,221,196,25,29,29,0,1085,17.555555555555557,22.65423406060606,82.20022463636361
41,STATE - RAJASTHAN,Fishing,406,388,18,183,170,13,223,218,5,176,158,18,158,140,18,18,18,0,582,21.55555555555556,22.65423406060606,82.20022463636361
42,STATE - RAJASTHAN,Marine fishing,241,232,9,122,115,7,119,117,2,125,107,18,125,107,18,0,0,0,366,25.77777777777778,22.65423406060606,82.20022463636361
43,STATE - RAJASTHAN,Freash water fishing,165,156,9,61,55,6,104,101,3,51,51,0,33,33,0,18,18,0,216,17.333333333333332,22.65423406060606,82.20022463636361
44,STATE - RAJASTHAN,Aquaculture,429,402,27,178,157,21,251,245,6,74,67,7,63,56,7,11,11,0,503,14.88888888888889,22.65423406060606,82.20022463636361
45,STATE - RAJASTHAN,Marine aquaculture,135,125,10,63,59,4,72,66,6,16,15,1,16,15,1,0,0,0,151,12.5,22.65423406060606,82.20022463636361
46,STATE - RAJASTHAN,Freshwater aquaculture,294,277,17,115,98,17,179,179,0,58,52,6,47,41,6,11,11,0,352,16.294117647058822,22.65423406060606,82.20022463636361
47,STATE - RAJASTHAN,Mining of coal and lignite,856,771,85,692,612,80,164,159,5,378,193,185,367,184,183,11,9,2,1234,9.070588235294116,22.65423406060606,82.20022463636361
48,STATE - RAJASTHAN,Mining of hard coal,343,322,21,263,245,18,80,77,3,142,103,39,140,103,37,2,0,2,485,15.333333333333334,22.65423406060606,82.20022463636361
49,STATE - RAJASTHAN,Mining of hard coal,343,322,21,263,245,18,80,77,3,142,103,39,140,103,37,2,0,2,485,15.333333333333334,22.65423406060606,82.20022463636361
50,STATE - RAJASTHAN,Mining of lignite,513,449,64,429,367,62,84,82,2,236,90,146,227,81,146,9,9,0,749,7.015625,22.65423406060606,82.20022463636361
51,STATE - RAJASTHAN,Mining of lignite,513,449,64,429,367,62,84,82,2,236,90,146,227,81,146,9,9,0,749,7.015625,22.65423406060606,82.20022463636361
52,STATE - RAJASTHAN,Extraction of crude petroleum and natural gas,366,345,21,267,261,6,99,84,15,77,71,6,74,71,3,3,0,3,443,16.428571428571427,22.65423406060606,82.20022463636361
53,STATE - RAJASTHAN,Extraction of crude petroleum,332,316,16,263,259,4,69,57,12,73,67,6,70,67,3,3,0,3,405,19.75,22.65423406060606,82.20022463636361
54,STATE - RAJASTHAN,Extraction of crude petroleum,332,316,16,263,259,4,69,57,12,73,67,6,70,67,3,3,0,3,405,19.75,22.65423406060606,82.20022463636361
55,STATE - RAJASTHAN,Extraction of natural gas,34,29,5,4,2,2,30,27,3,4,4,0,4,4,0,0,0,0,38,5.8,22.65423406060606,82.20022463636361
56,STATE - RAJASTHAN,Extraction of natural gas,34,29,5,4,2,2,30,27,3,4,4,0,4,4,0,0,0,0,38,5.8,22.65423406060606,82.20022463636361
57,STATE - RAJASTHAN,Mining of metal ores,3726,3612,114,2299,2256,43,1427,1356,71,173,152,21,146,125,21,27,27,0,3899,31.68421052631579,22.65423406060606,82.20022463636361
58,STATE - RAJASTHAN,Mining of non-ferrous metal ores,3450,3336,114,2126,2083,43,1324,1253,71,159,145,14,132,118,14,27,27,0,3609,29.26315789473684,22.65423406060606,82.20022463636361
59,STATE - RAJASTHAN,Mining of other non-ferrous metal ores,3450,3336,114,2126,2083,43,1324,1253,71,159,145,14,132,118,14,27,27,0,3609,29.26315789473684,22.65423406060606,82.20022463636361
60,STATE - RAJASTHAN,Mining of chemical and fertilizer minerals,246,233,13,147,136,11,99,97,2,72,50,22,61,39,22,11,11,0,318,17.923076923076923,22.65423406060606,82.20022463636361
61,STATE - RAJASTHAN,Extraction and agglomeration of peat,1098,953,145,835,700,135,263,253,10,237,147,90,176,106,70,61,41,20,1335,6.572413793103448,22.65423406060606,82.20022463636361
62,STATE - RAJASTHAN,Extraction of salt,4638,4193,445,3543,3268,275,1095,925,170,1175,840,335,1009,702,307,166,138,28,5813,9.42247191011236,22.65423406060606,82.20022463636361
63,STATE - RAJASTHAN,Mining support service activities,6599,6013,586,5112,4660,452,1487,1353,134,1259,1018,241,1147,924,223,112,94,18,7858,10.261092150170647,22.65423406060606,82.20022463636361
64,STATE - RAJASTHAN,Support activities for petroleum and natural gas mining,232,219,13,170,157,13,62,62,0,29,28,1,29,28,1,0,0,0,261,16.846153846153847,22.65423406060606,82.20022463636361
65,STATE - RAJASTHAN,Support activities for petroleum and natural gas mining,232,219,13,170,157,13,62,62,0,29,28,1,29,28,1,0,0,0,261,16.846153846153847,22.65423406060606,82.20022463636361
66,STATE - RAJASTHAN,Support activities for other mining and quarrying,6367,5794,573,4942,4503,439,1425,1291,134,1230,990,240,1118,896,222,112,94,18,7597,10.11169284467714,22.65423406060606,82.20022463636361
67,STATE - RAJASTHAN,Support activities for other mining and quarrying,6367,5794,573,4942,4503,439,1425,1291,134,1230,990,240,1118,896,222,112,94,18,7597,10.11169284467714,22.65423406060606,82.20022463636361
68,STATE - RAJASTHAN,Processing and preserving of meat,1631,1234,397,994,723,271,637,511,126,446,214,232,394,191,203,52,23,29,2077,3.1083123425692696,22.65423406060606,82.20022463636361
69,STATE - RAJASTHAN,Processing and preserving of meat,1631,1234,397,994,723,271,637,511,126,446,214,232,394,191,203,52,23,29,2077,3.1083123425692696,22.65423406060606,82.20022463636361
70,STATE - RAJASTHAN,"Processing and preserving of fish, crustaceans and molluscs",247,233,14,97,86,11,150,147,3,54,46,8,49,46,3,5,0,5,301,16.642857142857142,22.65423406060606,82.20022463636361
71,STATE - RAJASTHAN,"Processing and preserving of fish, crustaceans and molluscs and",247,233,14,97,86,11,150,147,3,54,46,8,49,46,3,5,0,5,301,16.642857142857142,22.65423406060606,82.20022463636361
72,STATE - RAJASTHAN,Processing and preserving of fruit and vegetables,5662,4825,837,1631,1371,260,4031,3454,577,1300,661,639,817,375,442,483,286,197,6962,5.764635603345281,22.65423406060606,82.20022463636361
73,STATE - RAJASTHAN,Processing and preserving of fruit and vegetables,5662,4825,837,1631,1371,260,4031,3454,577,1300,661,639,817,375,442,483,286,197,6962,5.764635603345281,22.65423406060606,82.20022463636361
74,STATE - RAJASTHAN,Manufacture of vegetable and animal oils and fats,10907,10243,664,5826,5427,399,5081,4816,265,1576,1228,348,1112,840,272,464,388,76,12483,15.426204819277109,22.65423406060606,82.20022463636361
75,STATE - RAJASTHAN,Manufacture of vegetable and animal oils and fats,10907,10243,664,5826,5427,399,5081,4816,265,1576,1228,348,1112,840,272,464,388,76,12483,15.426204819277109,22.65423406060606,82.20022463636361
76,STATE - RAJASTHAN,"Manufacture of grain mill products, starches and starch products",40938,36041,4897,24469,21058,3411,16469,14983,1486,9741,4353,5388,8154,3427,4727,1587,926,661,50679,7.359812129875434,22.65423406060606,82.20022463636361
77,STATE - RAJASTHAN,Manufacture of grain mill products,40607,35762,4845,24305,20904,3401,16302,14858,1444,9730,4345,5385,8143,3419,4724,1587,926,661,50337,7.381217750257998,22.65423406060606,82.20022463636361
78,STATE - RAJASTHAN,Manufacture of starches and starch products,331,279,52,164,154,10,167,125,42,11,8,3,11,8,3,0,0,0,342,5.365384615384615,22.65423406060606,82.20022463636361
79,STATE - RAJASTHAN,Manufacture of other food products,93609,78987,14622,41101,36470,4631,52508,42517,9991,22397,11889,10508,12686,7436,5250,9711,4453,5258,116006,5.401928600738613,22.65423406060606,82.20022463636361
80,STATE - RAJASTHAN,Manufacture of bakery products,6351,5072,1279,1600,1366,234,4751,3706,1045,1308,532,776,725,303,422,583,229,354,7659,3.965598123534011,22.65423406060606,82.20022463636361
81,STATE - RAJASTHAN,Manufacture of sugar,1383,1293,90,396,382,14,987,911,76,108,95,13,64,56,8,44,39,5,1491,14.366666666666667,22.65423406060606,82.20022463636361
82,STATE - RAJASTHAN,"Manufacture of cocoa, chocolate and sugar confectionery",35635,34471,1164,19103,18660,443,16532,15811,721,7032,6442,590,4361,4121,240,2671,2321,350,42667,29.61426116838488,22.65423406060606,82.20022463636361
83,STATE - RAJASTHAN,"Manufacture of macaroni, noodles, couscous and similar farinaceous",52,38,14,12,6,6,40,32,8,26,6,20,14,0,14,12,6,6,78,2.7142857142857144,22.65423406060606,82.20022463636361
84,STATE - RAJASTHAN,Manufacture of prepared meals and dishes,28511,24240,4271,13013,10558,2455,15498,13682,1816,6344,2665,3679,4637,1710,2927,1707,955,752,34855,5.675485834699134,22.65423406060606,82.20022463636361
85,STATE - RAJASTHAN,Manufacture of other food products n.e.c.,21677,13873,7804,6977,5498,1479,14700,8375,6325,7579,2149,5430,2885,1246,1639,4694,903,3791,29256,1.777678113787801,22.65423406060606,82.20022463636361
86,STATE - RAJASTHAN,Manufacture of prepared animal feeds,591,522,69,281,236,45,310,286,24,101,56,45,92,47,45,9,9,0,692,7.565217391304348,22.65423406060606,82.20022463636361
87,STATE - RAJASTHAN,Manufacture of prepared animal feeds,591,522,69,281,236,45,310,286,24,101,56,45,92,47,45,9,9,0,692,7.565217391304348,22.65423406060606,82.20022463636361
88,STATE - RAJASTHAN,Manufacture of beverages,4491,4253,238,1880,1761,119,2611,2492,119,531,491,40,332,294,38,199,197,2,5022,17.869747899159663,22.65423406060606,82.20022463636361
89,STATE - RAJASTHAN,Manufacture of beverages,4491,4253,238,1880,1761,119,2611,2492,119,531,491,40,332,294,38,199,197,2,5022,17.869747899159663,22.65423406060606,82.20022463636361
90,STATE - RAJASTHAN,"Distilling, rectifying and blending of spirits; ethyl alcohol production",253,233,20,119,119,0,134,114,20,10,9,1,4,3,1,6,6,0,263,11.65,22.65423406060606,82.20022463636361
91,STATE - RAJASTHAN,Manufacture of wines,462,452,10,241,237,4,221,215,6,35,33,2,29,27,2,6,6,0,497,45.2,22.65423406060606,82.20022463636361
92,STATE - RAJASTHAN,Manufacture of malt liquors and malt,411,397,14,257,253,4,154,144,10,69,58,11,66,55,11,3,3,0,480,28.357142857142858,22.65423406060606,82.20022463636361
93,STATE - RAJASTHAN,Manufacture of soft drinks; production of mineral waters and other,3365,3171,194,1263,1152,111,2102,2019,83,417,391,26,233,209,24,184,182,2,3782,16.34536082474227,22.65423406060606,82.20022463636361
94,STATE - RAJASTHAN,"Spinning, weaving and finishing of textiles",101922,86860,15062,42302,36443,5859,59620,50417,9203,29777,12929,16848,21516,9055,12461,8261,3874,4387,131699,5.766830434205285,22.65423406060606,82.20022463636361
95,STATE - RAJASTHAN,Preparation and spinning of textile fibres,18947,15277,3670,10496,7954,2542,8451,7323,1128,17411,7285,10126,14620,5526,9094,2791,1759,1032,36358,4.1626702997275205,22.65423406060606,82.20022463636361
96,STATE - RAJASTHAN,Weaving of textiles,41873,36160,5713,18844,16811,2033,23029,19349,3680,5886,3118,2768,3970,2164,1806,1916,954,962,47759,6.329424120427096,22.65423406060606,82.20022463636361
97,STATE - RAJASTHAN,Finishing of textiles,41102,35423,5679,12962,11678,1284,28140,23745,4395,6480,2526,3954,2926,1365,1561,3554,1161,2393,47582,6.237541820743089,22.65423406060606,82.20022463636361
98,STATE - RAJASTHAN,Manufacture of knitted and crocheted fabrics,1740,1486,254,762,641,121,978,845,133,372,174,198,168,121,47,204,53,151,2112,5.850393700787402,22.65423406060606,82.20022463636361
99,STATE - RAJASTHAN,"Manufacture of made-up textile articles, except apparel",5536,4182,1354,1538,1167,371,3998,3015,983,1817,605,1212,813,338,475,1004,267,737,7353,3.088626292466765,22.65423406060606,82.20022463636361
100,STATE - RAJASTHAN,Manufacture of carpets and rugs,8924,5676,3248,4866,2287,2579,4058,3389,669,3099,700,2399,2429,442,1987,670,258,412,12023,1.7475369458128078,22.65423406060606,82.20022463636361
101,STATE - RAJASTHAN,"Manufacture of cordage, rope, twine and netting",14340,12515,1825,7722,6816,906,6618,5699,919,2371,1132,1239,1924,914,1010,447,218,229,16711,6.857534246575343,22.65423406060606,82.20022463636361
102,STATE - RAJASTHAN,Manufacture of articles of fur,614,491,123,277,214,63,337,277,60,113,30,83,81,16,65,32,14,18,727,3.991869918699187,22.65423406060606,82.20022463636361
103,STATE - RAJASTHAN,Manufacture of articles of fur,614,491,123,277,214,63,337,277,60,113,30,83,81,16,65,32,14,18,727,3.991869918699187,22.65423406060606,82.20022463636361
104,STATE - RAJASTHAN,Manufacture of knitted and crocheted apparel,315,256,59,165,137,28,150,119,31,94,24,70,65,24,41,29,0,29,409,4.338983050847458,22.65423406060606,82.20022463636361
105,STATE - RAJASTHAN,Manufacture of knitted and crocheted apparel,315,256,59,165,137,28,150,119,31,94,24,70,65,24,41,29,0,29,409,4.338983050847458,22.65423406060606,82.20022463636361
106,STATE - RAJASTHAN,Manufacture of leather and related products,45416,39610,5806,20395,17338,3057,25021,22272,2749,7012,3715,3297,4549,2386,2163,2463,1329,1134,52428,6.822252841887702,22.65423406060606,82.20022463636361
107,STATE - RAJASTHAN,"Tanning and dressing of leather; manufacture of luggage, handbags, saddlery",5206,3568,1638,2020,1287,733,3186,2281,905,1796,419,1377,1068,240,828,728,179,549,7002,2.178266178266178,22.65423406060606,82.20022463636361
108,STATE - RAJASTHAN,Tanning and dressing of leather; dressing and dyeing of fur,3654,2172,1482,1518,853,665,2136,1319,817,1610,297,1313,961,175,786,649,122,527,5264,1.465587044534413,22.65423406060606,82.20022463636361
109,STATE - RAJASTHAN,"Manufacture of luggage, handbags and the like, saddlery and harness",1552,1396,156,502,434,68,1050,962,88,186,122,64,107,65,42,79,57,22,1738,8.948717948717949,22.65423406060606,82.20022463636361
110,STATE - RAJASTHAN,Manufacture of footwear,40210,36042,4168,18375,16051,2324,21835,19991,1844,5216,3296,1920,3481,2146,1335,1735,1150,585,45426,8.647312859884837,22.65423406060606,82.20022463636361
111,STATE - RAJASTHAN,Manufacture of footwear,40210,36042,4168,18375,16051,2324,21835,19991,1844,5216,3296,1920,3481,2146,1335,1735,1150,585,45426,8.647312859884837,22.65423406060606,82.20022463636361
112,STATE - RAJASTHAN,"Manufacture of wood and products of wood and cork, except furniture;",65856,57229,8627,43218,37612,5606,22638,19617,3021,15475,8963,6512,12654,7352,5302,2821,1611,1210,81331,6.633708125652023,22.65423406060606,82.20022463636361
113,STATE - RAJASTHAN,Sawmilling and planing of wood,12965,12628,337,7819,7612,207,5146,5016,130,1660,1546,114,1273,1187,86,387,359,28,14625,37.47181008902077,22.65423406060606,82.20022463636361
114,STATE - RAJASTHAN,Saw milling and planing of wood,12965,12628,337,7819,7612,207,5146,5016,130,1660,1546,114,1273,1187,86,387,359,28,14625,37.47181008902077,22.65423406060606,82.20022463636361
115,STATE - RAJASTHAN,"Manufacture of products of wood, cork, straw and plaiting materials",52891,44601,8290,35399,30000,5399,17492,14601,2891,13815,7417,6398,11381,6165,5216,2434,1252,1182,66706,5.380096501809409,22.65423406060606,82.20022463636361
116,STATE - RAJASTHAN,"Manufacture of veneer sheets; manufacture of plywood, laminboard,",1563,1477,86,733,703,30,830,774,56,149,126,23,117,106,11,32,20,12,1712,17.174418604651162,22.65423406060606,82.20022463636361
117,STATE - RAJASTHAN,Manufacture of builders carpentry and joinery,14064,13864,200,10786,10631,155,3278,3233,45,1856,1777,79,1541,1484,57,315,293,22,15920,69.32,22.65423406060606,82.20022463636361
118,STATE - RAJASTHAN,Manufacture of wooden containers,9658,6074,3584,6299,4116,2183,3359,1958,1401,4202,1625,2577,3639,1453,2186,563,172,391,13860,1.6947544642857142,22.65423406060606,82.20022463636361
119,STATE - RAJASTHAN,"Manufacture of other products of wood; manufacture of articles of cork,",27606,23186,4420,17581,14550,3031,10025,8636,1389,7608,3889,3719,6084,3122,2962,1524,767,757,35214,5.245701357466063,22.65423406060606,82.20022463636361
120,STATE - RAJASTHAN,Manufacture of paper and paper products,10068,8454,1614,2404,2117,287,7664,6337,1327,1547,766,781,596,369,227,951,397,554,11615,5.237918215613383,22.65423406060606,82.20022463636361
121,STATE - RAJASTHAN,Manufacture of paper and paper products,10068,8454,1614,2404,2117,287,7664,6337,1327,1547,766,781,596,369,227,951,397,554,11615,5.237918215613383,22.65423406060606,82.20022463636361
122,STATE - RAJASTHAN,"Manufacture of pulp, paper and paperboard",2752,2306,446,740,665,75,2012,1641,371,292,167,125,149,116,33,143,51,92,3044,5.170403587443946,22.65423406060606,82.20022463636361
123,STATE - RAJASTHAN,Manufacture of corrugated paper and paperboard and containers of,1998,1574,424,414,327,87,1584,1247,337,315,118,197,60,35,25,255,83,172,2313,3.712264150943396,22.65423406060606,82.20022463636361
124,STATE - RAJASTHAN,Manufacture of other articles of paper and paperboard,5318,4574,744,1250,1125,125,4068,3449,619,940,481,459,387,218,169,553,263,290,6258,6.147849462365591,22.65423406060606,82.20022463636361
125,STATE - RAJASTHAN,Printing and reproduction of recorded media,19216,17789,1427,3293,3075,218,15923,14714,1209,1915,1032,883,575,279,296,1340,753,587,21131,12.466012613875264,22.65423406060606,82.20022463636361
126,STATE - RAJASTHAN,Printing and service activities related to printing,19201,17780,1421,3293,3075,218,15908,14705,1203,1915,1032,883,575,279,296,1340,753,587,21116,12.51231527093596,22.65423406060606,82.20022463636361
127,STATE - RAJASTHAN,Printing,13487,12275,1212,2307,2109,198,11180,10166,1014,1477,661,816,451,170,281,1026,491,535,14964,10.127887788778878,22.65423406060606,82.20022463636361
128,STATE - RAJASTHAN,Service activities related to printing,5714,5505,209,986,966,20,4728,4539,189,438,371,67,124,109,15,314,262,52,6152,26.33971291866029,22.65423406060606,82.20022463636361
129,STATE - RAJASTHAN,Reproduction of recorded media,15,9,6,0,0,0,15,9,6,0,0,0,0,0,0,0,0,0,15,1.5,22.65423406060606,82.20022463636361
130,STATE - RAJASTHAN,Reproduction of recorded media,15,9,6,0,0,0,15,9,6,0,0,0,0,0,0,0,0,0,15,1.5,22.65423406060606,82.20022463636361
131,STATE - RAJASTHAN,Manufacture of coke and refined petroleum products,1256,1051,205,644,542,102,612,509,103,220,153,67,174,121,53,46,32,14,1476,5.126829268292683,22.65423406060606,82.20022463636361
132,STATE - RAJASTHAN,Manufacture of coke oven products,314,251,63,227,169,58,87,82,5,117,88,29,117,88,29,0,0,0,431,3.984126984126984,22.65423406060606,82.20022463636361
133,STATE - RAJASTHAN,Manufacture of coke oven products,314,251,63,227,169,58,87,82,5,117,88,29,117,88,29,0,0,0,431,3.984126984126984,22.65423406060606,82.20022463636361
134,STATE - RAJASTHAN,Manufacture of refined petroleum products,942,800,142,417,373,44,525,427,98,103,65,38,57,33,24,46,32,14,1045,5.633802816901408,22.65423406060606,82.20022463636361
135,STATE - RAJASTHAN,Manufacture of refined petroleum products,942,800,142,417,373,44,525,427,98,103,65,38,57,33,24,46,32,14,1045,5.633802816901408,22.65423406060606,82.20022463636361
136,STATE - RAJASTHAN,Manufacture of chemicals and chemical products,23362,20281,3081,6914,6065,849,16448,14216,2232,3022,1490,1532,1388,792,596,1634,698,936,26384,6.5826030509574815,22.65423406060606,82.20022463636361
137,STATE - RAJASTHAN,"Manufacture of basic chemicals, fertilizer and nitrogen compounds, plastics",7227,6186,1041,2123,1964,159,5104,4222,882,1133,441,692,451,234,217,682,207,475,8360,5.942363112391931,22.65423406060606,82.20022463636361
138,STATE - RAJASTHAN,Manufacture of basic chemicals,5079,4141,938,964,838,126,4115,3303,812,1018,343,675,371,165,206,647,178,469,6097,4.414712153518123,22.65423406060606,82.20022463636361
139,STATE - RAJASTHAN,Manufacture of fertilizers and nitrogen compounds,1397,1341,56,841,820,21,556,521,35,58,47,11,43,32,11,15,15,0,1455,23.946428571428573,22.65423406060606,82.20022463636361
140,STATE - RAJASTHAN,Manufacture of plastics and synthetic rubber in primary forms,751,704,47,318,306,12,433,398,35,57,51,6,37,37,0,20,14,6,808,14.97872340425532,22.65423406060606,82.20022463636361
141,STATE - RAJASTHAN,Manufacture of other chemical products,15436,13422,2014,4521,3843,678,10915,9579,1336,1860,1020,840,923,544,379,937,476,461,17296,6.664349553128103,22.65423406060606,82.20022463636361
142,STATE - RAJASTHAN,Manufacture of pesticides and other agrochemical products,422,391,31,99,87,12,323,304,19,28,27,1,5,4,1,23,23,0,450,12.612903225806452,22.65423406060606,82.20022463636361
143,STATE - RAJASTHAN,"Manufacture of paints, varnishes and similar coatings, printing ink and",4899,4420,479,1331,1204,127,3568,3216,352,541,348,193,348,232,116,193,116,77,5440,9.227557411273487,22.65423406060606,82.20022463636361
144,STATE - RAJASTHAN,"Manufacture of soap and detergents, cleaning and polishing preparations,",8194,6920,1274,2438,2045,393,5756,4875,881,1091,519,572,458,243,215,633,276,357,9285,5.43171114599686,22.65423406060606,82.20022463636361
145,STATE - RAJASTHAN,Manufacture of other chemical products n.e.c.,1921,1691,230,653,507,146,1268,1184,84,200,126,74,112,65,47,88,61,27,2121,7.352173913043479,22.65423406060606,82.20022463636361
146,STATE - RAJASTHAN,Manufacture of man-made fibres,699,673,26,270,258,12,429,415,14,29,29,0,14,14,0,15,15,0,728,25.884615384615383,22.65423406060606,82.20022463636361
147,STATE - RAJASTHAN,Manufacture of man-made fibres,696,670,26,270,258,12,426,412,14,29,29,0,14,14,0,15,15,0,725,25.76923076923077,22.65423406060606,82.20022463636361
148,STATE - RAJASTHAN,Manufacture of anti-sprouting products,3,3,0,0,0,0,3,3,0,0,0,0,0,0,0,0,0,0,3,3,22.65423406060606,82.20022463636361
149,STATE - RAJASTHAN,"Manufacture of pharmaceuticals, medicinal chemical and botanical products",4380,3825,555,1043,992,51,3337,2833,504,321,216,105,131,108,23,190,108,82,4701,6.891891891891892,22.65423406060606,82.20022463636361
150,STATE - RAJASTHAN,"Manufacture of pharmaceuticals, medicinal chemical and botanical products",4380,3825,555,1043,992,51,3337,2833,504,321,216,105,131,108,23,190,108,82,4701,6.891891891891892,22.65423406060606,82.20022463636361
151,STATE - RAJASTHAN,"Manufacture of pharmaceuticals, medicinal chemical and botanical",4380,3825,555,1043,992,51,3337,2833,504,321,216,105,131,108,23,190,108,82,4701,6.891891891891892,22.65423406060606,82.20022463636361
152,STATE - RAJASTHAN,Manufacture of rubber and plastics products,16336,15635,701,6226,6037,189,10110,9598,512,961,823,138,514,459,55,447,364,83,17297,22.303851640513557,22.65423406060606,82.20022463636361
153,STATE - RAJASTHAN,Manufacture of rubber products,10912,10748,164,4266,4214,52,6646,6534,112,572,544,28,317,292,25,255,252,3,11484,65.53658536585365,22.65423406060606,82.20022463636361
154,STATE - RAJASTHAN,Manufacture of rubber tyres and tubes; retreading and rebuilding of,9338,9243,95,3489,3462,27,5849,5781,68,444,428,16,240,227,13,204,201,3,9782,97.29473684210528,22.65423406060606,82.20022463636361
155,STATE - RAJASTHAN,Manufacture of other rubber products,1574,1505,69,777,752,25,797,753,44,128,116,12,77,65,12,51,51,0,1702,21.81159420289855,22.65423406060606,82.20022463636361
156,STATE - RAJASTHAN,Manufacture of plastics products,5424,4887,537,1960,1823,137,3464,3064,400,389,279,110,197,167,30,192,112,80,5813,9.100558659217876,22.65423406060606,82.20022463636361
157,STATE - RAJASTHAN,Manufacture of plastics products,5424,4887,537,1960,1823,137,3464,3064,400,389,279,110,197,167,30,192,112,80,5813,9.100558659217876,22.65423406060606,82.20022463636361
158,STATE - RAJASTHAN,Manufacture of glass and glass products,11239,8087,3152,2895,1925,970,8344,6162,2182,1839,743,1096,758,337,421,1081,406,675,13078,2.5656725888324874,22.65423406060606,82.20022463636361
159,STATE - RAJASTHAN,Manufacture of glass and glass products,11239,8087,3152,2895,1925,970,8344,6162,2182,1839,743,1096,758,337,421,1081,406,675,13078,2.5656725888324874,22.65423406060606,82.20022463636361
160,STATE - RAJASTHAN,Manufacture of refractory products,10305,7881,2424,7750,5805,1945,2555,2076,479,3868,2252,1616,3416,1961,1455,452,291,161,14173,3.251237623762376,22.65423406060606,82.20022463636361
161,STATE - RAJASTHAN,Manufacture of other porcelain and ceramic products,39803,28635,11168,29893,21139,8754,9910,7496,2414,18841,9114,9727,16244,7776,8468,2597,1338,1259,58644,2.564022206303725,22.65423406060606,82.20022463636361
162,STATE - RAJASTHAN,"Manufacture of cement, lime and plaster",35106,33458,1648,19912,18730,1182,15194,14728,466,2409,1914,495,1683,1265,418,726,649,77,37515,20.30218446601942,22.65423406060606,82.20022463636361
163,STATE - RAJASTHAN,"Manufacture of articles of concrete, cement and plaster",6700,5805,895,4197,3584,613,2503,2221,282,1002,697,305,755,531,224,247,166,81,7702,6.4860335195530725,22.65423406060606,82.20022463636361
164,STATE - RAJASTHAN,"Cutting, shaping and finishing of stone",79099,74941,4158,46029,43532,2497,33070,31409,1661,9632,8394,1238,7377,6513,864,2255,1881,374,88731,18.023328523328523,22.65423406060606,82.20022463636361
165,STATE - RAJASTHAN,Manufacture of other non-metallic mineral products n.e.c.,8509,8154,355,4683,4487,196,3826,3667,159,1193,992,201,902,761,141,291,231,60,9702,22.96901408450704,22.65423406060606,82.20022463636361
166,STATE - RAJASTHAN,Manufacture of basic metals,42829,41023,1806,18367,17511,856,24462,23512,950,3666,2944,722,2627,2104,523,1039,840,199,46495,22.71483942414175,22.65423406060606,82.20022463636361
167,STATE - RAJASTHAN,Manufacture of basic iron and steel,22516,21722,794,8761,8377,384,13755,13345,410,1972,1717,255,1407,1213,194,565,504,61,24488,27.35768261964736,22.65423406060606,82.20022463636361
168,STATE - RAJASTHAN,Manufacture of basic iron and steel,22516,21722,794,8761,8377,384,13755,13345,410,1972,1717,255,1407,1213,194,565,504,61,24488,27.35768261964736,22.65423406060606,82.20022463636361
169,STATE - RAJASTHAN,Manufacture of basic precious and other non-ferrous metals,8654,8349,305,4617,4471,146,4037,3878,159,333,301,32,230,208,22,103,93,10,8987,27.37377049180328,22.65423406060606,82.20022463636361
170,STATE - RAJASTHAN,Manufacture of basic precious and other non-ferrous metals,8654,8349,305,4617,4471,146,4037,3878,159,333,301,32,230,208,22,103,93,10,8987,27.37377049180328,22.65423406060606,82.20022463636361
171,STATE - RAJASTHAN,Casting of metals,11659,10952,707,4989,4663,326,6670,6289,381,1361,926,435,990,683,307,371,243,128,13020,15.49080622347949,22.65423406060606,82.20022463636361
172,STATE - RAJASTHAN,Casting of iron and steel,10785,10122,663,4619,4318,301,6166,5804,362,1233,858,375,885,627,258,348,231,117,12018,15.266968325791856,22.65423406060606,82.20022463636361
173,STATE - RAJASTHAN,Casting of non-ferrous metals,874,830,44,370,345,25,504,485,19,128,68,60,105,56,49,23,12,11,1002,18.863636363636363,22.65423406060606,82.20022463636361
174,STATE - RAJASTHAN,"Manufacture of fabricated metal products, except machinery and equipment",98290,87834,10456,46703,40371,6332,51587,47463,4124,14317,9071,5246,10515,6220,4295,3802,2851,951,112607,8.40034429992349,22.65423406060606,82.20022463636361
175,STATE - RAJASTHAN,"Manufacture of structural metal products, tanks, reservoirs and steam",8729,8550,179,3768,3679,89,4961,4871,90,829,764,65,534,485,49,295,279,16,9558,47.76536312849162,22.65423406060606,82.20022463636361
176,STATE - RAJASTHAN,Manufacture of structural metal products,8133,7956,177,3573,3484,89,4560,4472,88,802,743,59,522,479,43,280,264,16,8935,44.94915254237288,22.65423406060606,82.20022463636361
177,STATE - RAJASTHAN,"Manufacture of steam generators, except central heating hot water",108,106,2,7,7,0,101,99,2,6,6,0,6,6,0,0,0,0,114,53,22.65423406060606,82.20022463636361
178,STATE - RAJASTHAN,Manufacture of weapons and ammunition,190,157,33,78,59,19,112,98,14,21,21,0,18,18,0,3,3,0,211,4.757575757575758,22.65423406060606,82.20022463636361
179,STATE - RAJASTHAN,Manufacture of weapons and ammunition,190,157,33,78,59,19,112,98,14,21,21,0,18,18,0,3,3,0,211,4.757575757575758,22.65423406060606,82.20022463636361
180,STATE - RAJASTHAN,Manufacture of other fabricated metal products; metalworking service,89371,79127,10244,42857,36633,6224,46514,42494,4020,13467,8286,5181,9963,5717,4246,3504,2569,935,102838,7.72422881686841,22.65423406060606,82.20022463636361
181,STATE - RAJASTHAN,"Forging, pressing, stamping and roll-forming of metal; powder",258,217,41,167,126,41,91,91,0,84,48,36,72,42,30,12,6,6,342,5.2926829268292686,22.65423406060606,82.20022463636361
182,STATE - RAJASTHAN,Machining; treatment and coating of metals,32,26,6,17,11,6,15,15,0,7,7,0,1,1,0,6,6,0,39,4.333333333333333,22.65423406060606,82.20022463636361
183,STATE - RAJASTHAN,"Manufacture of cutlery, hand tools and general hardware",64453,55165,9288,32516,26789,5727,31937,28376,3561,11327,6528,4799,8627,4667,3960,2700,1861,839,75780,5.939384151593454,22.65423406060606,82.20022463636361
184,STATE - RAJASTHAN,Manufacture of other fabricated metal products n.e.c.,24628,23719,909,10157,9707,450,14471,14012,459,2049,1703,346,1263,1007,256,786,696,90,26677,26.093509350935093,22.65423406060606,82.20022463636361
185,STATE - RAJASTHAN,"Manufacture of computer, electronic and optical products",5307,5040,267,1616,1585,31,3691,3455,236,288,237,51,150,124,26,138,113,25,5595,18.876404494382022,22.65423406060606,82.20022463636361
186,STATE - RAJASTHAN,Manufacture of electronic components,1519,1481,38,468,464,4,1051,1017,34,44,39,5,29,27,2,15,12,3,1563,38.97368421052632,22.65423406060606,82.20022463636361
187,STATE - RAJASTHAN,Manufacture of electronic components,1519,1481,38,468,464,4,1051,1017,34,44,39,5,29,27,2,15,12,3,1563,38.97368421052632,22.65423406060606,82.20022463636361
188,STATE - RAJASTHAN,Manufacture of computers and peripheral equipment,711,665,46,164,164,0,547,501,46,28,25,3,4,4,0,24,21,3,739,14.456521739130435,22.65423406060606,82.20022463636361
189,STATE - RAJASTHAN,Manufacture of computers and peripheral equipment,711,665,46,164,164,0,547,501,46,28,25,3,4,4,0,24,21,3,739,14.456521739130435,22.65423406060606,82.20022463636361
190,STATE - RAJASTHAN,Manufacture of communication equipment,793,772,21,323,323,0,470,449,21,58,58,0,49,49,0,9,9,0,851,36.76190476190476,22.65423406060606,82.20022463636361
191,STATE - RAJASTHAN,Manufacture of communication equipment,793,772,21,323,323,0,470,449,21,58,58,0,49,49,0,9,9,0,851,36.76190476190476,22.65423406060606,82.20022463636361
192,STATE - RAJASTHAN,Manufacture of consumer electronics,577,549,28,219,205,14,358,344,14,53,38,15,10,10,0,43,28,15,630,19.607142857142858,22.65423406060606,82.20022463636361
193,STATE - RAJASTHAN,Manufacture of consumer electronics,577,549,28,219,205,14,358,344,14,53,38,15,10,10,0,43,28,15,630,19.607142857142858,22.65423406060606,82.20022463636361
194,STATE - RAJASTHAN,"Manufacture of measuring, testing, navigating and control equipment;",1501,1391,110,422,409,13,1079,982,97,88,60,28,52,28,24,36,32,4,1589,12.645454545454545,22.65423406060606,82.20022463636361
195,STATE - RAJASTHAN,"Manufacture of measuring, testing, navigating and control equipment",1050,974,76,307,297,10,743,677,66,54,48,6,32,26,6,22,22,0,1104,12.81578947368421,22.65423406060606,82.20022463636361
196,STATE - RAJASTHAN,Manufacture of watches and clocks,451,417,34,115,112,3,336,305,31,34,12,22,20,2,18,14,10,4,485,12.264705882352942,22.65423406060606,82.20022463636361
197,STATE - RAJASTHAN,"Manufacture of irradiation, electromedical and electrotherapeutic",3,3,0,0,0,0,3,3,0,0,0,0,0,0,0,0,0,0,3,3,22.65423406060606,82.20022463636361
198,STATE - RAJASTHAN,"Manufacture of irradiation, electromedical and electrotherapeutic",3,3,0,0,0,0,3,3,0,0,0,0,0,0,0,0,0,0,3,3,22.65423406060606,82.20022463636361
199,STATE - RAJASTHAN,Manufacture of optical instruments and equipment,141,123,18,14,14,0,127,109,18,12,12,0,6,6,0,6,6,0,153,6.833333333333333,22.65423406060606,82.20022463636361
200,STATE - RAJASTHAN,Manufacture of optical instruments and equipment,141,123,18,14,14,0,127,109,18,12,12,0,6,6,0,6,6,0,153,6.833333333333333,22.65423406060606,82.20022463636361
201,STATE - RAJASTHAN,Manufacture of magnetic and optical media,62,56,6,6,6,0,56,50,6,5,5,0,0,0,0,5,5,0,67,9.333333333333334,22.65423406060606,82.20022463636361
202,STATE - RAJASTHAN,Manufacture of magnetic and optical media,62,56,6,6,6,0,56,50,6,5,5,0,0,0,0,5,5,0,67,9.333333333333334,22.65423406060606,82.20022463636361
203,STATE - RAJASTHAN,Manufacture of electrical equipment,21645,21132,513,8170,8009,161,13475,13123,352,1515,1421,94,767,715,52,748,706,42,23160,41.19298245614035,22.65423406060606,82.20022463636361
204,STATE - RAJASTHAN,"Manufacture of electric motors, generators, transformers and electricity",16264,16014,250,6285,6221,64,9979,9793,186,1172,1138,34,575,555,20,597,583,14,17436,64.056,22.65423406060606,82.20022463636361
205,STATE - RAJASTHAN,"Manufacture of electric motors, generators, transformers and electricity",16264,16014,250,6285,6221,64,9979,9793,186,1172,1138,34,575,555,20,597,583,14,17436,64.056,22.65423406060606,82.20022463636361
206,STATE - RAJASTHAN,Manufacture of batteries and accumulators,904,887,17,351,343,8,553,544,9,54,54,0,27,27,0,27,27,0,958,52.1764705882353,22.65423406060606,82.20022463636361
207,STATE - RAJASTHAN,Manufacture of batteries and accumulators,904,887,17,351,343,8,553,544,9,54,54,0,27,27,0,27,27,0,958,52.1764705882353,22.65423406060606,82.20022463636361
208,STATE - RAJASTHAN,Manufacture of wiring and wiring devices,2453,2366,87,684,669,15,1769,1697,72,94,85,9,37,37,0,57,48,9,2547,27.19540229885057,22.65423406060606,82.20022463636361
209,STATE - RAJASTHAN,Manufacture of fibre optic cables for data transmission or live,29,29,0,8,8,0,21,21,0,0,0,0,0,0,0,0,0,0,29,29,22.65423406060606,82.20022463636361
210,STATE - RAJASTHAN,Manufacture of other electronic and electric wires and cables,2204,2123,81,616,601,15,1588,1522,66,50,47,3,18,18,0,32,29,3,2254,26.20987654320988,22.65423406060606,82.20022463636361
211,STATE - RAJASTHAN,Manufacture of wiring devices,220,214,6,60,60,0,160,154,6,44,38,6,19,19,0,25,19,6,264,35.666666666666664,22.65423406060606,82.20022463636361
212,STATE - RAJASTHAN,Manufacture of electric lighting equipment,847,827,20,327,325,2,520,502,18,82,72,10,50,44,6,32,28,4,929,41.35,22.65423406060606,82.20022463636361
213,STATE - RAJASTHAN,Manufacture of electric lighting equipment,847,827,20,327,325,2,520,502,18,82,72,10,50,44,6,32,28,4,929,41.35,22.65423406060606,82.20022463636361
214,STATE - RAJASTHAN,Manufacture of domestic appliances,873,742,131,389,317,72,484,425,59,70,32,38,44,18,26,26,14,12,943,5.66412213740458,22.65423406060606,82.20022463636361
215,STATE - RAJASTHAN,Manufacture of domestic appliances,873,742,131,389,317,72,484,425,59,70,32,38,44,18,26,26,14,12,943,5.66412213740458,22.65423406060606,82.20022463636361
216,STATE - RAJASTHAN,Manufacture of other electrical equipment,304,296,8,134,134,0,170,162,8,43,40,3,34,34,0,9,6,3,347,37,22.65423406060606,82.20022463636361
217,STATE - RAJASTHAN,Manufacture of other electrical equipment,304,296,8,134,134,0,170,162,8,43,40,3,34,34,0,9,6,3,347,37,22.65423406060606,82.20022463636361
218,STATE - RAJASTHAN,Manufacture of machinery and equipment n.e.c.,17730,16662,1068,5671,5313,358,12059,11349,710,1610,962,648,902,566,336,708,396,312,19340,15.601123595505618,22.65423406060606,82.20022463636361
219,STATE - RAJASTHAN,Manufacture of general purpose machinery,6963,6725,238,1779,1705,74,5184,5020,164,295,227,68,151,114,37,144,113,31,7258,28.256302521008404,22.65423406060606,82.20022463636361
220,STATE - RAJASTHAN,Manufacture of fluid power equipment,8,8,0,8,8,0,0,0,0,6,6,0,6,6,0,0,0,0,14,8,22.65423406060606,82.20022463636361
221,STATE - RAJASTHAN,"Manufacture of other pumps, compressors, taps and valves",619,596,23,269,259,10,350,337,13,16,16,0,13,13,0,3,3,0,635,25.91304347826087,22.65423406060606,82.20022463636361
222,STATE - RAJASTHAN,"Manufacture of bearings, gears, gearing and driving elements",4596,4483,113,789,785,4,3807,3698,109,158,134,24,65,58,7,93,76,17,4754,39.67256637168141,22.65423406060606,82.20022463636361
223,STATE - RAJASTHAN,"Manufacture of ovens, furnaces and furnace burners",42,42,0,36,36,0,6,6,0,9,3,6,9,3,6,0,0,0,51,42,22.65423406060606,82.20022463636361
224,STATE - RAJASTHAN,Manufacture of office machinery and equipment,90,88,2,26,26,0,64,62,2,0,0,0,0,0,0,0,0,0,90,44,22.65423406060606,82.20022463636361
225,STATE - RAJASTHAN,Manufacture of power-driven hand tools,50,44,6,21,15,6,29,29,0,8,8,0,2,2,0,6,6,0,58,7.333333333333333,22.65423406060606,82.20022463636361
226,STATE - RAJASTHAN,Manufacture of other general-purpose machinery,1258,1164,94,486,432,54,772,732,40,81,49,32,45,27,18,36,22,14,1339,12.382978723404255,22.65423406060606,82.20022463636361
227,STATE - RAJASTHAN,Manufacture of special-purpose machinery,10767,9937,830,3892,3608,284,6875,6329,546,1315,735,580,751,452,299,564,283,281,12082,11.972289156626506,22.65423406060606,82.20022463636361
228,STATE - RAJASTHAN,Manufacture of agricultural and forestry machinery,1541,1453,88,823,759,64,718,694,24,239,169,70,209,142,67,30,27,3,1780,16.511363636363637,22.65423406060606,82.20022463636361
229,STATE - RAJASTHAN,Manufacture of metal-forming machinery and machine tools,2684,2612,72,730,718,12,1954,1894,60,124,116,8,54,48,6,70,68,2,2808,36.27777777777778,22.65423406060606,82.20022463636361
230,STATE - RAJASTHAN,"Manufacture of machinery for mining, quarrying and construction",989,948,41,455,445,10,534,503,31,153,144,9,116,114,2,37,30,7,1142,23.121951219512194,22.65423406060606,82.20022463636361
231,STATE - RAJASTHAN,"Manufacture of machinery for food, beverage and tobacco processing",1002,882,120,534,491,43,468,391,77,159,54,105,97,30,67,62,24,38,1161,7.35,22.65423406060606,82.20022463636361
232,STATE - RAJASTHAN,"Manufacture of machinery for textile, apparel and leather production",3807,3324,483,1235,1083,152,2572,2241,331,584,204,380,273,118,155,311,86,225,4391,6.881987577639752,22.65423406060606,82.20022463636361
233,STATE - RAJASTHAN,Manufacture of other special-purpose machinery,632,606,26,92,89,3,540,517,23,56,48,8,2,0,2,54,48,6,688,23.307692307692307,22.65423406060606,82.20022463636361
234,STATE - RAJASTHAN,"Manufacture of motor vehicles, trailers and semi-trailers",6655,6575,80,2918,2883,35,3737,3692,45,373,345,28,240,228,12,133,117,16,7028,82.1875,22.65423406060606,82.20022463636361
235,STATE - RAJASTHAN,Manufacture of motor vehicles,733,709,24,368,360,8,365,349,16,51,45,6,51,45,6,0,0,0,784,29.541666666666668,22.65423406060606,82.20022463636361
236,STATE - RAJASTHAN,Manufacture of motor vehicles,733,709,24,368,360,8,365,349,16,51,45,6,51,45,6,0,0,0,784,29.541666666666668,22.65423406060606,82.20022463636361
237,STATE - RAJASTHAN,Manufacture of parts and accessories for motor vehicles,1180,1162,18,227,225,2,953,937,16,42,36,6,22,16,6,20,20,0,1222,64.55555555555556,22.65423406060606,82.20022463636361
238,STATE - RAJASTHAN,Manufacture of parts and accessories for motor vehicles,1180,1162,18,227,225,2,953,937,16,42,36,6,22,16,6,20,20,0,1222,64.55555555555556,22.65423406060606,82.20022463636361
239,STATE - RAJASTHAN,Manufacture of other transport equipment,11008,10790,218,4805,4751,54,6203,6039,164,1498,1370,128,1009,931,78,489,439,50,12506,49.4954128440367,22.65423406060606,82.20022463636361
240,STATE - RAJASTHAN,Building of ships and boats,616,600,16,324,316,8,292,284,8,93,86,7,75,68,7,18,18,0,709,37.5,22.65423406060606,82.20022463636361
241,STATE - RAJASTHAN,Building of ships and floating structures,609,593,16,323,315,8,286,278,8,93,86,7,75,68,7,18,18,0,702,37.0625,22.65423406060606,82.20022463636361
242,STATE - RAJASTHAN,Building of pleasure and sporting boats,7,7,0,1,1,0,6,6,0,0,0,0,0,0,0,0,0,0,7,7,22.65423406060606,82.20022463636361
243,STATE - RAJASTHAN,Manufacture of railway locomotives and rolling stock,2422,2356,66,495,490,5,1927,1866,61,135,101,34,89,59,30,46,42,4,2557,35.696969696969695,22.65423406060606,82.20022463636361
244,STATE - RAJASTHAN,Manufacture of railway locomotives and rolling stock,2422,2356,66,495,490,5,1927,1866,61,135,101,34,89,59,30,46,42,4,2557,35.696969696969695,22.65423406060606,82.20022463636361
245,STATE - RAJASTHAN,Manufacture of air and spacecraft and related machinery,81,66,15,33,30,3,48,36,12,0,0,0,0,0,0,0,0,0,81,4.4,22.65423406060606,82.20022463636361
246,STATE - RAJASTHAN,Manufacture of air and spacecraft and related machinery,81,66,15,33,30,3,48,36,12,0,0,0,0,0,0,0,0,0,81,4.4,22.65423406060606,82.20022463636361
247,STATE - RAJASTHAN,Manufacture of military fighting vehicles,22,22,0,10,10,0,12,12,0,6,0,6,0,0,0,6,0,6,28,22,22.65423406060606,82.20022463636361
248,STATE - RAJASTHAN,Manufacture of weapons and ammunition,22,22,0,10,10,0,12,12,0,6,0,6,0,0,0,6,0,6,28,22,22.65423406060606,82.20022463636361
249,STATE - RAJASTHAN,Manufacture of transport equipment n.e.c.,7867,7746,121,3943,3905,38,3924,3841,83,1264,1183,81,845,804,41,419,379,40,9131,64.01652892561984,22.65423406060606,82.20022463636361
250,STATE - RAJASTHAN,Manufacture of bicycles and invalid carriages,158,150,8,31,29,2,127,121,6,22,18,4,6,6,0,16,12,4,180,18.75,22.65423406060606,82.20022463636361
251,STATE - RAJASTHAN,Manufacture of other transport equipment n.e.c.,6996,6888,108,3722,3686,36,3274,3202,72,1230,1157,73,831,790,41,399,367,32,8226,63.77777777777778,22.65423406060606,82.20022463636361
252,STATE - RAJASTHAN,Manufacture of imitation jewellery and related articles,3445,2499,946,822,584,238,2623,1915,708,604,170,434,185,49,136,419,121,298,4049,2.641649048625793,22.65423406060606,82.20022463636361
253,STATE - RAJASTHAN,Manufacture of musical instruments,245,222,23,60,56,4,185,166,19,124,90,34,52,44,8,72,46,26,369,9.652173913043478,22.65423406060606,82.20022463636361
254,STATE - RAJASTHAN,Manufacture of musical instruments,245,222,23,60,56,4,185,166,19,124,90,34,52,44,8,72,46,26,369,9.652173913043478,22.65423406060606,82.20022463636361
255,STATE - RAJASTHAN,Manufacture of sports goods,64,53,11,13,11,2,51,42,9,2,2,0,2,2,0,0,0,0,66,4.818181818181818,22.65423406060606,82.20022463636361
256,STATE - RAJASTHAN,Manufacture of sports goods,64,53,11,13,11,2,51,42,9,2,2,0,2,2,0,0,0,0,66,4.818181818181818,22.65423406060606,82.20022463636361
257,STATE - RAJASTHAN,Manufacture of games and toys,5280,4735,545,1157,1036,121,4123,3699,424,557,349,208,225,149,76,332,200,132,5837,8.688073394495413,22.65423406060606,82.20022463636361
258,STATE - RAJASTHAN,Manufacture of games and toys,5280,4735,545,1157,1036,121,4123,3699,424,557,349,208,225,149,76,332,200,132,5837,8.688073394495413,22.65423406060606,82.20022463636361
259,STATE - RAJASTHAN,Manufacture of medical and dental instruments and supplies,366,334,32,89,85,4,277,249,28,14,14,0,11,11,0,3,3,0,380,10.4375,22.65423406060606,82.20022463636361
260,STATE - RAJASTHAN,Manufacture of medical and dental instruments and supplies,366,334,32,89,85,4,277,249,28,14,14,0,11,11,0,3,3,0,380,10.4375,22.65423406060606,82.20022463636361
261,STATE - RAJASTHAN,Other manufacturing n.e.c.,99529,91734,7795,40325,37899,2426,59204,53835,5369,11465,8601,2864,7014,5595,1419,4451,3006,1445,110994,11.768313021167415,22.65423406060606,82.20022463636361
262,STATE - RAJASTHAN,Other manufacturing n.e.c.,99529,91734,7795,40325,37899,2426,59204,53835,5369,11465,8601,2864,7014,5595,1419,4451,3006,1445,110994,11.768313021167415,22.65423406060606,82.20022463636361
263,STATE - RAJASTHAN,Repair and installation of machinery and equipment,46433,45864,569,19573,19368,205,26860,26496,364,3996,3866,130,2196,2146,50,1800,1720,80,50429,80.60456942003515,22.65423406060606,82.20022463636361
264,STATE - RAJASTHAN,"Repair of fabricated metal products, machinery and equipment",45452,44921,531,19183,18979,204,26269,25942,327,3913,3789,124,2168,2120,48,1745,1669,76,49365,84.5969868173258,22.65423406060606,82.20022463636361
265,STATE - RAJASTHAN,Repair of fabricated metal products,2518,2444,74,951,922,29,1567,1522,45,221,203,18,103,92,11,118,111,7,2739,33.027027027027025,22.65423406060606,82.20022463636361
266,STATE - RAJASTHAN,Repair of electronic and optical equipment,1414,1388,26,528,528,0,886,860,26,131,117,14,58,58,0,73,59,14,1545,53.38461538461539,22.65423406060606,82.20022463636361
267,STATE - RAJASTHAN,Repair of electrical equipment,22432,22193,239,9005,8922,83,13427,13271,156,2077,2032,45,1107,1087,20,970,945,25,24509,92.85774058577404,22.65423406060606,82.20022463636361
268,STATE - RAJASTHAN,"Repair of transport equipment, except motor vehicles",7906,7823,83,3122,3097,25,4784,4726,58,604,600,4,364,362,2,240,238,2,8510,94.25301204819276,22.65423406060606,82.20022463636361
269,STATE - RAJASTHAN,Repair of other equipment,2931,2875,56,1162,1125,37,1769,1750,19,220,204,16,92,84,8,128,120,8,3151,51.33928571428572,22.65423406060606,82.20022463636361
270,STATE - RAJASTHAN,Installation of industrial machinery and equipment,981,943,38,390,389,1,591,554,37,83,77,6,28,26,2,55,51,4,1064,24.81578947368421,22.65423406060606,82.20022463636361
271,STATE - RAJASTHAN,Installation of industrial machinery and equipment,981,943,38,390,389,1,591,554,37,83,77,6,28,26,2,55,51,4,1064,24.81578947368421,22.65423406060606,82.20022463636361
272,STATE - RAJASTHAN,"Electricity, gas, steam and air conditioning supply",66484,63801,2683,27790,26996,794,38694,36805,1889,3088,2916,172,1730,1651,79,1358,1265,93,69572,23.77972418934029,22.65423406060606,82.20022463636361
273,STATE - RAJASTHAN,"Electric power generation, transmission and distribution",60086,57603,2483,25211,24461,750,34875,33142,1733,2572,2417,155,1400,1332,68,1172,1085,87,62658,23.198952879581157,22.65423406060606,82.20022463636361
274,STATE - RAJASTHAN,"Electric power generation, transmission and distribution",60086,57603,2483,25211,24461,750,34875,33142,1733,2572,2417,155,1400,1332,68,1172,1085,87,62658,23.198952879581157,22.65423406060606,82.20022463636361
275,STATE - RAJASTHAN,Manufacture of gas; distribution of gaseous fuels through mains,5730,5571,159,2320,2286,34,3410,3285,125,482,466,16,303,293,10,179,173,6,6212,35.0377358490566,22.65423406060606,82.20022463636361
276,STATE - RAJASTHAN,Manufacture of gas; distribution of gaseous fuels through mains,5730,5571,159,2320,2286,34,3410,3285,125,482,466,16,303,293,10,179,173,6,6212,35.0377358490566,22.65423406060606,82.20022463636361
277,STATE - RAJASTHAN,Steam and air conditioning supply,668,627,41,259,249,10,409,378,31,34,33,1,27,26,1,7,7,0,702,15.292682926829269,22.65423406060606,82.20022463636361
278,STATE - RAJASTHAN,Steam and air conditioning supply,668,627,41,259,249,10,409,378,31,34,33,1,27,26,1,7,7,0,702,15.292682926829269,22.65423406060606,82.20022463636361
279,STATE - RAJASTHAN,"Water collection, treatment and supply",33664,32297,1367,17385,16889,496,16279,15408,871,890,727,163,505,408,97,385,319,66,34554,23.62618873445501,22.65423406060606,82.20022463636361
280,STATE - RAJASTHAN,"Water collection, treatment and supply",33664,32297,1367,17385,16889,496,16279,15408,871,890,727,163,505,408,97,385,319,66,34554,23.62618873445501,22.65423406060606,82.20022463636361
281,STATE - RAJASTHAN,"Water collection, treatment and supply",33664,32297,1367,17385,16889,496,16279,15408,871,890,727,163,505,408,97,385,319,66,34554,23.62618873445501,22.65423406060606,82.20022463636361
282,STATE - RAJASTHAN,Sewerage,2920,1682,1238,1113,556,557,1807,1126,681,707,324,383,400,130,270,307,194,113,3627,1.358642972536349,22.65423406060606,82.20022463636361
283,STATE - RAJASTHAN,Sewerage,2920,1682,1238,1113,556,557,1807,1126,681,707,324,383,400,130,270,307,194,113,3627,1.358642972536349,22.65423406060606,82.20022463636361
284,STATE - RAJASTHAN,Sewerage,2920,1682,1238,1113,556,557,1807,1126,681,707,324,383,400,130,270,307,194,113,3627,1.358642972536349,22.65423406060606,82.20022463636361
285,STATE - RAJASTHAN,"Waste collection, treatment and disposal activities; materials recovery",10919,7520,3399,5561,3794,1767,5358,3726,1632,3076,1370,1706,2182,962,1220,894,408,486,13995,2.212415416298912,22.65423406060606,82.20022463636361
286,STATE - RAJASTHAN,Waste collection,6472,4522,1950,3107,2192,915,3365,2330,1035,1807,789,1018,1198,504,694,609,285,324,8279,2.318974358974359,22.65423406060606,82.20022463636361
287,STATE - RAJASTHAN,Collection of non-hazardous waste,1920,1169,751,880,524,356,1040,645,395,747,381,366,531,244,287,216,137,79,2667,1.5565912117177096,22.65423406060606,82.20022463636361
288,STATE - RAJASTHAN,Collection of hazardous waste,4552,3353,1199,2227,1668,559,2325,1685,640,1060,408,652,667,260,407,393,148,245,5612,2.7964970809007506,22.65423406060606,82.20022463636361
289,STATE - RAJASTHAN,Waste treatment and disposal,4441,2993,1448,2453,1602,851,1988,1391,597,1267,579,688,982,456,526,285,123,162,5708,2.0669889502762437,22.65423406060606,82.20022463636361
290,STATE - RAJASTHAN,Treatment and disposal of non-hazardous waste,2132,1246,886,754,350,404,1378,896,482,516,195,321,295,89,206,221,106,115,2648,1.4063205417607223,22.65423406060606,82.20022463636361
291,STATE - RAJASTHAN,Treatment and disposal of hazardous waste,2309,1747,562,1699,1252,447,610,495,115,751,384,367,687,367,320,64,17,47,3060,3.108540925266904,22.65423406060606,82.20022463636361
292,STATE - RAJASTHAN,Materials recovery,6,5,1,1,0,1,5,5,0,2,2,0,2,2,0,0,0,0,8,5,22.65423406060606,82.20022463636361
293,STATE - RAJASTHAN,Materials recovery,6,5,1,1,0,1,5,5,0,2,2,0,2,2,0,0,0,0,8,5,22.65423406060606,82.20022463636361
294,STATE - RAJASTHAN,Remediation activities and other waste management services,2426,1610,816,1027,619,408,1399,991,408,774,288,486,499,142,357,275,146,129,3200,1.9730392156862744,22.65423406060606,82.20022463636361
295,STATE - RAJASTHAN,Remediation activities and other waste management services,2426,1610,816,1027,619,408,1399,991,408,774,288,486,499,142,357,275,146,129,3200,1.9730392156862744,22.65423406060606,82.20022463636361
296,STATE - RAJASTHAN,Remediation activities and other waste management services,2426,1610,816,1027,619,408,1399,991,408,774,288,486,499,142,357,275,146,129,3200,1.9730392156862744,22.65423406060606,82.20022463636361
297,STATE - RAJASTHAN,Construction of utility projects,8463,8051,412,6445,6086,359,2018,1965,53,6100,2879,3221,5840,2657,3183,260,222,38,14563,19.54126213592233,22.65423406060606,82.20022463636361
298,STATE - RAJASTHAN,Construction of utility projects,8463,8051,412,6445,6086,359,2018,1965,53,6100,2879,3221,5840,2657,3183,260,222,38,14563,19.54126213592233,22.65423406060606,82.20022463636361
299,STATE - RAJASTHAN,Demolition and site preparation,5954,5291,663,4680,4162,518,1274,1129,145,6660,2054,4606,6386,1944,4442,274,110,164,12614,7.980392156862745,22.65423406060606,82.20022463636361
300,STATE - RAJASTHAN,Demolition,1058,1045,13,940,932,8,118,113,5,269,222,47,245,204,41,24,18,6,1327,80.38461538461539,22.65423406060606,82.20022463636361
301,STATE - RAJASTHAN,Site preparation,4896,4246,650,3740,3230,510,1156,1016,140,6391,1832,4559,6141,1740,4401,250,92,158,11287,6.532307692307692,22.65423406060606,82.20022463636361
302,STATE - RAJASTHAN,"Electrical, plumbing and other construction installation activities",35904,35450,454,13339,13201,138,22565,22249,316,5340,5208,132,2764,2669,95,2576,2539,37,41244,78.08370044052863,22.65423406060606,82.20022463636361
303,STATE - RAJASTHAN,Electrical installation,24033,23766,267,9155,9062,93,14878,14704,174,3636,3577,59,1859,1821,38,1777,1756,21,27669,89.01123595505618,22.65423406060606,82.20022463636361
304,STATE - RAJASTHAN,"Plumbing, heat and air-conditioning installation",11638,11464,174,4070,4035,35,7568,7429,139,1568,1538,30,773,757,16,795,781,14,13206,65.88505747126437,22.65423406060606,82.20022463636361
305,STATE - RAJASTHAN,Other construction installation,233,220,13,114,104,10,119,116,3,136,93,43,132,91,41,4,2,2,369,16.923076923076923,22.65423406060606,82.20022463636361
306,STATE - RAJASTHAN,Other specialized construction activities,1414,1374,40,901,883,18,513,491,22,428,264,164,344,184,160,84,80,4,1842,34.35,22.65423406060606,82.20022463636361
307,STATE - RAJASTHAN,Other specialized construction activities,1414,1374,40,901,883,18,513,491,22,428,264,164,344,184,160,84,80,4,1842,34.35,22.65423406060606,82.20022463636361
308,STATE - RAJASTHAN,Sale of motor vehicles,6216,5923,293,1470,1447,23,4746,4476,270,244,224,20,72,69,3,172,155,17,6460,20.215017064846418,22.65423406060606,82.20022463636361
309,STATE - RAJASTHAN,Sale of motor vehicles,6216,5923,293,1470,1447,23,4746,4476,270,244,224,20,72,69,3,172,155,17,6460,20.215017064846418,22.65423406060606,82.20022463636361
310,STATE - RAJASTHAN,Maintenance and repair of motor vehicles,55932,55238,694,16938,16811,127,38994,38427,567,3874,3804,70,1623,1598,25,2251,2206,45,59806,79.59365994236312,22.65423406060606,82.20022463636361
311,STATE - RAJASTHAN,Maintenance and repair of motor vehicles,55932,55238,694,16938,16811,127,38994,38427,567,3874,3804,70,1623,1598,25,2251,2206,45,59806,79.59365994236312,22.65423406060606,82.20022463636361
312,STATE - RAJASTHAN,Sale of motor vehicle parts and accessories,19479,19192,287,4941,4903,38,14538,14289,249,695,676,19,280,279,1,415,397,18,20174,66.87108013937282,22.65423406060606,82.20022463636361
313,STATE - RAJASTHAN,Sale of motor vehicle parts and accessories,19479,19192,287,4941,4903,38,14538,14289,249,695,676,19,280,279,1,415,397,18,20174,66.87108013937282,22.65423406060606,82.20022463636361
314,STATE - RAJASTHAN,"Sale, maintenance and repair of motorcycles and related parts and",26496,26177,319,9763,9669,94,16733,16508,225,2032,1996,36,1033,1018,15,999,978,21,28528,82.05956112852665,22.65423406060606,82.20022463636361
315,STATE - RAJASTHAN,"Sale, maintenance and repair of motorcycles and related parts and",26496,26177,319,9763,9669,94,16733,16508,225,2032,1996,36,1033,1018,15,999,978,21,28528,82.05956112852665,22.65423406060606,82.20022463636361
316,STATE - RAJASTHAN,Wholesale on a fee or contract basis,13648,13065,583,2455,2363,92,11193,10702,491,706,549,157,308,197,111,398,352,46,14354,22.40994854202401,22.65423406060606,82.20022463636361
317,STATE - RAJASTHAN,Wholesale on a fee or contract basis,13648,13065,583,2455,2363,92,11193,10702,491,706,549,157,308,197,111,398,352,46,14354,22.40994854202401,22.65423406060606,82.20022463636361
318,STATE - RAJASTHAN,Wholesale of agricultural raw materials and live animals,62618,60234,2384,23650,22671,979,38968,37563,1405,7158,6078,1080,4130,3400,730,3028,2678,350,69776,25.26593959731544,22.65423406060606,82.20022463636361
319,STATE - RAJASTHAN,Wholesale of agricultural raw materials and live animals,62618,60234,2384,23650,22671,979,38968,37563,1405,7158,6078,1080,4130,3400,730,3028,2678,350,69776,25.26593959731544,22.65423406060606,82.20022463636361
320,STATE - RAJASTHAN,"Wholesale of food, beverages and tobacco",33323,30391,2932,12596,10945,1651,20727,19446,1281,4027,2241,1786,2685,1184,1501,1342,1057,285,37350,10.365279672578446,22.65423406060606,82.20022463636361
321,STATE - RAJASTHAN,"Wholesale of food, beverages and tobacco",33323,30391,2932,12596,10945,1651,20727,19446,1281,4027,2241,1786,2685,1184,1501,1342,1057,285,37350,10.365279672578446,22.65423406060606,82.20022463636361
322,STATE - RAJASTHAN,Wholesale of household goods,24426,23427,999,5662,5551,111,18764,17876,888,1309,1178,131,624,596,28,685,582,103,25735,23.45045045045045,22.65423406060606,82.20022463636361
323,STATE - RAJASTHAN,"Wholesale of textiles, clothing and footwear",10162,9610,552,2602,2568,34,7560,7042,518,566,495,71,265,251,14,301,244,57,10728,17.409420289855074,22.65423406060606,82.20022463636361
324,STATE - RAJASTHAN,Wholesale of other household goods,14264,13817,447,3060,2983,77,11204,10834,370,743,683,60,359,345,14,384,338,46,15007,30.910514541387023,22.65423406060606,82.20022463636361
325,STATE - RAJASTHAN,"Wholesale of machinery, equipment and supplies",9661,9369,292,3067,3002,65,6594,6367,227,655,597,58,345,313,32,310,284,26,10316,32.08561643835616,22.65423406060606,82.20022463636361
326,STATE - RAJASTHAN,"Wholesale of computers, computer peripheral equipment and software",541,483,58,71,71,0,470,412,58,20,14,6,0,0,0,20,14,6,561,8.327586206896552,22.65423406060606,82.20022463636361
327,STATE - RAJASTHAN,Wholesale of electronic and telecommunications equipment and parts,4587,4477,110,1541,1510,31,3046,2967,79,371,351,20,211,199,12,160,152,8,4958,40.7,22.65423406060606,82.20022463636361
328,STATE - RAJASTHAN,"Wholesale of agricultural machinery, equipment and supplies",1451,1411,40,555,544,11,896,867,29,64,51,13,32,25,7,32,26,6,1515,35.275,22.65423406060606,82.20022463636361
329,STATE - RAJASTHAN,Wholesale of other machinery and equipment,3082,2998,84,900,877,23,2182,2121,61,200,181,19,102,89,13,98,92,6,3282,35.69047619047619,22.65423406060606,82.20022463636361
330,STATE - RAJASTHAN,Other specialized wholesale,79788,74637,5151,23117,22076,1041,56671,52561,4110,8947,6586,2361,4154,3262,892,4793,3324,1469,88735,14.489807804309844,22.65423406060606,82.20022463636361
331,STATE - RAJASTHAN,"Wholesale of solid, liquid and gaseous fuels and related products",433,426,7,105,103,2,328,323,5,27,25,2,19,19,0,8,6,2,460,60.85714285714285,22.65423406060606,82.20022463636361
332,STATE - RAJASTHAN,Wholesale of metals and metal ores,763,745,18,282,275,7,481,470,11,39,39,0,20,20,0,19,19,0,802,41.388888888888886,22.65423406060606,82.20022463636361
333,STATE - RAJASTHAN,"Wholesale of construction materials, hardware, plumbing and heating",31942,31143,799,9882,9666,216,22060,21477,583,1566,1413,153,904,827,77,662,586,76,33508,38.97747183979975,22.65423406060606,82.20022463636361
334,STATE - RAJASTHAN,Wholesale of waste and scrap and other products n.e.c.,46650,42323,4327,12848,12032,816,33802,30291,3511,7315,5109,2206,3211,2396,815,4104,2713,1391,53965,9.78114166859256,22.65423406060606,82.20022463636361
335,STATE - RAJASTHAN,Non-specialized wholesale trade,9855,9455,400,2496,2413,83,7359,7042,317,744,615,129,332,265,67,412,350,62,10599,23.6375,22.65423406060606,82.20022463636361
336,STATE - RAJASTHAN,Non-specialized wholesale trade,9855,9455,400,2496,2413,83,7359,7042,317,744,615,129,332,265,67,412,350,62,10599,23.6375,22.65423406060606,82.20022463636361
337,STATE - RAJASTHAN,Retail sale in non-specialized stores,39200,37364,1836,19037,18013,1024,20163,19351,812,3155,2457,698,1969,1446,523,1186,1011,175,42355,20.350762527233115,22.65423406060606,82.20022463636361
338,STATE - RAJASTHAN,"Retail sale in non-specialized stores with food, beverages or tobacco",9967,9480,487,4538,4280,258,5429,5200,229,917,668,249,503,330,173,414,338,76,10884,19.46611909650924,22.65423406060606,82.20022463636361
339,STATE - RAJASTHAN,Other retail sale in non-specialized stores,29233,27884,1349,14499,13733,766,14734,14151,583,2238,1789,449,1466,1116,350,772,673,99,31471,20.670126019273532,22.65423406060606,82.20022463636361
340,STATE - RAJASTHAN,Retail sale of beverages in specialized stores,9307,8983,324,4670,4521,149,4637,4462,175,1346,1194,152,1013,870,143,333,324,9,10653,27.72530864197531,22.65423406060606,82.20022463636361
341,STATE - RAJASTHAN,Retail sale of tobacco products in specialized stores,7507,7393,114,1643,1621,22,5864,5772,92,426,378,48,171,146,25,255,232,23,7933,64.85087719298245,22.65423406060606,82.20022463636361
342,STATE - RAJASTHAN,Retail sale of automotive fuel in specialized stores,14484,14193,291,7120,7056,64,7364,7137,227,787,769,18,594,587,7,193,182,11,15271,48.77319587628866,22.65423406060606,82.20022463636361
343,STATE - RAJASTHAN,Retail sale of automotive fuel in specialized stores,14484,14193,291,7120,7056,64,7364,7137,227,787,769,18,594,587,7,193,182,11,15271,48.77319587628866,22.65423406060606,82.20022463636361
344,STATE - RAJASTHAN,Retail sale of information and communications equipment in specialized,26216,25716,500,9103,9012,91,17113,16704,409,1772,1678,94,917,861,56,855,817,38,27988,51.432,22.65423406060606,82.20022463636361
345,STATE - RAJASTHAN,"Retail sale of computers, peripheral units, software and",23807,23340,467,8399,8310,89,15408,15030,378,1623,1543,80,860,816,44,763,727,36,25430,49.978586723768736,22.65423406060606,82.20022463636361
346,STATE - RAJASTHAN,Retail sale of audio and video equipment in specialized stores,2409,2376,33,704,702,2,1705,1674,31,149,135,14,57,45,12,92,90,2,2558,72,22.65423406060606,82.20022463636361
347,STATE - RAJASTHAN,Retail sale of textiles in specialized stores,14684,14238,446,5659,5490,169,9025,8748,277,845,737,108,472,419,53,373,318,55,15529,31.923766816143495,22.65423406060606,82.20022463636361
348,STATE - RAJASTHAN,"Retail sale of hardware, paints and glass in specialized stores",45092,44062,1030,15095,14648,447,29997,29414,583,2804,2178,626,1711,1255,456,1093,923,170,47896,42.77864077669903,22.65423406060606,82.20022463636361
349,STATE - RAJASTHAN,"Retail sale of carpets, rugs, wall and floor coverings in specialized",756,715,41,236,219,17,520,496,24,37,24,13,16,15,1,21,9,12,793,17.4390243902439,22.65423406060606,82.20022463636361
350,STATE - RAJASTHAN,"Retail sale of electrical household appliances, furniture, lighting",49849,48295,1554,17509,16974,535,32340,31321,1019,2874,2439,435,1489,1225,264,1385,1214,171,52723,31.077863577863575,22.65423406060606,82.20022463636361
351,STATE - RAJASTHAN,Retail sale of cultural and recreation goods in specialized stores,24222,23476,746,8332,8043,289,15890,15433,457,2159,1940,219,1239,1082,157,920,858,62,26381,31.469168900804288,22.65423406060606,82.20022463636361
352,STATE - RAJASTHAN,"Retail sale of books, newspapers and stationary in specialized stores",18694,18252,442,6790,6654,136,11904,11598,306,1709,1609,100,1010,933,77,699,676,23,20403,41.294117647058826,22.65423406060606,82.20022463636361
353,STATE - RAJASTHAN,Retail sale of music and video recordings in specialized stores,937,915,22,259,253,6,678,662,16,42,38,4,19,18,1,23,20,3,979,41.59090909090909,22.65423406060606,82.20022463636361
354,STATE - RAJASTHAN,Retail sale of sporting equipment in specialized stores,339,331,8,103,95,8,236,236,0,18,12,6,3,1,2,15,11,4,357,41.375,22.65423406060606,82.20022463636361
355,STATE - RAJASTHAN,Retail sale of games and toys in specialized stores,4252,3978,274,1180,1041,139,3072,2937,135,390,281,109,207,130,77,183,151,32,4642,14.518248175182482,22.65423406060606,82.20022463636361
356,STATE - RAJASTHAN,"Retail sale of pharmaceutical and medical goods, cosmetic and toilet",61470,57174,4296,22079,19981,2098,39391,37193,2198,3608,2607,1001,2021,1273,748,1587,1334,253,65078,13.308659217877096,22.65423406060606,82.20022463636361
357,STATE - RAJASTHAN,Other retail sale of new goods in specialized stores,78516,72803,5713,22959,20495,2464,55557,52308,3249,5963,3638,2325,3338,1870,1468,2625,1768,857,84479,12.743392263259231,22.65423406060606,82.20022463636361
358,STATE - RAJASTHAN,Retail sale of second-hand goods,621,479,142,96,78,18,525,401,124,139,61,78,16,10,6,123,51,72,760,3.3732394366197185,22.65423406060606,82.20022463636361
359,STATE - RAJASTHAN,"Retail sale via stalls and markets of food, beverages and tobacco",12951,12363,588,6081,5790,291,6870,6573,297,1246,1049,197,737,590,147,509,459,50,14197,21.025510204081638,22.65423406060606,82.20022463636361
360,STATE - RAJASTHAN,"Retail sale via stalls and markets of textiles, clothing and footwear",66302,64259,2043,24502,23828,674,41800,40431,1369,4262,3847,415,2303,2074,229,1959,1773,186,70564,31.45325501713167,22.65423406060606,82.20022463636361
361,STATE - RAJASTHAN,"Retail trade not in stores, stalls or markets",70536,64703,5833,22333,19668,2665,48203,45035,3168,8574,6604,1970,4290,3118,1172,4284,3486,798,79110,11.09257671866964,22.65423406060606,82.20022463636361
362,STATE - RAJASTHAN,Retail sale via mail order houses or via Internet,5813,5473,340,1909,1781,128,3904,3692,212,467,377,90,257,202,55,210,175,35,6280,16.097058823529412,22.65423406060606,82.20022463636361
363,STATE - RAJASTHAN,"Other retail sale not in stores, stalls or markets",64723,59230,5493,20424,17887,2537,44299,41343,2956,8107,6227,1880,4033,2916,1117,4074,3311,763,72830,10.78281449117058,22.65423406060606,82.20022463636361
364,STATE - RAJASTHAN,Transport via railways,58731,55999,2732,19485,19043,442,39246,36956,2290,1008,902,106,422,360,62,586,542,44,59739,20.49743777452416,22.65423406060606,82.20022463636361
365,STATE - RAJASTHAN,Passenger rail transport,41706,39750,1956,13311,13017,294,28395,26733,1662,630,586,44,216,205,11,414,381,33,42336,20.322085889570552,22.65423406060606,82.20022463636361
366,STATE - RAJASTHAN,Freight rail transport,17025,16249,776,6174,6026,148,10851,10223,628,378,316,62,206,155,51,172,161,11,17403,20.93943298969072,22.65423406060606,82.20022463636361
367,STATE - RAJASTHAN,Urban or suburban passenger land transport,22556,22298,258,10788,10703,85,11768,11595,173,1379,1361,18,882,873,9,497,488,9,23935,86.42635658914729,22.65423406060606,82.20022463636361
368,STATE - RAJASTHAN,Transport via pipeline,101,99,2,48,46,2,53,53,0,19,19,0,14,14,0,5,5,0,120,49.5,22.65423406060606,82.20022463636361
369,STATE - RAJASTHAN,Transport via pipeline,101,99,2,48,46,2,53,53,0,19,19,0,14,14,0,5,5,0,120,49.5,22.65423406060606,82.20022463636361
370,STATE - RAJASTHAN,Water transport,676,656,20,365,365,0,311,291,20,83,77,6,63,57,6,20,20,0,759,32.8,22.65423406060606,82.20022463636361
371,STATE - RAJASTHAN,Sea and coastal water transport,191,188,3,80,80,0,111,108,3,44,38,6,34,28,6,10,10,0,235,62.66666666666666,22.65423406060606,82.20022463636361
372,STATE - RAJASTHAN,Sea and coastal passenger water transport,186,183,3,80,80,0,106,103,3,38,32,6,28,22,6,10,10,0,224,61,22.65423406060606,82.20022463636361
373,STATE - RAJASTHAN,Sea and coastal freight water transport,5,5,0,0,0,0,5,5,0,6,6,0,6,6,0,0,0,0,11,5,22.65423406060606,82.20022463636361
374,STATE - RAJASTHAN,Inland water transport,485,468,17,285,285,0,200,183,17,39,39,0,29,29,0,10,10,0,524,27.529411764705884,22.65423406060606,82.20022463636361
375,STATE - RAJASTHAN,Inland passenger water transport,352,338,14,228,228,0,124,110,14,25,25,0,23,23,0,2,2,0,377,24.142857142857142,22.65423406060606,82.20022463636361
376,STATE - RAJASTHAN,Inland freight water transport,133,130,3,57,57,0,76,73,3,14,14,0,6,6,0,8,8,0,147,43.333333333333336,22.65423406060606,82.20022463636361
377,STATE - RAJASTHAN,Air transport,2814,2631,183,1270,1254,16,1544,1377,167,194,175,19,129,119,10,65,56,9,3008,14.37704918032787,22.65423406060606,82.20022463636361
378,STATE - RAJASTHAN,Passenger air transport,638,596,42,313,310,3,325,286,39,54,48,6,42,36,6,12,12,0,692,14.19047619047619,22.65423406060606,82.20022463636361
379,STATE - RAJASTHAN,Passenger air transport,638,596,42,313,310,3,325,286,39,54,48,6,42,36,6,12,12,0,692,14.19047619047619,22.65423406060606,82.20022463636361
380,STATE - RAJASTHAN,Freight air transport,2176,2035,141,957,944,13,1219,1091,128,140,127,13,87,83,4,53,44,9,2316,14.432624113475176,22.65423406060606,82.20022463636361
381,STATE - RAJASTHAN,Freight air transport,2176,2035,141,957,944,13,1219,1091,128,140,127,13,87,83,4,53,44,9,2316,14.432624113475176,22.65423406060606,82.20022463636361
382,STATE - RAJASTHAN,Warehousing and support activities for transportation,58727,56762,1965,25130,24633,497,33597,32129,1468,4821,4486,335,3106,2903,203,1715,1583,132,63548,28.886513994910946,22.65423406060606,82.20022463636361
383,STATE - RAJASTHAN,Warehousing and storage,3697,3541,156,1437,1405,32,2260,2136,124,297,287,10,185,185,0,112,102,10,3994,22.69871794871795,22.65423406060606,82.20022463636361
384,STATE - RAJASTHAN,Warehousing and storage,3697,3541,156,1437,1405,32,2260,2136,124,297,287,10,185,185,0,112,102,10,3994,22.69871794871795,22.65423406060606,82.20022463636361
385,STATE - RAJASTHAN,Support activities for transportation,55030,53221,1809,23693,23228,465,31337,29993,1344,4524,4199,325,2921,2718,203,1603,1481,122,59554,29.420121614151466,22.65423406060606,82.20022463636361
386,STATE - RAJASTHAN,Service activities incidental to land transportation,47451,45894,1557,21273,20881,392,26178,25013,1165,3874,3624,250,2616,2426,190,1258,1198,60,51325,29.47591522157996,22.65423406060606,82.20022463636361
387,STATE - RAJASTHAN,Service activities incidental to water transportation,91,87,4,57,53,4,34,34,0,6,6,0,6,6,0,0,0,0,97,21.75,22.65423406060606,82.20022463636361
388,STATE - RAJASTHAN,Service activities incidental to air transportation,656,642,14,278,272,6,378,370,8,34,32,2,23,23,0,11,9,2,690,45.85714285714285,22.65423406060606,82.20022463636361
389,STATE - RAJASTHAN,Cargo handling,565,555,10,138,135,3,427,420,7,34,34,0,13,13,0,21,21,0,599,55.5,22.65423406060606,82.20022463636361
390,STATE - RAJASTHAN,Other transportation support activities,6267,6043,224,1947,1887,60,4320,4156,164,576,503,73,263,250,13,313,253,60,6843,26.977678571428573,22.65423406060606,82.20022463636361
391,STATE - RAJASTHAN,Postal and courier activities,25010,23526,1484,13595,13217,378,11415,10309,1106,721,621,100,341,308,33,380,313,67,25731,15.85309973045822,22.65423406060606,82.20022463636361
392,STATE - RAJASTHAN,Postal activities,20667,19282,1385,12347,11993,354,8320,7289,1031,467,390,77,248,227,21,219,163,56,21134,13.92202166064982,22.65423406060606,82.20022463636361
393,STATE - RAJASTHAN,Postal activities,20667,19282,1385,12347,11993,354,8320,7289,1031,467,390,77,248,227,21,219,163,56,21134,13.92202166064982,22.65423406060606,82.20022463636361
394,STATE - RAJASTHAN,Courier activities,4343,4244,99,1248,1224,24,3095,3020,75,254,231,23,93,81,12,161,150,11,4597,42.86868686868687,22.65423406060606,82.20022463636361
395,STATE - RAJASTHAN,Courier activities,4343,4244,99,1248,1224,24,3095,3020,75,254,231,23,93,81,12,161,150,11,4597,42.86868686868687,22.65423406060606,82.20022463636361
396,STATE - RAJASTHAN,Accommodation,61249,57272,3977,28904,27493,1411,32345,29779,2566,8018,7360,658,5874,5558,316,2144,1802,342,69267,14.400804626602968,22.65423406060606,82.20022463636361
397,STATE - RAJASTHAN,Short term accommodation activities,53229,50905,2324,25108,24277,831,28121,26628,1493,7104,6635,469,5340,5081,259,1764,1554,210,60333,21.90404475043029,22.65423406060606,82.20022463636361
398,STATE - RAJASTHAN,Short term accommodation activities,53229,50905,2324,25108,24277,831,28121,26628,1493,7104,6635,469,5340,5081,259,1764,1554,210,60333,21.90404475043029,22.65423406060606,82.20022463636361
399,STATE - RAJASTHAN,"Camping grounds, recreational vehicle parks and trailer parks",132,128,4,102,100,2,30,28,2,28,14,14,16,2,14,12,12,0,160,32,22.65423406060606,82.20022463636361
400,STATE - RAJASTHAN,"Camping grounds, recreational vehicle parks and trailer parks",132,128,4,102,100,2,30,28,2,28,14,14,16,2,14,12,12,0,160,32,22.65423406060606,82.20022463636361
401,STATE - RAJASTHAN,Other accommodation,7888,6239,1649,3694,3116,578,4194,3123,1071,886,711,175,518,475,43,368,236,132,8774,3.783505154639175,22.65423406060606,82.20022463636361
402,STATE - RAJASTHAN,Other accommodation,7888,6239,1649,3694,3116,578,4194,3123,1071,886,711,175,518,475,43,368,236,132,8774,3.783505154639175,22.65423406060606,82.20022463636361
403,STATE - RAJASTHAN,Restaurants and mobile food service activities,20864,20170,694,9350,9096,254,11514,11074,440,3338,3091,247,2520,2368,152,818,723,95,24202,29.06340057636888,22.65423406060606,82.20022463636361
404,STATE - RAJASTHAN,Restaurants and mobile food service activities,20864,20170,694,9350,9096,254,11514,11074,440,3338,3091,247,2520,2368,152,818,723,95,24202,29.06340057636888,22.65423406060606,82.20022463636361
405,STATE - RAJASTHAN,Event catering and other food service activities,35053,30496,4557,18106,15743,2363,16947,14753,2194,9357,7302,2055,5684,4860,824,3673,2442,1231,44410,6.69212201009436,22.65423406060606,82.20022463636361
406,STATE - RAJASTHAN,Event catering,30737,26839,3898,15882,13902,1980,14855,12937,1918,8625,6780,1845,5247,4531,716,3378,2249,1129,39362,6.885325808106721,22.65423406060606,82.20022463636361
407,STATE - RAJASTHAN,Other food service activities,4316,3657,659,2224,1841,383,2092,1816,276,732,522,210,437,329,108,295,193,102,5048,5.549317147192716,22.65423406060606,82.20022463636361
408,STATE - RAJASTHAN,Beverage serving activities,61652,60212,1440,29745,29167,578,31907,31045,862,7435,7017,418,5492,5199,293,1943,1818,125,69087,41.81388888888889,22.65423406060606,82.20022463636361
409,STATE - RAJASTHAN,Beverage serving activities,61652,60212,1440,29745,29167,578,31907,31045,862,7435,7017,418,5492,5199,293,1943,1818,125,69087,41.81388888888889,22.65423406060606,82.20022463636361
410,STATE - RAJASTHAN,Publishing activities,5633,5215,418,819,803,16,4814,4412,402,252,239,13,99,99,0,153,140,13,5885,12.476076555023925,22.65423406060606,82.20022463636361
411,STATE - RAJASTHAN,"Publishing of books, periodicals and other publishing activities",4957,4645,312,753,740,13,4204,3905,299,222,209,13,93,93,0,129,116,13,5179,14.887820512820513,22.65423406060606,82.20022463636361
412,STATE - RAJASTHAN,Book publishing,331,303,28,20,20,0,311,283,28,34,29,5,20,20,0,14,9,5,365,10.821428571428571,22.65423406060606,82.20022463636361
413,STATE - RAJASTHAN,Publishing of directories and mailing lists,52,47,5,15,15,0,37,32,5,0,0,0,0,0,0,0,0,0,52,9.4,22.65423406060606,82.20022463636361
414,STATE - RAJASTHAN,"Publishing of newspapers, journals and periodicals",4296,4033,263,658,645,13,3638,3388,250,186,180,6,73,73,0,113,107,6,4482,15.334600760456274,22.65423406060606,82.20022463636361
415,STATE - RAJASTHAN,Other publishing activities,278,262,16,60,60,0,218,202,16,2,0,2,0,0,0,2,0,2,280,16.375,22.65423406060606,82.20022463636361
416,STATE - RAJASTHAN,Software publishing,676,570,106,66,63,3,610,507,103,30,30,0,6,6,0,24,24,0,706,5.377358490566038,22.65423406060606,82.20022463636361
417,STATE - RAJASTHAN,Software publishing,676,570,106,66,63,3,610,507,103,30,30,0,6,6,0,24,24,0,706,5.377358490566038,22.65423406060606,82.20022463636361
418,STATE - RAJASTHAN,"Motion picture, video and television programme production, sound recording",3911,3749,162,1168,1110,58,2743,2639,104,496,456,40,299,269,30,197,187,10,4407,23.14197530864197,22.65423406060606,82.20022463636361
419,STATE - RAJASTHAN,"Motion picture, video and television programme activities",2573,2477,96,533,521,12,2040,1956,84,238,228,10,129,127,2,109,101,8,2811,25.80208333333333,22.65423406060606,82.20022463636361
420,STATE - RAJASTHAN,"Motion picture, video and television programme production activities",993,957,36,245,245,0,748,712,36,148,141,7,89,88,1,59,53,6,1141,26.58333333333333,22.65423406060606,82.20022463636361
421,STATE - RAJASTHAN,"Motion picture, video and television programme post-production",186,181,5,46,46,0,140,135,5,11,11,0,2,2,0,9,9,0,197,36.2,22.65423406060606,82.20022463636361
422,STATE - RAJASTHAN,"Motion picture, video and television programme distribution activities",363,347,16,67,61,6,296,286,10,8,6,2,0,0,0,8,6,2,371,21.6875,22.65423406060606,82.20022463636361
423,STATE - RAJASTHAN,Motion picture projection activities,1031,992,39,175,169,6,856,823,33,71,70,1,38,37,1,33,33,0,1102,25.435897435897434,22.65423406060606,82.20022463636361
424,STATE - RAJASTHAN,Sound recording and music publishing activities,1338,1272,66,635,589,46,703,683,20,258,228,30,170,142,28,88,86,2,1596,19.272727272727277,22.65423406060606,82.20022463636361
425,STATE - RAJASTHAN,Sound recording and music publishing activitiesT,1338,1272,66,635,589,46,703,683,20,258,228,30,170,142,28,88,86,2,1596,19.272727272727277,22.65423406060606,82.20022463636361
426,STATE - RAJASTHAN,Broadcasting and programming activities,2299,2091,208,369,369,0,1930,1722,208,87,63,24,23,17,6,64,46,18,2386,10.052884615384617,22.65423406060606,82.20022463636361
427,STATE - RAJASTHAN,Radio broadcasting,740,642,98,93,93,0,647,549,98,46,25,21,14,8,6,32,17,15,786,6.551020408163265,22.65423406060606,82.20022463636361
428,STATE - RAJASTHAN,Radio broadcasting,740,642,98,93,93,0,647,549,98,46,25,21,14,8,6,32,17,15,786,6.551020408163265,22.65423406060606,82.20022463636361
429,STATE - RAJASTHAN,Television programming and broadcasting activities,1559,1449,110,276,276,0,1283,1173,110,41,38,3,9,9,0,32,29,3,1600,13.172727272727272,22.65423406060606,82.20022463636361
430,STATE - RAJASTHAN,Television programming and broadcasting activities,1559,1449,110,276,276,0,1283,1173,110,41,38,3,9,9,0,32,29,3,1600,13.172727272727272,22.65423406060606,82.20022463636361
431,STATE - RAJASTHAN,Telecommunications,24070,22901,1169,6670,6489,181,17400,16412,988,1045,964,81,457,433,24,588,531,57,25115,19.590248075278016,22.65423406060606,82.20022463636361
432,STATE - RAJASTHAN,Wired telecommunications activities,8956,8644,312,2516,2438,78,6440,6206,234,370,340,30,155,141,14,215,199,16,9326,27.705128205128204,22.65423406060606,82.20022463636361
433,STATE - RAJASTHAN,Wired telecommunications activities,8956,8644,312,2516,2438,78,6440,6206,234,370,340,30,155,141,14,215,199,16,9326,27.705128205128204,22.65423406060606,82.20022463636361
434,STATE - RAJASTHAN,Wireless telecommunications activities,5767,5426,341,1421,1390,31,4346,4036,310,315,300,15,147,144,3,168,156,12,6082,15.912023460410555,22.65423406060606,82.20022463636361
435,STATE - RAJASTHAN,Wireless telecommunications activities,5767,5426,341,1421,1390,31,4346,4036,310,315,300,15,147,144,3,168,156,12,6082,15.912023460410555,22.65423406060606,82.20022463636361
436,STATE - RAJASTHAN,Satellite telecommunications activities,1342,1278,64,409,402,7,933,876,57,62,58,4,31,31,0,31,27,4,1404,19.96875,22.65423406060606,82.20022463636361
437,STATE - RAJASTHAN,Satellite telecommunications activities,1342,1278,64,409,402,7,933,876,57,62,58,4,31,31,0,31,27,4,1404,19.96875,22.65423406060606,82.20022463636361
438,STATE - RAJASTHAN,Other telecommunications activities,8005,7553,452,2324,2259,65,5681,5294,387,298,266,32,124,117,7,174,149,25,8303,16.710176991150444,22.65423406060606,82.20022463636361
439,STATE - RAJASTHAN,Other telecommunications activities,8005,7553,452,2324,2259,65,5681,5294,387,298,266,32,124,117,7,174,149,25,8303,16.710176991150444,22.65423406060606,82.20022463636361
440,STATE - RAJASTHAN,"Computer programming, consultancy and related activities",11081,9996,1085,2046,1996,50,9035,8000,1035,793,714,79,331,305,26,462,409,53,11874,9.212903225806452,22.65423406060606,82.20022463636361
441,STATE - RAJASTHAN,"Computer programming, consultancy and related activities",11081,9996,1085,2046,1996,50,9035,8000,1035,793,714,79,331,305,26,462,409,53,11874,9.212903225806452,22.65423406060606,82.20022463636361
442,STATE - RAJASTHAN,Computer programming activities,2382,2051,331,292,280,12,2090,1771,319,128,115,13,49,48,1,79,67,12,2510,6.196374622356496,22.65423406060606,82.20022463636361
443,STATE - RAJASTHAN,Computer consultancy and computer facilities management activities,3234,2975,259,800,768,32,2434,2207,227,309,284,25,155,147,8,154,137,17,3543,11.486486486486486,22.65423406060606,82.20022463636361
444,STATE - RAJASTHAN,Other information technology and computer service activities,5465,4970,495,954,948,6,4511,4022,489,356,315,41,127,110,17,229,205,24,5821,10.04040404040404,22.65423406060606,82.20022463636361
445,STATE - RAJASTHAN,Information service activities,9438,8783,655,2094,2043,51,7344,6740,604,566,526,40,208,197,11,358,329,29,10004,13.409160305343512,22.65423406060606,82.20022463636361
446,STATE - RAJASTHAN,"Data processing, hosting and related activities; web portals",4316,3950,366,843,829,14,3473,3121,352,364,333,31,133,124,9,231,209,22,4680,10.792349726775956,22.65423406060606,82.20022463636361
447,STATE - RAJASTHAN,"Data processing, hosting and related activities",4198,3858,340,837,823,14,3361,3035,326,358,327,31,133,124,9,225,203,22,4556,11.347058823529412,22.65423406060606,82.20022463636361
448,STATE - RAJASTHAN,Web portals,118,92,26,6,6,0,112,86,26,6,6,0,0,0,0,6,6,0,124,3.5384615384615383,22.65423406060606,82.20022463636361
449,STATE - RAJASTHAN,Other information service activities,5122,4833,289,1251,1214,37,3871,3619,252,202,193,9,75,73,2,127,120,7,5324,16.72318339100346,22.65423406060606,82.20022463636361
450,STATE - RAJASTHAN,News agency activities,1163,1113,50,226,220,6,937,893,44,44,42,2,14,14,0,30,28,2,1207,22.26,22.65423406060606,82.20022463636361
451,STATE - RAJASTHAN,Other information service activities n.e.c.,3959,3720,239,1025,994,31,2934,2726,208,158,151,7,61,59,2,97,92,5,4117,15.564853556485357,22.65423406060606,82.20022463636361
452,STATE - RAJASTHAN,"Financial service activities, except insurance and pension funding",74307,67556,6751,15392,14671,721,58915,52885,6030,1946,1598,348,576,505,71,1370,1093,277,76253,10.00681380536217,22.65423406060606,82.20022463636361
453,STATE - RAJASTHAN,Monetary intermediation,63356,57409,5947,13495,12850,645,49861,44559,5302,1495,1233,262,441,395,46,1054,838,216,64851,9.653438708592567,22.65423406060606,82.20022463636361
454,STATE - RAJASTHAN,Central banking,16272,14869,1403,3611,3468,143,12661,11401,1260,417,333,84,131,119,12,286,214,72,16689,10.598004276550247,22.65423406060606,82.20022463636361
455,STATE - RAJASTHAN,Other monetary intermediation,47084,42540,4544,9884,9382,502,37200,33158,4042,1078,900,178,310,276,34,768,624,144,48162,9.361795774647888,22.65423406060606,82.20022463636361
456,STATE - RAJASTHAN,Activities of holding companies,7780,7200,580,1380,1318,62,6400,5882,518,331,272,59,103,85,18,228,187,41,8111,12.413793103448276,22.65423406060606,82.20022463636361
457,STATE - RAJASTHAN,Activities of holding companies,7780,7200,580,1380,1318,62,6400,5882,518,331,272,59,103,85,18,228,187,41,8111,12.413793103448276,22.65423406060606,82.20022463636361
458,STATE - RAJASTHAN,"Trusts, funds and other financial vehicles",914,859,55,130,130,0,784,729,55,32,27,5,11,6,5,21,21,0,946,15.61818181818182,22.65423406060606,82.20022463636361
459,STATE - RAJASTHAN,"Trusts, funds and other financial vehicles",914,859,55,130,130,0,784,729,55,32,27,5,11,6,5,21,21,0,946,15.61818181818182,22.65423406060606,82.20022463636361
460,STATE - RAJASTHAN,"Other financial service activities, except insurance and pension funding",2257,2088,169,387,373,14,1870,1715,155,88,66,22,21,19,2,67,47,20,2345,12.355029585798816,22.65423406060606,82.20022463636361
461,STATE - RAJASTHAN,Financial leasing,900,828,72,133,127,6,767,701,66,30,30,0,15,15,0,15,15,0,930,11.5,22.65423406060606,82.20022463636361
462,STATE - RAJASTHAN,Other credit granting,204,184,20,44,44,0,160,140,20,8,2,6,2,2,0,6,0,6,212,9.2,22.65423406060606,82.20022463636361
463,STATE - RAJASTHAN,"Other financial service activities, except insurance and pension funding",1153,1076,77,210,202,8,943,874,69,50,34,16,4,2,2,46,32,14,1203,13.974025974025974,22.65423406060606,82.20022463636361
464,STATE - RAJASTHAN,"Insurance, reinsurance and pension funding, except compulsory social",28482,25954,2528,8787,8496,291,19695,17458,2237,1485,1256,229,812,747,65,673,509,164,29967,10.266613924050631,22.65423406060606,82.20022463636361
465,STATE - RAJASTHAN,Insurance,28455,25927,2528,8774,8483,291,19681,17444,2237,1484,1255,229,811,746,65,673,509,164,29939,10.255933544303796,22.65423406060606,82.20022463636361
466,STATE - RAJASTHAN,Life insurance,26408,24024,2384,8310,8033,277,18098,15991,2107,1438,1211,227,778,713,65,660,498,162,27846,10.077181208053693,22.65423406060606,82.20022463636361
467,STATE - RAJASTHAN,Non-life insurance,2047,1903,144,464,450,14,1583,1453,130,46,44,2,33,33,0,13,11,2,2093,13.21527777777778,22.65423406060606,82.20022463636361
468,STATE - RAJASTHAN,Reinsurance,14,14,0,6,6,0,8,8,0,1,1,0,1,1,0,0,0,0,15,14,22.65423406060606,82.20022463636361
469,STATE - RAJASTHAN,Reinsurance,14,14,0,6,6,0,8,8,0,1,1,0,1,1,0,0,0,0,15,14,22.65423406060606,82.20022463636361
470,STATE - RAJASTHAN,Pension funding,13,13,0,7,7,0,6,6,0,0,0,0,0,0,0,0,0,0,13,13,22.65423406060606,82.20022463636361
471,STATE - RAJASTHAN,Pension funding,13,13,0,7,7,0,6,6,0,0,0,0,0,0,0,0,0,0,13,13,22.65423406060606,82.20022463636361
472,STATE - RAJASTHAN,Other financial activities,12421,11415,1006,3371,3227,144,9050,8188,862,604,503,101,240,231,9,364,272,92,13025,11.346918489065606,22.65423406060606,82.20022463636361
473,STATE - RAJASTHAN,"Activities auxiliary to financial service activities, except insurance and",397,379,18,57,54,3,340,325,15,21,9,12,6,6,0,15,3,12,418,21.05555555555556,22.65423406060606,82.20022463636361
474,STATE - RAJASTHAN,Administration of financial markets,64,58,6,13,13,0,51,45,6,0,0,0,0,0,0,0,0,0,64,9.666666666666666,22.65423406060606,82.20022463636361
475,STATE - RAJASTHAN,Security and commodity contracts brokerage,177,171,6,9,9,0,168,162,6,9,9,0,6,6,0,3,3,0,186,28.5,22.65423406060606,82.20022463636361
476,STATE - RAJASTHAN,Activities auxiliary to financial service activities n.e.c.,156,150,6,35,32,3,121,118,3,12,0,12,0,0,0,12,0,12,168,25,22.65423406060606,82.20022463636361
477,STATE - RAJASTHAN,Activities auxiliary to insurance and pension funding,11093,10197,896,3131,3000,131,7962,7197,765,535,459,76,221,213,8,314,246,68,11628,11.380580357142858,22.65423406060606,82.20022463636361
478,STATE - RAJASTHAN,Risk and damage evaluation,648,612,36,113,103,10,535,509,26,21,21,0,3,3,0,18,18,0,669,17,22.65423406060606,82.20022463636361
479,STATE - RAJASTHAN,Activities of insurance agents and brokers,9299,8516,783,2735,2616,119,6564,5900,664,486,417,69,213,206,7,273,211,62,9785,10.876117496807153,22.65423406060606,82.20022463636361
480,STATE - RAJASTHAN,Other activities auxiliary to insurance and pension funding,1146,1069,77,283,281,2,863,788,75,28,21,7,5,4,1,23,17,6,1174,13.883116883116884,22.65423406060606,82.20022463636361
481,STATE - RAJASTHAN,Fund management activities,931,839,92,183,173,10,748,666,82,48,35,13,13,12,1,35,23,12,979,9.119565217391305,22.65423406060606,82.20022463636361
482,STATE - RAJASTHAN,Fund management activities,931,839,92,183,173,10,748,666,82,48,35,13,13,12,1,35,23,12,979,9.119565217391305,22.65423406060606,82.20022463636361
483,STATE - RAJASTHAN,Real estate activities,29376,28910,466,4808,4763,45,24568,24147,421,1450,1387,63,364,349,15,1086,1038,48,30826,62.03862660944206,22.65423406060606,82.20022463636361
484,STATE - RAJASTHAN,Real estate activities with own or leased property,15688,15439,249,2526,2495,31,13162,12944,218,824,784,40,218,207,11,606,577,29,16512,62.00401606425703,22.65423406060606,82.20022463636361
485,STATE - RAJASTHAN,Real estate activities with own or leased property,15688,15439,249,2526,2495,31,13162,12944,218,824,784,40,218,207,11,606,577,29,16512,62.00401606425703,22.65423406060606,82.20022463636361
486,STATE - RAJASTHAN,Real estate activities on a fee or contract basis,13688,13471,217,2282,2268,14,11406,11203,203,626,603,23,146,142,4,480,461,19,14314,62.07834101382488,22.65423406060606,82.20022463636361
487,STATE - RAJASTHAN,Real estate activities on a fee or contract basis,13688,13471,217,2282,2268,14,11406,11203,203,626,603,23,146,142,4,480,461,19,14314,62.07834101382488,22.65423406060606,82.20022463636361
488,STATE - RAJASTHAN,Legal and accounting activities,62033,58801,3232,14978,14573,405,47055,44228,2827,1983,1826,157,739,706,33,1244,1120,124,64016,18.193378712871286,22.65423406060606,82.20022463636361
489,STATE - RAJASTHAN,Legal activities,38800,36460,2340,9623,9302,321,29177,27158,2019,1099,994,105,455,424,31,644,570,74,39899,15.58119658119658,22.65423406060606,82.20022463636361
490,STATE - RAJASTHAN,Legal activities,38800,36460,2340,9623,9302,321,29177,27158,2019,1099,994,105,455,424,31,644,570,74,39899,15.58119658119658,22.65423406060606,82.20022463636361
491,STATE - RAJASTHAN,"Accounting, bookkeeping and auditing activities; tax consultancy",23233,22341,892,5355,5271,84,17878,17070,808,884,832,52,284,282,2,600,550,50,24117,25.045964125560538,22.65423406060606,82.20022463636361
492,STATE - RAJASTHAN,"Accounting, bookkeeping and auditing activities; tax consultancy",23233,22341,892,5355,5271,84,17878,17070,808,884,832,52,284,282,2,600,550,50,24117,25.045964125560538,22.65423406060606,82.20022463636361
493,STATE - RAJASTHAN,Activities of head offices; management consultancy activities,895,830,65,218,216,2,677,614,63,42,40,2,8,8,0,34,32,2,937,12.76923076923077,22.65423406060606,82.20022463636361
494,STATE - RAJASTHAN,Activities of head offices,414,395,19,163,161,2,251,234,17,37,35,2,8,8,0,29,27,2,451,20.789473684210527,22.65423406060606,82.20022463636361
495,STATE - RAJASTHAN,Activities of head offices,414,395,19,163,161,2,251,234,17,37,35,2,8,8,0,29,27,2,451,20.789473684210527,22.65423406060606,82.20022463636361
496,STATE - RAJASTHAN,Management consultancy activities,481,435,46,55,55,0,426,380,46,5,5,0,0,0,0,5,5,0,486,9.456521739130435,22.65423406060606,82.20022463636361
497,STATE - RAJASTHAN,Management consultancy activities,481,435,46,55,55,0,426,380,46,5,5,0,0,0,0,5,5,0,486,9.456521739130435,22.65423406060606,82.20022463636361
498,STATE - RAJASTHAN,Architecture and engineering activities; technical testing and analysis,3215,2844,371,434,407,27,2781,2437,344,133,118,15,40,34,6,93,84,9,3348,7.665768194070081,22.65423406060606,82.20022463636361
499,STATE - RAJASTHAN,Architectural and engineering activities and related technical consultancy,3024,2681,343,412,385,27,2612,2296,316,127,118,9,34,34,0,93,84,9,3151,7.816326530612245,22.65423406060606,82.20022463636361
500,STATE - RAJASTHAN,Architectural and engineering activities and related technical,3024,2681,343,412,385,27,2612,2296,316,127,118,9,34,34,0,93,84,9,3151,7.816326530612245,22.65423406060606,82.20022463636361
501,STATE - RAJASTHAN,Technical testing and analysis,191,163,28,22,22,0,169,141,28,6,0,6,6,0,6,0,0,0,197,5.821428571428571,22.65423406060606,82.20022463636361
502,STATE - RAJASTHAN,Technical testing and analysis,191,163,28,22,22,0,169,141,28,6,0,6,6,0,6,0,0,0,197,5.821428571428571,22.65423406060606,82.20022463636361
503,STATE - RAJASTHAN,Scientific research and development,327,301,26,90,88,2,237,213,24,2,2,0,2,2,0,0,0,0,329,11.576923076923077,22.65423406060606,82.20022463636361
504,STATE - RAJASTHAN,Research and experimental development on natural sciences and,247,226,21,60,58,2,187,168,19,2,2,0,2,2,0,0,0,0,249,10.761904761904765,22.65423406060606,82.20022463636361
505,STATE - RAJASTHAN,Research and experimental development on natural sciences and,247,226,21,60,58,2,187,168,19,2,2,0,2,2,0,0,0,0,249,10.761904761904765,22.65423406060606,82.20022463636361
506,STATE - RAJASTHAN,Research and experimental development on social sciences and humanities,80,75,5,30,30,0,50,45,5,0,0,0,0,0,0,0,0,0,80,15,22.65423406060606,82.20022463636361
507,STATE - RAJASTHAN,Research and experimental development on social sciences and,80,75,5,30,30,0,50,45,5,0,0,0,0,0,0,0,0,0,80,15,22.65423406060606,82.20022463636361
508,STATE - RAJASTHAN,Advertising and market research,1001,913,88,102,95,7,899,818,81,65,56,9,8,6,2,57,50,7,1066,10.375,22.65423406060606,82.20022463636361
509,STATE - RAJASTHAN,Advertising,843,765,78,79,79,0,764,686,78,54,45,9,8,6,2,46,39,7,897,9.807692307692308,22.65423406060606,82.20022463636361
510,STATE - RAJASTHAN,Advertising,843,765,78,79,79,0,764,686,78,54,45,9,8,6,2,46,39,7,897,9.807692307692308,22.65423406060606,82.20022463636361
511,STATE - RAJASTHAN,Market research and public opinion polling,158,148,10,23,16,7,135,132,3,11,11,0,0,0,0,11,11,0,169,14.8,22.65423406060606,82.20022463636361
512,STATE - RAJASTHAN,Market research and public opinion polling,158,148,10,23,16,7,135,132,3,11,11,0,0,0,0,11,11,0,169,14.8,22.65423406060606,82.20022463636361
513,STATE - RAJASTHAN,"Other professional, scientific and technical activities",26284,25266,1018,8757,8641,116,17527,16625,902,2601,2340,261,1293,1213,80,1308,1127,181,28885,24.81925343811395,22.65423406060606,82.20022463636361
514,STATE - RAJASTHAN,Specialized design activities,3732,3060,672,882,839,43,2850,2221,629,481,312,169,217,157,60,264,155,109,4213,4.553571428571429,22.65423406060606,82.20022463636361
515,STATE - RAJASTHAN,Specialized design activities,3732,3060,672,882,839,43,2850,2221,629,481,312,169,217,157,60,264,155,109,4213,4.553571428571429,22.65423406060606,82.20022463636361
516,STATE - RAJASTHAN,Photographic activities,19600,19371,229,7267,7208,59,12333,12163,170,1993,1921,72,1032,1012,20,961,909,52,21593,84.58951965065502,22.65423406060606,82.20022463636361
517,STATE - RAJASTHAN,Photographic activities,19600,19371,229,7267,7208,59,12333,12163,170,1993,1921,72,1032,1012,20,961,909,52,21593,84.58951965065502,22.65423406060606,82.20022463636361
518,STATE - RAJASTHAN,"Other professional, scientific and technical activities n.e.c.",2952,2835,117,608,594,14,2344,2241,103,127,107,20,44,44,0,83,63,20,3079,24.23076923076923,22.65423406060606,82.20022463636361
519,STATE - RAJASTHAN,"Other professional, scientific and technical activities n.e.c.",2952,2835,117,608,594,14,2344,2241,103,127,107,20,44,44,0,83,63,20,3079,24.23076923076923,22.65423406060606,82.20022463636361
520,STATE - RAJASTHAN,Veterinary activities,6895,6603,292,3972,3866,106,2923,2737,186,303,276,27,236,226,10,67,50,17,7198,22.613013698630137,22.65423406060606,82.20022463636361
521,STATE - RAJASTHAN,Veterinary activities,6895,6603,292,3972,3866,106,2923,2737,186,303,276,27,236,226,10,67,50,17,7198,22.613013698630137,22.65423406060606,82.20022463636361
522,STATE - RAJASTHAN,Veterinary activities,6895,6603,292,3972,3866,106,2923,2737,186,303,276,27,236,226,10,67,50,17,7198,22.613013698630137,22.65423406060606,82.20022463636361
523,STATE - RAJASTHAN,Rental and leasing activities,17466,17188,278,7732,7618,114,9734,9570,164,2473,2372,101,1487,1418,69,986,954,32,19939,61.8273381294964,22.65423406060606,82.20022463636361
524,STATE - RAJASTHAN,Renting and leasing of personal and household goods,16512,16249,263,7277,7171,106,9235,9078,157,2388,2289,99,1436,1367,69,952,922,30,18900,61.78326996197718,22.65423406060606,82.20022463636361
525,STATE - RAJASTHAN,Renting and leasing of recreational and sports goods,6,6,0,0,0,0,6,6,0,0,0,0,0,0,0,0,0,0,6,6,22.65423406060606,82.20022463636361
526,STATE - RAJASTHAN,Renting of video tapes and disks,81,79,2,14,14,0,67,65,2,0,0,0,0,0,0,0,0,0,81,39.5,22.65423406060606,82.20022463636361
527,STATE - RAJASTHAN,Renting and leasing of other personal and household goods n.e.c.,16425,16164,261,7263,7157,106,9162,9007,155,2388,2289,99,1436,1367,69,952,922,30,18813,61.93103448275862,22.65423406060606,82.20022463636361
528,STATE - RAJASTHAN,"Renting and leasing of other machinery, equipment and tangible goods",406,396,10,236,228,8,170,168,2,45,45,0,30,30,0,15,15,0,451,39.6,22.65423406060606,82.20022463636361
529,STATE - RAJASTHAN,"Renting and leasing of other machinery, equipment and tangible goods",406,396,10,236,228,8,170,168,2,45,45,0,30,30,0,15,15,0,451,39.6,22.65423406060606,82.20022463636361
530,STATE - RAJASTHAN,Leasing of nonfinancial intangible assets,39,36,3,6,6,0,33,30,3,0,0,0,0,0,0,0,0,0,39,12,22.65423406060606,82.20022463636361
531,STATE - RAJASTHAN,Leasing of nonfinancial intangible assets,39,36,3,6,6,0,33,30,3,0,0,0,0,0,0,0,0,0,39,12,22.65423406060606,82.20022463636361
532,STATE - RAJASTHAN,Employment activities,1236,1121,115,400,377,23,836,744,92,96,90,6,38,34,4,58,56,2,1332,9.747826086956522,22.65423406060606,82.20022463636361
533,STATE - RAJASTHAN,Activities of employment placement agencies,1085,983,102,364,343,21,721,640,81,87,81,6,38,34,4,49,47,2,1172,9.637254901960784,22.65423406060606,82.20022463636361
534,STATE - RAJASTHAN,Activities of employment placement agencies,1085,983,102,364,343,21,721,640,81,87,81,6,38,34,4,49,47,2,1172,9.637254901960784,22.65423406060606,82.20022463636361
535,STATE - RAJASTHAN,Temporary employment agency activities,65,65,0,20,20,0,45,45,0,3,3,0,0,0,0,3,3,0,68,65,22.65423406060606,82.20022463636361
536,STATE - RAJASTHAN,Temporary employment agency activities,65,65,0,20,20,0,45,45,0,3,3,0,0,0,0,3,3,0,68,65,22.65423406060606,82.20022463636361
537,STATE - RAJASTHAN,Human resources provision and management of human resources functions,86,73,13,16,14,2,70,59,11,6,6,0,0,0,0,6,6,0,92,5.615384615384615,22.65423406060606,82.20022463636361
538,STATE - RAJASTHAN,Human resources provision and management of human resources,86,73,13,16,14,2,70,59,11,6,6,0,0,0,0,6,6,0,92,5.615384615384615,22.65423406060606,82.20022463636361
539,STATE - RAJASTHAN,"Travel agency, tour operator and other reservation service activities",3686,3558,128,874,870,4,2812,2688,124,167,159,8,74,68,6,93,91,2,3853,27.796875,22.65423406060606,82.20022463636361
540,STATE - RAJASTHAN,Travel agency and tour operator activities,3523,3395,128,789,785,4,2734,2610,124,155,147,8,62,56,6,93,91,2,3678,26.5234375,22.65423406060606,82.20022463636361
541,STATE - RAJASTHAN,Travel agency activities,2420,2339,81,540,536,4,1880,1803,77,112,104,8,33,27,6,79,77,2,2532,28.876543209876544,22.65423406060606,82.20022463636361
542,STATE - RAJASTHAN,Tour operator activities,1103,1056,47,249,249,0,854,807,47,43,43,0,29,29,0,14,14,0,1146,22.46808510638298,22.65423406060606,82.20022463636361
543,STATE - RAJASTHAN,Security and investigation activities,15577,15214,363,6298,6194,104,9279,9020,259,1403,1307,96,742,688,54,661,619,42,16980,41.91184573002755,22.65423406060606,82.20022463636361
544,STATE - RAJASTHAN,Private security activities,11071,10816,255,4270,4206,64,6801,6610,191,1062,1002,60,528,496,32,534,506,28,12133,42.4156862745098,22.65423406060606,82.20022463636361
545,STATE - RAJASTHAN,Private security activities,11071,10816,255,4270,4206,64,6801,6610,191,1062,1002,60,528,496,32,534,506,28,12133,42.4156862745098,22.65423406060606,82.20022463636361
546,STATE - RAJASTHAN,Security systems service activities,4298,4194,104,1933,1893,40,2365,2301,64,340,304,36,213,191,22,127,113,14,4638,40.32692307692308,22.65423406060606,82.20022463636361
547,STATE - RAJASTHAN,Security systems service activities,4298,4194,104,1933,1893,40,2365,2301,64,340,304,36,213,191,22,127,113,14,4638,40.32692307692308,22.65423406060606,82.20022463636361
548,STATE - RAJASTHAN,Investigation activities,208,204,4,95,95,0,113,109,4,1,1,0,1,1,0,0,0,0,209,51,22.65423406060606,82.20022463636361
549,STATE - RAJASTHAN,Investigation activities,208,204,4,95,95,0,113,109,4,1,1,0,1,1,0,0,0,0,209,51,22.65423406060606,82.20022463636361
550,STATE - RAJASTHAN,Services to buildings and landscape activities,5885,3737,2148,1870,1081,789,4015,2656,1359,1463,635,828,688,276,412,775,359,416,7348,1.73975791433892,22.65423406060606,82.20022463636361
551,STATE - RAJASTHAN,Combined facilities support activities,761,609,152,240,184,56,521,425,96,116,56,60,67,27,40,49,29,20,877,4.006578947368421,22.65423406060606,82.20022463636361
552,STATE - RAJASTHAN,Combined facilities support activities,761,609,152,240,184,56,521,425,96,116,56,60,67,27,40,49,29,20,877,4.006578947368421,22.65423406060606,82.20022463636361
553,STATE - RAJASTHAN,Cleaning activities,2764,1657,1107,792,460,332,1972,1197,775,730,359,371,309,157,152,421,202,219,3494,1.4968383017163505,22.65423406060606,82.20022463636361
554,STATE - RAJASTHAN,General cleaning of buildings,1287,587,700,357,154,203,930,433,497,404,156,248,152,52,100,252,104,148,1691,0.8385714285714285,22.65423406060606,82.20022463636361
555,STATE - RAJASTHAN,Other building and industrial cleaning activities,1477,1070,407,435,306,129,1042,764,278,326,203,123,157,105,52,169,98,71,1803,2.628992628992629,22.65423406060606,82.20022463636361
556,STATE - RAJASTHAN,Landscape care and maintenance service activities,2360,1471,889,838,437,401,1522,1034,488,617,220,397,312,92,220,305,128,177,2977,1.65466816647919,22.65423406060606,82.20022463636361
557,STATE - RAJASTHAN,Landscape care and maintenance service activities,2360,1471,889,838,437,401,1522,1034,488,617,220,397,312,92,220,305,128,177,2977,1.65466816647919,22.65423406060606,82.20022463636361
558,STATE - RAJASTHAN,Office administrative and support activities,15357,14697,660,4744,4599,145,10613,10098,515,905,831,74,394,368,26,511,463,48,16262,22.26818181818182,22.65423406060606,82.20022463636361
559,STATE - RAJASTHAN,Combined office administrative service activities,2747,2570,177,831,811,20,1916,1759,157,124,96,28,46,37,9,78,59,19,2871,14.519774011299434,22.65423406060606,82.20022463636361
560,STATE - RAJASTHAN,"Photocopying, document preparation and other specialized office",12610,12127,483,3913,3788,125,8697,8339,358,781,735,46,348,331,17,433,404,29,13391,25.107660455486545,22.65423406060606,82.20022463636361
561,STATE - RAJASTHAN,Activities of call centres,2407,1993,414,298,291,7,2109,1702,407,152,107,45,38,26,12,114,81,33,2559,4.814009661835748,22.65423406060606,82.20022463636361
562,STATE - RAJASTHAN,Activities of call centres,2407,1993,414,298,291,7,2109,1702,407,152,107,45,38,26,12,114,81,33,2559,4.814009661835748,22.65423406060606,82.20022463636361
563,STATE - RAJASTHAN,Organization of conventions and trade shows,91,77,14,34,26,8,57,51,6,1,1,0,1,1,0,0,0,0,92,5.5,22.65423406060606,82.20022463636361
564,STATE - RAJASTHAN,Organization of conventions and trade shows,91,77,14,34,26,8,57,51,6,1,1,0,1,1,0,0,0,0,92,5.5,22.65423406060606,82.20022463636361
565,STATE - RAJASTHAN,Activities of collection agencies and credit bureaus,1570,1499,71,724,718,6,846,781,65,85,68,17,37,27,10,48,41,7,1655,21.112676056338028,22.65423406060606,82.20022463636361
566,STATE - RAJASTHAN,Packaging activities,1412,1200,212,486,427,59,926,773,153,163,64,99,43,31,12,120,33,87,1575,5.660377358490566,22.65423406060606,82.20022463636361
567,STATE - RAJASTHAN,"Regulation of the activities of providing health care, education, cultural",5247,3858,1389,2064,1460,604,3183,2398,785,545,276,269,319,139,180,226,137,89,5792,2.777537796976242,22.65423406060606,82.20022463636361
568,STATE - RAJASTHAN,Regulation of and contribution to more efficient operation of,168,157,11,49,49,0,119,108,11,2,2,0,2,2,0,0,0,0,170,14.272727272727272,22.65423406060606,82.20022463636361
569,STATE - RAJASTHAN,Foreign affairs,506,487,19,282,282,0,224,205,19,19,19,0,14,14,0,5,5,0,525,25.63157894736842,22.65423406060606,82.20022463636361
570,STATE - RAJASTHAN,Public order and safety activities,28371,26877,1494,13824,13291,533,14547,13586,961,710,652,58,313,291,22,397,361,36,29081,17.98995983935743,22.65423406060606,82.20022463636361
571,STATE - RAJASTHAN,Compulsory social security activities,33212,31338,1874,17268,16437,831,15944,14901,1043,1114,961,153,456,429,27,658,532,126,34326,16.722518676627534,22.65423406060606,82.20022463636361
572,STATE - RAJASTHAN,Compulsory social security activities,33212,31338,1874,17268,16437,831,15944,14901,1043,1114,961,153,456,429,27,658,532,126,34326,16.722518676627534,22.65423406060606,82.20022463636361
573,STATE - RAJASTHAN,Technical and vocational secondary education,1275,967,308,441,385,56,834,582,252,57,46,11,27,27,0,30,19,11,1332,3.139610389610389,22.65423406060606,82.20022463636361
574,STATE - RAJASTHAN,Higher education,40159,28479,11680,8907,7638,1269,31252,20841,10411,1660,1139,521,659,573,86,1001,566,435,41819,2.4382705479452054,22.65423406060606,82.20022463636361
575,STATE - RAJASTHAN,Higher education,40159,28479,11680,8907,7638,1269,31252,20841,10411,1660,1139,521,659,573,86,1001,566,435,41819,2.4382705479452054,22.65423406060606,82.20022463636361
576,STATE - RAJASTHAN,Other education,26438,20233,6205,11349,9639,1710,15089,10594,4495,5436,3542,1894,3192,2391,801,2244,1151,1093,31874,3.260757453666398,22.65423406060606,82.20022463636361
577,STATE - RAJASTHAN,Sports and recreation education,3548,3203,345,1761,1668,93,1787,1535,252,91,74,17,37,28,9,54,46,8,3639,9.284057971014493,22.65423406060606,82.20022463636361
578,STATE - RAJASTHAN,Cultural education,390,297,93,52,40,12,338,257,81,30,18,12,15,11,4,15,7,8,420,3.193548387096774,22.65423406060606,82.20022463636361
579,STATE - RAJASTHAN,Other education n.e.c.,22500,16733,5767,9536,7931,1605,12964,8802,4162,5315,3450,1865,3140,2352,788,2175,1098,1077,27815,2.901508583318883,22.65423406060606,82.20022463636361
580,STATE - RAJASTHAN,Hospital activities,68889,50208,18681,25752,19259,6493,43137,30949,12188,2474,1717,757,1242,936,306,1232,781,451,71363,2.687650554038863,22.65423406060606,82.20022463636361
581,STATE - RAJASTHAN,Hospital activities,68889,50208,18681,25752,19259,6493,43137,30949,12188,2474,1717,757,1242,936,306,1232,781,451,71363,2.687650554038863,22.65423406060606,82.20022463636361
582,STATE - RAJASTHAN,Medical and dental practice activities,18403,14881,3522,5493,5037,456,12910,9844,3066,545,431,114,282,244,38,263,187,76,18948,4.225156161272005,22.65423406060606,82.20022463636361
583,STATE - RAJASTHAN,Medical and dental practice activities,18403,14881,3522,5493,5037,456,12910,9844,3066,545,431,114,282,244,38,263,187,76,18948,4.225156161272005,22.65423406060606,82.20022463636361
584,STATE - RAJASTHAN,Residential care activities,449,343,106,212,148,64,237,195,42,29,23,6,7,5,2,22,18,4,478,3.2358490566037736,22.65423406060606,82.20022463636361
585,STATE - RAJASTHAN,Nursing care facilities,255,205,50,118,90,28,137,115,22,15,15,0,3,3,0,12,12,0,270,4.1,22.65423406060606,82.20022463636361
586,STATE - RAJASTHAN,Nursing care facilities,255,205,50,118,90,28,137,115,22,15,15,0,3,3,0,12,12,0,270,4.1,22.65423406060606,82.20022463636361
587,STATE - RAJASTHAN,"Residential care activities for mental retardation, mental health and substance",32,29,3,24,24,0,8,5,3,0,0,0,0,0,0,0,0,0,32,9.666666666666666,22.65423406060606,82.20022463636361
588,STATE - RAJASTHAN,"Residential care activities for mental retardation, mental health and",32,29,3,24,24,0,8,5,3,0,0,0,0,0,0,0,0,0,32,9.666666666666666,22.65423406060606,82.20022463636361
589,STATE - RAJASTHAN,Residential care activities for the elderly and disabled,57,51,6,26,22,4,31,29,2,12,8,4,4,2,2,8,6,2,69,8.5,22.65423406060606,82.20022463636361
590,STATE - RAJASTHAN,Residential care activities for the elderly and disabled,57,51,6,26,22,4,31,29,2,12,8,4,4,2,2,8,6,2,69,8.5,22.65423406060606,82.20022463636361
591,STATE - RAJASTHAN,Other residential care activities n.e.c.,105,58,47,44,12,32,61,46,15,2,0,2,0,0,0,2,0,2,107,1.2340425531914894,22.65423406060606,82.20022463636361
592,STATE - RAJASTHAN,Other residential care activities n.e.c.,105,58,47,44,12,32,61,46,15,2,0,2,0,0,0,2,0,2,107,1.2340425531914894,22.65423406060606,82.20022463636361
593,STATE - RAJASTHAN,Social work activities without accommodation for the elderly and disabled,3728,691,3037,2767,336,2431,961,355,606,248,66,182,177,35,142,71,31,40,3976,0.2275271649654264,22.65423406060606,82.20022463636361
594,STATE - RAJASTHAN,Social work activities without accommodation for the elderly and,3728,691,3037,2767,336,2431,961,355,606,248,66,182,177,35,142,71,31,40,3976,0.2275271649654264,22.65423406060606,82.20022463636361
595,STATE - RAJASTHAN,"Creative, arts and entertainment activities",56585,53384,3201,23494,21884,1610,33091,31500,1591,18561,15335,3226,12690,10243,2447,5871,5092,779,75146,16.67728834739144,22.65423406060606,82.20022463636361
596,STATE - RAJASTHAN,"Creative, arts and entertainment activities",56585,53384,3201,23494,21884,1610,33091,31500,1591,18561,15335,3226,12690,10243,2447,5871,5092,779,75146,16.67728834739144,22.65423406060606,82.20022463636361
597,STATE - RAJASTHAN,"Dramatic arts, music and other arts activities",56585,53384,3201,23494,21884,1610,33091,31500,1591,18561,15335,3226,12690,10243,2447,5871,5092,779,75146,16.67728834739144,22.65423406060606,82.20022463636361
598,STATE - RAJASTHAN,"Libraries, archives, museums and other cultural activities",1717,1508,209,510,473,37,1207,1035,172,138,104,34,50,34,16,88,70,18,1855,7.215311004784689,22.65423406060606,82.20022463636361
599,STATE - RAJASTHAN,"Libraries, archives, museums and other cultural activities",1717,1508,209,510,473,37,1207,1035,172,138,104,34,50,34,16,88,70,18,1855,7.215311004784689,22.65423406060606,82.20022463636361
600,STATE - RAJASTHAN,Library and archives activities,574,463,111,227,196,31,347,267,80,13,11,2,2,2,0,11,9,2,587,4.171171171171171,22.65423406060606,82.20022463636361
601,STATE - RAJASTHAN,Museums activities and operation of historical sites and buildings,821,757,64,157,157,0,664,600,64,80,73,7,24,24,0,56,49,7,901,11.828125,22.65423406060606,82.20022463636361
602,STATE - RAJASTHAN,Botanical and zoological gardens and nature reserves activities,322,288,34,126,120,6,196,168,28,45,20,25,24,8,16,21,12,9,367,8.470588235294118,22.65423406060606,82.20022463636361
603,STATE - RAJASTHAN,Gambling and betting activities,410,391,19,278,267,11,132,124,8,183,159,24,139,118,21,44,41,3,593,20.57894736842105,22.65423406060606,82.20022463636361
604,STATE - RAJASTHAN,Gambling and betting activities,410,391,19,278,267,11,132,124,8,183,159,24,139,118,21,44,41,3,593,20.57894736842105,22.65423406060606,82.20022463636361
605,STATE - RAJASTHAN,Gambling and betting activities,410,391,19,278,267,11,132,124,8,183,159,24,139,118,21,44,41,3,593,20.57894736842105,22.65423406060606,82.20022463636361
606,STATE - RAJASTHAN,Sports activities and amusement and recreation activities,4479,3975,504,1940,1681,259,2539,2294,245,2269,1837,432,1488,1245,243,781,592,189,6748,7.886904761904762,22.65423406060606,82.20022463636361
607,STATE - RAJASTHAN,Sports activities,423,390,33,52,50,2,371,340,31,48,45,3,39,39,0,9,6,3,471,11.818181818181818,22.65423406060606,82.20022463636361
608,STATE - RAJASTHAN,Operation of sports facilities,27,27,0,6,6,0,21,21,0,0,0,0,0,0,0,0,0,0,27,27,22.65423406060606,82.20022463636361
609,STATE - RAJASTHAN,Activities of sports clubs,230,210,20,29,27,2,201,183,18,5,2,3,2,2,0,3,0,3,235,10.5,22.65423406060606,82.20022463636361
610,STATE - RAJASTHAN,Other sports activities,166,153,13,17,17,0,149,136,13,43,43,0,37,37,0,6,6,0,209,11.76923076923077,22.65423406060606,82.20022463636361
611,STATE - RAJASTHAN,Other amusement and recreation activities,4056,3585,471,1888,1631,257,2168,1954,214,2221,1792,429,1449,1206,243,772,586,186,6277,7.611464968152866,22.65423406060606,82.20022463636361
612,STATE - RAJASTHAN,Activities of amusement parks and theme parks,17,17,0,9,9,0,8,8,0,0,0,0,0,0,0,0,0,0,17,17,22.65423406060606,82.20022463636361
613,STATE - RAJASTHAN,Other amusement and recreation activities n.e.c.,4039,3568,471,1879,1622,257,2160,1946,214,2221,1792,429,1449,1206,243,772,586,186,6260,7.575371549893843,22.65423406060606,82.20022463636361
614,STATE - RAJASTHAN,Activities of membership organizations,60146,55774,4372,34356,31608,2748,25790,24166,1624,9142,8066,1076,6541,5756,785,2601,2310,291,69288,12.757090576395242,22.65423406060606,82.20022463636361
615,STATE - RAJASTHAN,"Activities of business, employers and professional membership",740,678,62,331,314,17,409,364,45,86,62,24,47,33,14,39,29,10,826,10.935483870967742,22.65423406060606,82.20022463636361
616,STATE - RAJASTHAN,Activities of business and employers membership organizations,624,572,52,255,244,11,369,328,41,71,53,18,41,33,8,30,20,10,695,11,22.65423406060606,82.20022463636361
617,STATE - RAJASTHAN,Activities of professional membership organizations,116,106,10,76,70,6,40,36,4,15,9,6,6,0,6,9,9,0,131,10.6,22.65423406060606,82.20022463636361
618,STATE - RAJASTHAN,Activities of trade unions,806,711,95,340,309,31,466,402,64,156,110,46,81,56,25,75,54,21,962,7.484210526315789,22.65423406060606,82.20022463636361
619,STATE - RAJASTHAN,Activities of trade unions,806,711,95,340,309,31,466,402,64,156,110,46,81,56,25,75,54,21,962,7.484210526315789,22.65423406060606,82.20022463636361
620,STATE - RAJASTHAN,Activities of other membership organizations,58600,54385,4215,33685,30985,2700,24915,23400,1515,8900,7894,1006,6413,5667,746,2487,2227,260,67500,12.902728351126928,22.65423406060606,82.20022463636361
621,STATE - RAJASTHAN,Activities of religious organizations,51322,49011,2311,28380,27212,1168,22942,21799,1143,7899,7250,649,5595,5158,437,2304,2092,212,59221,21.20770229337949,22.65423406060606,82.20022463636361
622,STATE - RAJASTHAN,Activities of political organizations,5858,4128,1730,4492,3053,1439,1366,1075,291,796,475,321,707,416,291,89,59,30,6654,2.386127167630058,22.65423406060606,82.20022463636361
623,STATE - RAJASTHAN,Activities of other membership organizations n.e.c.,1420,1246,174,813,720,93,607,526,81,205,169,36,111,93,18,94,76,18,1625,7.160919540229885,22.65423406060606,82.20022463636361
624,STATE - RAJASTHAN,Repair of computers and personal and household goods,79372,75718,3654,30784,29341,1443,48588,46377,2211,8443,6641,1802,4670,3478,1192,3773,3163,610,87815,20.721948549534755,22.65423406060606,82.20022463636361
625,STATE - RAJASTHAN,Repair of computers and communication equipment,9759,9569,190,3415,3358,57,6344,6211,133,779,772,7,397,396,1,382,376,6,10538,50.36315789473685,22.65423406060606,82.20022463636361
626,STATE - RAJASTHAN,Repair of computers and peripheral equipment,5733,5593,140,1853,1815,38,3880,3778,102,412,405,7,178,177,1,234,228,6,6145,39.95,22.65423406060606,82.20022463636361
627,STATE - RAJASTHAN,Repair of communication equipment,4026,3976,50,1562,1543,19,2464,2433,31,367,367,0,219,219,0,148,148,0,4393,79.52,22.65423406060606,82.20022463636361
628,STATE - RAJASTHAN,Repair of personal and household goods,69613,66149,3464,27369,25983,1386,42244,40166,2078,7664,5869,1795,4273,3082,1191,3391,2787,604,77277,19.096131639722863,22.65423406060606,82.20022463636361
629,STATE - RAJASTHAN,Repair of consumer electronics,11797,10777,1020,4464,4063,401,7333,6714,619,1706,1063,643,936,501,435,770,562,208,13503,10.565686274509805,22.65423406060606,82.20022463636361
630,STATE - RAJASTHAN,Repair of household appliances and home and garden equipment,8048,7435,613,2471,2170,301,5577,5265,312,1047,732,315,612,384,228,435,348,87,9095,12.128874388254486,22.65423406060606,82.20022463636361
631,STATE - RAJASTHAN,Repair of footwear and leather goods,5255,5089,166,2435,2320,115,2820,2769,51,761,642,119,483,387,96,278,255,23,6016,30.656626506024097,22.65423406060606,82.20022463636361
632,STATE - RAJASTHAN,"Repair of personal and household goods, n.e.c.",44172,42507,1665,17848,17279,569,26324,25228,1096,4079,3364,715,2203,1771,432,1876,1593,283,48251,25.52972972972973,22.65423406060606,82.20022463636361
633,STATE - RAJASTHAN,Washing and (dry-) cleaning of textile and fur products,25893,18021,7872,4410,3267,1143,21483,14754,6729,2990,1290,1700,1137,453,684,1853,837,1016,28883,2.289253048780488,22.65423406060606,82.20022463636361
634,STATE - RAJASTHAN,Hairdressing and other beauty treatment,81542,74474,7068,49298,48019,1279,32244,26455,5789,8356,6772,1584,6193,5600,593,2163,1172,991,89898,10.536785512167516,22.65423406060606,82.20022463636361
635,STATE - RAJASTHAN,Funeral and related activities,82,80,2,33,31,2,49,49,0,31,31,0,4,4,0,27,27,0,113,40,22.65423406060606,82.20022463636361
636,STATE - RAJASTHAN,Other personal service activities n.e.c.,82347,69204,13143,37784,34007,3777,44563,35197,9366,22218,15711,6507,13688,10081,3607,8530,5630,2900,104565,5.265464505820589,22.65423406060606,82.20022463636361
637,STATE - RAJASTHAN,Undifferentiated goods- and services-producing activities of private,276,185,91,159,121,38,117,64,53,27,2,25,23,2,21,4,0,4,303,2.032967032967033,22.65423406060606,82.20022463636361
638,STATE - RAJASTHAN,Undifferentiated goods-producing activities of private households for own,91,54,37,52,33,19,39,21,18,9,0,9,9,0,9,0,0,0,100,1.4594594594594594,22.65423406060606,82.20022463636361
639,STATE - RAJASTHAN,Undifferentiated goods-producing activities of private households for own,91,54,37,52,33,19,39,21,18,9,0,9,9,0,9,0,0,0,100,1.4594594594594594,22.65423406060606,82.20022463636361
640,STATE - RAJASTHAN,Undifferentiated service-producing activities of private households for own,185,131,54,107,88,19,78,43,35,18,2,16,14,2,12,4,0,4,203,2.425925925925926,22.65423406060606,82.20022463636361
641,STATE - RAJASTHAN,Undifferentiated service-producing activities of private households for own,185,131,54,107,88,19,78,43,35,18,2,16,14,2,12,4,0,4,203,2.425925925925926,22.65423406060606,82.20022463636361
642,STATE - RAJASTHAN,Activities of extraterritorial organizations and bodies,242,225,17,72,72,0,170,153,17,9,6,3,0,0,0,9,6,3,251,13.235294117647058,22.65423406060606,82.20022463636361
643,STATE - RAJASTHAN,Activities of extraterritorial organizations and bodies,242,225,17,72,72,0,170,153,17,9,6,3,0,0,0,9,6,3,251,13.235294117647058,22.65423406060606,82.20022463636361
