,IndiaStates,NIC_Name,Main_Workers__Total___Persons,Main_Workers__Total__Males,Main_Workers__Total__Females,Main_Workers__Rural___Persons,Main_Workers__Rural__Males,Main_Workers__Rural__Females,Main_Workers__Urban___Persons,Main_Workers__Urban__Males,Main_Workers__Urban__Females,Marginal_Workers__Total___Persons,Marginal_Workers__Total__Males,Marginal_Workers__Total__Females,Marginal_Workers__Rural___Persons,Marginal_Workers__Rural__Males,Marginal_Workers__Rural__Females,Marginal_Workers__Urban___Persons,Marginal_Workers__Urban__Males,Marginal_Workers__Urban__Females,TotalWorkers,MaleFemaleRatio,Latitude,Longitude
118935,STATE - TAMIL NADU,Growing of non-perennial crops,770,503,267,406,269,137,364,234,130,257,87,170,126,48,78,131,39,92,1027,1.8838951310861425,27.100399,93.616601
118936,STATE - TAMIL NADU,"Growing of cereals (except rice), leguminous crops and oil seeds",88,77,11,39,33,6,49,44,5,6,3,3,3,3,0,3,0,3,94,7,26.749981,94.216667
118937,STATE - TAMIL NADU,Growing of rice,12,6,6,9,3,6,3,3,0,48,24,24,0,0,0,48,24,24,60,1,25.785414,87.479973
118938,STATE - TAMIL NADU,"Growing of vegetables and melons, roots and tubers",314,223,91,133,107,26,181,116,65,22,15,7,8,6,2,14,9,5,336,2.4505494505494507,30.719997,76.780006
118939,STATE - TAMIL NADU,Growing of sugar cane,173,119,54,137,93,44,36,26,10,37,29,8,31,23,8,6,6,0,210,2.203703703703704,22.09042,82.159987
118940,STATE - TAMIL NADU,Growing of fibre crops,35,27,8,26,18,8,9,9,0,14,0,14,12,0,12,2,0,2,49,3.375,20.266578,73.016618
118941,STATE - TAMIL NADU,Growing of other non-perennial crop,148,51,97,62,15,47,86,36,50,130,16,114,72,16,56,58,0,58,278,0.5257731958762887,28.669993,77.230004
118942,STATE - TAMIL NADU,Growing of grapes,6,6,0,6,6,0,0,0,0,0,0,0,0,0,0,0,0,0,6,6,28.450006,77.019991
118943,STATE - TAMIL NADU,Growing of tropical and subtropical fruits,68,52,16,46,38,8,22,14,8,17,11,6,17,11,6,0,0,0,85,3.25,31.100025,77.166597
118944,STATE - TAMIL NADU,Growing of pome fruits and stone fruits,3,3,0,0,0,0,3,3,0,0,0,0,0,0,0,0,0,0,3,3,34.299959,74.466658
118945,STATE - TAMIL NADU,Growing of other tree and bush fruits and nuts,139,76,63,79,41,38,60,35,25,33,21,12,22,12,10,11,9,2,172,1.2063492063492065,23.800393,86.419986
118946,STATE - TAMIL NADU,Growing of oleaginous fruits,4491,3564,927,3126,2429,697,1365,1135,230,613,491,122,466,378,88,147,113,34,5104,3.844660194174757,12.570381,76.919997
118947,STATE - TAMIL NADU,"Growing of spices, aromatic, drug and pharmaceutical crops",358,195,163,58,37,21,300,158,142,3,0,3,0,0,0,3,0,3,361,1.196319018404908,10.562573,72.636867
118948,STATE - TAMIL NADU,Growing of other perennial crops,653,463,190,230,116,114,423,347,76,74,58,16,40,26,14,34,32,2,727,2.4368421052631577,21.300391,76.130019
118949,STATE - TAMIL NADU,Plant propagation,118,77,41,52,44,8,66,33,33,15,12,3,0,0,0,15,12,3,133,1.8780487804878048,19.250232,73.160175
118950,STATE - TAMIL NADU,Plant propagation,118,77,41,52,44,8,66,33,33,15,12,3,0,0,0,15,12,3,133,1.8780487804878048,24.799971,93.950017
118951,STATE - TAMIL NADU,Animal production,16416,9095,7321,12184,6730,5454,4232,2365,1867,2981,1378,1603,2375,1120,1255,606,258,348,19397,1.242316623412102,25.570492,91.880014
118952,STATE - TAMIL NADU,Raising of cattle and buffaloes,9121,4833,4288,6703,3536,3167,2418,1297,1121,1797,837,960,1445,685,760,352,152,200,10918,1.127098880597015,23.710399,92.720015
118953,STATE - TAMIL NADU,Raising of horses and other equines,73,70,3,30,30,0,43,40,3,3,3,0,0,0,0,3,3,0,76,23.33333333333333,25.666998,94.11657
118954,STATE - TAMIL NADU,Raising and breeding of camels and camelids,6,0,6,6,0,6,0,0,0,0,0,0,0,0,0,0,0,0,6,0,19.82043,85.900017
118955,STATE - TAMIL NADU,Raising of sheep and goats,4630,2464,2166,3643,2007,1636,987,457,530,942,395,547,765,345,420,177,50,127,5572,1.1375807940904894,11.934994,79.83
118956,STATE - TAMIL NADU,Raising of swine/pigs,364,239,125,227,149,78,137,90,47,18,5,13,15,2,13,3,3,0,382,1.912,31.519974,75.980003
118957,STATE - TAMIL NADU,Raising of poultry,1953,1298,655,1417,905,512,536,393,143,195,123,72,136,82,54,59,41,18,2148,1.9816793893129767,26.449999,74.639981
118958,STATE - TAMIL NADU,Raising of other animals,269,191,78,158,103,55,111,88,23,26,15,11,14,6,8,12,9,3,295,2.448717948717949,27.33333,88.616647
118959,STATE - TAMIL NADU,Mixed farming,3,3,0,0,0,0,3,3,0,0,0,0,0,0,0,0,0,0,3,3,12.920386,79.150042
118960,STATE - TAMIL NADU,Mixed farming,3,3,0,0,0,0,3,3,0,0,0,0,0,0,0,0,0,0,3,3,23.835404,91.279999
118961,STATE - TAMIL NADU,Support activities to agriculture and post-harvest crop activities,58055,37936,20119,32829,21505,11324,25226,16431,8795,17584,9695,7889,12722,6922,5800,4862,2773,2089,75639,1.8855807942740688,27.599981,78.050006
118962,STATE - TAMIL NADU,Support activities for crop production,48326,30098,18228,26370,16030,10340,21956,14068,7888,15474,8240,7234,11156,5846,5310,4318,2394,1924,63800,1.65119596225587,30.320409,78.050006
118963,STATE - TAMIL NADU,Support activities for animal production,15,3,12,12,0,12,3,3,0,6,0,6,6,0,6,0,0,0,21,0.25,22.58039,88.329947
118964,STATE - TAMIL NADU,Post-harvest crop activities,9687,7817,1870,6447,5475,972,3240,2342,898,2098,1449,649,1560,1076,484,538,373,165,11785,4.180213903743316,22.65423406060606,82.20022463636361
118965,STATE - TAMIL NADU,Seed processing for propagation,27,18,9,0,0,0,27,18,9,6,6,0,0,0,0,6,6,0,33,2,22.65423406060606,82.20022463636361
118966,STATE - TAMIL NADU,Forestry and logging,12866,9931,2935,9055,6915,2140,3811,3016,795,2604,1901,703,2076,1461,615,528,440,88,15470,3.3836456558773422,22.65423406060606,82.20022463636361
118967,STATE - TAMIL NADU,Silviculture and other forestry activities,326,251,75,157,139,18,169,112,57,84,66,18,75,57,18,9,9,0,410,3.3466666666666667,22.65423406060606,82.20022463636361
118968,STATE - TAMIL NADU,Silviculture and other forestry activities,326,251,75,157,139,18,169,112,57,84,66,18,75,57,18,9,9,0,410,3.3466666666666667,22.65423406060606,82.20022463636361
118969,STATE - TAMIL NADU,Logging,11154,8467,2687,8186,6118,2068,2968,2349,619,2468,1811,657,1955,1386,569,513,425,88,13622,3.1510978786751025,22.65423406060606,82.20022463636361
118970,STATE - TAMIL NADU,Logging,11154,8467,2687,8186,6118,2068,2968,2349,619,2468,1811,657,1955,1386,569,513,425,88,13622,3.1510978786751025,22.65423406060606,82.20022463636361
118971,STATE - TAMIL NADU,Gathering of non-wood forest products,118,88,30,46,34,12,72,54,18,29,9,20,26,6,20,3,3,0,147,2.933333333333333,22.65423406060606,82.20022463636361
118972,STATE - TAMIL NADU,Gathering of non-wood forest products,118,88,30,46,34,12,72,54,18,29,9,20,26,6,20,3,3,0,147,2.933333333333333,22.65423406060606,82.20022463636361
118973,STATE - TAMIL NADU,Support services to forestry,1268,1125,143,666,624,42,602,501,101,23,15,8,20,12,8,3,3,0,1291,7.8671328671328675,22.65423406060606,82.20022463636361
118974,STATE - TAMIL NADU,Support services to forestry,1268,1125,143,666,624,42,602,501,101,23,15,8,20,12,8,3,3,0,1291,7.8671328671328675,22.65423406060606,82.20022463636361
118975,STATE - TAMIL NADU,Fishing and aquaculture,7320,6650,670,4829,4412,417,2491,2238,253,690,586,104,404,350,54,286,236,50,8010,9.92537313432836,22.65423406060606,82.20022463636361
118976,STATE - TAMIL NADU,Fishing,6913,6319,594,4628,4243,385,2285,2076,209,644,553,91,370,326,44,274,227,47,7557,10.638047138047138,22.65423406060606,82.20022463636361
118977,STATE - TAMIL NADU,Marine fishing,5864,5387,477,3748,3458,290,2116,1929,187,531,460,71,294,254,40,237,206,31,6395,11.29350104821803,22.65423406060606,82.20022463636361
118978,STATE - TAMIL NADU,Freash water fishing,1049,932,117,880,785,95,169,147,22,113,93,20,76,72,4,37,21,16,1162,7.965811965811966,22.65423406060606,82.20022463636361
118979,STATE - TAMIL NADU,Aquaculture,407,331,76,201,169,32,206,162,44,46,33,13,34,24,10,12,9,3,453,4.355263157894737,22.65423406060606,82.20022463636361
118980,STATE - TAMIL NADU,Marine aquaculture,235,198,37,79,69,10,156,129,27,20,12,8,14,6,8,6,6,0,255,5.351351351351352,22.65423406060606,82.20022463636361
118981,STATE - TAMIL NADU,Freshwater aquaculture,172,133,39,122,100,22,50,33,17,26,21,5,20,18,2,6,3,3,198,3.41025641025641,22.65423406060606,82.20022463636361
118982,STATE - TAMIL NADU,Mining of coal and lignite,5948,5570,378,1499,1431,68,4449,4139,310,340,297,43,268,237,31,72,60,12,6288,14.735449735449736,22.65423406060606,82.20022463636361
118983,STATE - TAMIL NADU,Mining of hard coal,858,822,36,404,396,8,454,426,28,115,93,22,96,78,18,19,15,4,973,22.83333333333333,22.65423406060606,82.20022463636361
118984,STATE - TAMIL NADU,Mining of hard coal,858,822,36,404,396,8,454,426,28,115,93,22,96,78,18,19,15,4,973,22.83333333333333,22.65423406060606,82.20022463636361
118985,STATE - TAMIL NADU,Mining of lignite,5090,4748,342,1095,1035,60,3995,3713,282,225,204,21,172,159,13,53,45,8,5315,13.883040935672517,22.65423406060606,82.20022463636361
118986,STATE - TAMIL NADU,Mining of lignite,5090,4748,342,1095,1035,60,3995,3713,282,225,204,21,172,159,13,53,45,8,5315,13.883040935672517,22.65423406060606,82.20022463636361
118987,STATE - TAMIL NADU,Extraction of crude petroleum and natural gas,458,429,29,230,216,14,228,213,15,21,21,0,3,3,0,18,18,0,479,14.79310344827586,22.65423406060606,82.20022463636361
118988,STATE - TAMIL NADU,Extraction of crude petroleum,202,196,6,89,89,0,113,107,6,6,6,0,3,3,0,3,3,0,208,32.666666666666664,22.65423406060606,82.20022463636361
118989,STATE - TAMIL NADU,Extraction of crude petroleum,202,196,6,89,89,0,113,107,6,6,6,0,3,3,0,3,3,0,208,32.666666666666664,22.65423406060606,82.20022463636361
118990,STATE - TAMIL NADU,Extraction of natural gas,256,233,23,141,127,14,115,106,9,15,15,0,0,0,0,15,15,0,271,10.130434782608695,22.65423406060606,82.20022463636361
118991,STATE - TAMIL NADU,Extraction of natural gas,256,233,23,141,127,14,115,106,9,15,15,0,0,0,0,15,15,0,271,10.130434782608695,22.65423406060606,82.20022463636361
118992,STATE - TAMIL NADU,Mining of metal ores,154,132,22,58,56,2,96,76,20,15,12,3,12,12,0,3,0,3,169,6,22.65423406060606,82.20022463636361
118993,STATE - TAMIL NADU,Mining of iron ores,26,24,2,20,18,2,6,6,0,12,12,0,12,12,0,0,0,0,38,12,22.65423406060606,82.20022463636361
118994,STATE - TAMIL NADU,Mining of iron ores,26,24,2,20,18,2,6,6,0,12,12,0,12,12,0,0,0,0,38,12,22.65423406060606,82.20022463636361
118995,STATE - TAMIL NADU,Mining of non-ferrous metal ores,128,108,20,38,38,0,90,70,20,3,0,3,0,0,0,3,0,3,131,5.4,22.65423406060606,82.20022463636361
118996,STATE - TAMIL NADU,Mining of other non-ferrous metal ores,128,108,20,38,38,0,90,70,20,3,0,3,0,0,0,3,0,3,131,5.4,22.65423406060606,82.20022463636361
118997,STATE - TAMIL NADU,Other mining and quarrying,16766,11940,4826,9839,7124,2715,6927,4816,2111,2468,1523,945,1439,933,506,1029,590,439,19234,2.474098632407791,22.65423406060606,82.20022463636361
118998,STATE - TAMIL NADU,"Quarrying of stone, sand and clay",10425,8108,2317,6947,5364,1583,3478,2744,734,1253,900,353,951,676,275,302,224,78,11678,3.4993526111350883,22.65423406060606,82.20022463636361
118999,STATE - TAMIL NADU,"Quarrying of stone, sand and clay",10425,8108,2317,6947,5364,1583,3478,2744,734,1253,900,353,951,676,275,302,224,78,11678,3.4993526111350883,22.65423406060606,82.20022463636361
119000,STATE - TAMIL NADU,Mining and quarrying n.e.c.,6341,3832,2509,2892,1760,1132,3449,2072,1377,1215,623,592,488,257,231,727,366,361,7556,1.5273017138302112,22.65423406060606,82.20022463636361
119001,STATE - TAMIL NADU,Mining of chemical and fertilizer minerals,21,18,3,6,6,0,15,12,3,3,3,0,3,3,0,0,0,0,24,6,22.65423406060606,82.20022463636361
119002,STATE - TAMIL NADU,Extraction of salt,5919,3492,2427,2605,1523,1082,3314,1969,1345,1155,575,580,451,223,228,704,352,352,7074,1.438813349814586,22.65423406060606,82.20022463636361
119003,STATE - TAMIL NADU,Other mining and quarrying n.e.c.,401,322,79,281,231,50,120,91,29,57,45,12,34,31,3,23,14,9,458,4.075949367088608,22.65423406060606,82.20022463636361
119004,STATE - TAMIL NADU,Support activities for other mining and quarrying,15,15,0,12,12,0,3,3,0,3,3,0,0,0,0,3,3,0,18,15,22.65423406060606,82.20022463636361
119005,STATE - TAMIL NADU,Support activities for other mining and quarrying,15,15,0,12,12,0,3,3,0,3,3,0,0,0,0,3,3,0,18,15,22.65423406060606,82.20022463636361
119006,STATE - TAMIL NADU,Manufacture of food products,39897,24155,15742,20322,12692,7630,19575,11463,8112,9894,4331,5563,7065,3115,3950,2829,1216,1613,49791,1.5344301867615298,22.65423406060606,82.20022463636361
119007,STATE - TAMIL NADU,Processing and preserving of meat,649,442,207,343,209,134,306,233,73,91,53,38,41,26,15,50,27,23,740,2.135265700483092,22.65423406060606,82.20022463636361
119008,STATE - TAMIL NADU,Processing and preserving of meat,649,442,207,343,209,134,306,233,73,91,53,38,41,26,15,50,27,23,740,2.135265700483092,22.65423406060606,82.20022463636361
119009,STATE - TAMIL NADU,"Processing and preserving of fish, crustaceans and molluscs",1071,628,443,428,255,173,643,373,270,154,66,88,76,21,55,78,45,33,1225,1.417607223476298,22.65423406060606,82.20022463636361
119010,STATE - TAMIL NADU,"Processing and preserving of fish, crustaceans and molluscs and",1071,628,443,428,255,173,643,373,270,154,66,88,76,21,55,78,45,33,1225,1.417607223476298,22.65423406060606,82.20022463636361
119011,STATE - TAMIL NADU,Processing and preserving of fruit and vegetables,1312,787,525,712,444,268,600,343,257,326,166,160,189,108,81,137,58,79,1638,1.499047619047619,22.65423406060606,82.20022463636361
119012,STATE - TAMIL NADU,Processing and preserving of fruit and vegetables,1312,787,525,712,444,268,600,343,257,326,166,160,189,108,81,137,58,79,1638,1.499047619047619,22.65423406060606,82.20022463636361
119013,STATE - TAMIL NADU,Manufacture of vegetable and animal oils and fats,1499,1171,328,739,568,171,760,603,157,143,103,40,84,63,21,59,40,19,1642,3.5701219512195124,22.65423406060606,82.20022463636361
119014,STATE - TAMIL NADU,Manufacture of vegetable and animal oils and fats,1499,1171,328,739,568,171,760,603,157,143,103,40,84,63,21,59,40,19,1642,3.5701219512195124,22.65423406060606,82.20022463636361
119015,STATE - TAMIL NADU,Manufacture of dairy products,4379,2511,1868,2803,1571,1232,1576,940,636,1278,461,817,1008,360,648,270,101,169,5657,1.344218415417559,22.65423406060606,82.20022463636361
119016,STATE - TAMIL NADU,Manufacture of dairy products,4379,2511,1868,2803,1571,1232,1576,940,636,1278,461,817,1008,360,648,270,101,169,5657,1.344218415417559,22.65423406060606,82.20022463636361
119017,STATE - TAMIL NADU,"Manufacture of grain mill products, starches and starch products",13408,8328,5080,7068,4465,2603,6340,3863,2477,4571,2018,2553,3672,1629,2043,899,389,510,17979,1.6393700787401575,22.65423406060606,82.20022463636361
119018,STATE - TAMIL NADU,Manufacture of grain mill products,12582,7850,4732,6806,4313,2493,5776,3537,2239,4463,1938,2525,3648,1611,2037,815,327,488,17045,1.6589180050718513,22.65423406060606,82.20022463636361
119019,STATE - TAMIL NADU,Manufacture of starches and starch products,826,478,348,262,152,110,564,326,238,108,80,28,24,18,6,84,62,22,934,1.3735632183908046,22.65423406060606,82.20022463636361
119020,STATE - TAMIL NADU,Manufacture of other food products,17282,10056,7226,8054,5046,3008,9228,5010,4218,3285,1435,1850,1964,890,1074,1321,545,776,20567,1.3916412953224466,22.65423406060606,82.20022463636361
119021,STATE - TAMIL NADU,Manufacture of bakery products,1422,1081,341,718,548,170,704,533,171,154,116,38,99,75,24,55,41,14,1576,3.1700879765395893,22.65423406060606,82.20022463636361
119022,STATE - TAMIL NADU,Manufacture of sugar,2613,2286,327,1828,1583,245,785,703,82,380,289,91,267,213,54,113,76,37,2993,6.990825688073395,22.65423406060606,82.20022463636361
119023,STATE - TAMIL NADU,"Manufacture of cocoa, chocolate and sugar confectionery",1546,1075,471,645,478,167,901,597,304,135,84,51,64,45,19,71,39,32,1681,2.282377919320594,22.65423406060606,82.20022463636361
119024,STATE - TAMIL NADU,"Manufacture of macaroni, noodles, couscous and similar farinaceous",144,76,68,39,33,6,105,43,62,43,20,23,16,8,8,27,12,15,187,1.1176470588235294,22.65423406060606,82.20022463636361
119025,STATE - TAMIL NADU,Manufacture of prepared meals and dishes,3386,1829,1557,1900,1055,845,1486,774,712,787,359,428,484,243,241,303,116,187,4173,1.1746949261400128,22.65423406060606,82.20022463636361
119026,STATE - TAMIL NADU,Manufacture of other food products n.e.c.,8171,3709,4462,2924,1349,1575,5247,2360,2887,1786,567,1219,1034,306,728,752,261,491,9957,0.8312415956969968,22.65423406060606,82.20022463636361
119027,STATE - TAMIL NADU,Manufacture of prepared animal feeds,297,232,65,175,134,41,122,98,24,46,29,17,31,18,13,15,11,4,343,3.569230769230769,22.65423406060606,82.20022463636361
119028,STATE - TAMIL NADU,Manufacture of prepared animal feeds,297,232,65,175,134,41,122,98,24,46,29,17,31,18,13,15,11,4,343,3.569230769230769,22.65423406060606,82.20022463636361
119029,STATE - TAMIL NADU,Manufacture of beverages,2871,2107,764,1605,1081,524,1266,1026,240,345,206,139,265,147,118,80,59,21,3216,2.757853403141361,22.65423406060606,82.20022463636361
119030,STATE - TAMIL NADU,Manufacture of beverages,2871,2107,764,1605,1081,524,1266,1026,240,345,206,139,265,147,118,80,59,21,3216,2.757853403141361,22.65423406060606,82.20022463636361
119031,STATE - TAMIL NADU,"Distilling, rectifying and blending of spirits; ethyl alcohol production",273,203,70,213,153,60,60,50,10,53,29,24,48,26,22,5,3,2,326,2.9,22.65423406060606,82.20022463636361
119032,STATE - TAMIL NADU,Manufacture of wines,23,17,6,14,8,6,9,9,0,6,6,0,0,0,0,6,6,0,29,2.833333333333333,22.65423406060606,82.20022463636361
119033,STATE - TAMIL NADU,Manufacture of malt liquors and malt,408,165,243,317,96,221,91,69,22,67,28,39,58,22,36,9,6,3,475,0.6790123456790124,22.65423406060606,82.20022463636361
119034,STATE - TAMIL NADU,Manufacture of soft drinks; production of mineral waters and other,2167,1722,445,1061,824,237,1106,898,208,219,143,76,159,99,60,60,44,16,2386,3.8696629213483145,22.65423406060606,82.20022463636361
119035,STATE - TAMIL NADU,Preparation and spinning of textile fibres,40442,22658,17784,25515,13806,11709,14927,8852,6075,6347,2939,3408,4807,2124,2683,1540,815,725,46789,1.2740665766981556,22.65423406060606,82.20022463636361
119036,STATE - TAMIL NADU,Weaving of textiles,37951,24220,13731,19914,12817,7097,18037,11403,6634,2507,1214,1293,1417,722,695,1090,492,598,40458,1.7638919233850412,22.65423406060606,82.20022463636361
119037,STATE - TAMIL NADU,Finishing of textiles,6171,4277,1894,2758,1828,930,3413,2449,964,554,353,201,317,212,105,237,141,96,6725,2.25818373812038,22.65423406060606,82.20022463636361
119038,STATE - TAMIL NADU,Manufacture of other textiles,14131,7912,6219,8046,4473,3573,6085,3439,2646,2252,1205,1047,1111,560,551,1141,645,496,16383,1.272230262100016,22.65423406060606,82.20022463636361
119039,STATE - TAMIL NADU,Manufacture of knitted and crocheted fabrics,4619,3002,1617,3191,2124,1067,1428,878,550,461,281,180,333,203,130,128,78,50,5080,1.8565244279529995,22.65423406060606,82.20022463636361
119040,STATE - TAMIL NADU,"Manufacture of made-up textile articles, except apparel",1211,776,435,511,340,171,700,436,264,158,102,56,41,24,17,117,78,39,1369,1.7839080459770116,22.65423406060606,82.20022463636361
119041,STATE - TAMIL NADU,Manufacture of carpets and rugs,761,378,383,459,191,268,302,187,115,122,61,61,39,22,17,83,39,44,883,0.9869451697127938,22.65423406060606,82.20022463636361
119042,STATE - TAMIL NADU,"Manufacture of cordage, rope, twine and netting",5162,2468,2694,2650,1170,1480,2512,1298,1214,894,454,440,367,135,232,527,319,208,6056,0.9161098737936154,22.65423406060606,82.20022463636361
119043,STATE - TAMIL NADU,Manufacture of other textiles n.e.c.,2378,1288,1090,1235,648,587,1143,640,503,617,307,310,331,176,155,286,131,155,2995,1.181651376146789,22.65423406060606,82.20022463636361
119044,STATE - TAMIL NADU,Manufacture of articles of fur,23,20,3,9,9,0,14,11,3,3,3,0,0,0,0,3,3,0,26,6.666666666666667,22.65423406060606,82.20022463636361
119045,STATE - TAMIL NADU,Manufacture of articles of fur,23,20,3,9,9,0,14,11,3,3,3,0,0,0,0,3,3,0,26,6.666666666666667,22.65423406060606,82.20022463636361
119046,STATE - TAMIL NADU,Manufacture of knitted and crocheted apparel,32425,21127,11298,12171,8181,3990,20254,12946,7308,2552,1481,1071,945,612,333,1607,869,738,34977,1.8699769870773588,22.65423406060606,82.20022463636361
119047,STATE - TAMIL NADU,Manufacture of knitted and crocheted apparel,32425,21127,11298,12171,8181,3990,20254,12946,7308,2552,1481,1071,945,612,333,1607,869,738,34977,1.8699769870773588,22.65423406060606,82.20022463636361
119048,STATE - TAMIL NADU,Manufacture of leather and related products,48180,27229,20951,23056,11685,11371,25124,15544,9580,4447,2086,2361,2603,1090,1513,1844,996,848,52627,1.2996515679442509,22.65423406060606,82.20022463636361
119049,STATE - TAMIL NADU,"Tanning and dressing of leather; manufacture of luggage, handbags, saddlery",18967,13003,5964,7491,4894,2597,11476,8109,3367,1482,902,580,777,449,328,705,453,252,20449,2.1802481556002684,22.65423406060606,82.20022463636361
119050,STATE - TAMIL NADU,Tanning and dressing of leather; dressing and dyeing of fur,17728,12255,5473,6881,4542,2339,10847,7713,3134,1347,818,529,702,402,300,645,416,229,19075,2.239174127535173,22.65423406060606,82.20022463636361
119051,STATE - TAMIL NADU,"Manufacture of luggage, handbags and the like, saddlery and harness",1239,748,491,610,352,258,629,396,233,135,84,51,75,47,28,60,37,23,1374,1.523421588594705,22.65423406060606,82.20022463636361
119052,STATE - TAMIL NADU,Manufacture of footwear,29213,14226,14987,15565,6791,8774,13648,7435,6213,2965,1184,1781,1826,641,1185,1139,543,596,32178,0.9492226596383532,22.65423406060606,82.20022463636361
119053,STATE - TAMIL NADU,Manufacture of footwear,29213,14226,14987,15565,6791,8774,13648,7435,6213,2965,1184,1781,1826,641,1185,1139,543,596,32178,0.9492226596383532,22.65423406060606,82.20022463636361
119054,STATE - TAMIL NADU,"Manufacture of wood and products of wood and cork, except furniture;",31920,23972,7948,14649,10234,4415,17271,13738,3533,6068,3810,2258,3709,2241,1468,2359,1569,790,37988,3.016104680422748,22.65423406060606,82.20022463636361
119055,STATE - TAMIL NADU,Sawmilling and planing of wood,3034,2782,252,999,957,42,2035,1825,210,336,306,30,202,182,20,134,124,10,3370,11.03968253968254,22.65423406060606,82.20022463636361
119056,STATE - TAMIL NADU,Saw milling and planing of wood,3034,2782,252,999,957,42,2035,1825,210,336,306,30,202,182,20,134,124,10,3370,11.03968253968254,22.65423406060606,82.20022463636361
119057,STATE - TAMIL NADU,"Manufacture of products of wood, cork, straw and plaiting materials",28886,21190,7696,13650,9277,4373,15236,11913,3323,5732,3504,2228,3507,2059,1448,2225,1445,780,34618,2.7533783783783785,22.65423406060606,82.20022463636361
119058,STATE - TAMIL NADU,"Manufacture of veneer sheets; manufacture of plywood, laminboard,",378,303,75,99,65,34,279,238,41,30,22,8,12,6,6,18,16,2,408,4.04,22.65423406060606,82.20022463636361
119059,STATE - TAMIL NADU,Manufacture of builders carpentry and joinery,14535,14208,327,5728,5612,116,8807,8596,211,2158,2093,65,1162,1131,31,996,962,34,16693,43.44954128440367,22.65423406060606,82.20022463636361
119060,STATE - TAMIL NADU,Manufacture of wooden containers,7808,3891,3917,4030,1947,2083,3778,1944,1834,1818,753,1065,1169,505,664,649,248,401,9626,0.9933622670411028,22.65423406060606,82.20022463636361
119061,STATE - TAMIL NADU,"Manufacture of other products of wood; manufacture of articles of cork,",6165,2788,3377,3793,1653,2140,2372,1135,1237,1726,636,1090,1164,417,747,562,219,343,7891,0.8255848386141545,22.65423406060606,82.20022463636361
119062,STATE - TAMIL NADU,Manufacture of paper and paper products,6071,4416,1655,2592,1923,669,3479,2493,986,547,321,226,256,172,84,291,149,142,6618,2.6682779456193355,22.65423406060606,82.20022463636361
119063,STATE - TAMIL NADU,Manufacture of paper and paper products,6071,4416,1655,2592,1923,669,3479,2493,986,547,321,226,256,172,84,291,149,142,6618,2.6682779456193355,22.65423406060606,82.20022463636361
119064,STATE - TAMIL NADU,"Manufacture of pulp, paper and paperboard",3444,2576,868,1398,1050,348,2046,1526,520,277,158,119,132,79,53,145,79,66,3721,2.967741935483871,22.65423406060606,82.20022463636361
119065,STATE - TAMIL NADU,Manufacture of corrugated paper and paperboard and containers of,1279,826,453,590,394,196,689,432,257,160,98,62,66,45,21,94,53,41,1439,1.823399558498896,22.65423406060606,82.20022463636361
119066,STATE - TAMIL NADU,Manufacture of other articles of paper and paperboard,1348,1014,334,604,479,125,744,535,209,110,65,45,58,48,10,52,17,35,1458,3.035928143712575,22.65423406060606,82.20022463636361
119067,STATE - TAMIL NADU,Printing and reproduction of recorded media,9130,7700,1430,1685,1499,186,7445,6201,1244,617,467,150,175,121,54,442,346,96,9747,5.384615384615385,22.65423406060606,82.20022463636361
119068,STATE - TAMIL NADU,Printing and service activities related to printing,9118,7691,1427,1685,1499,186,7433,6192,1241,617,467,150,175,121,54,442,346,96,9735,5.389628591450595,22.65423406060606,82.20022463636361
119069,STATE - TAMIL NADU,Printing,1405,1169,236,289,252,37,1116,917,199,89,81,8,26,26,0,63,55,8,1494,4.953389830508475,22.65423406060606,82.20022463636361
119070,STATE - TAMIL NADU,Service activities related to printing,7713,6522,1191,1396,1247,149,6317,5275,1042,528,386,142,149,95,54,379,291,88,8241,5.476070528967254,22.65423406060606,82.20022463636361
119071,STATE - TAMIL NADU,Reproduction of recorded media,12,9,3,0,0,0,12,9,3,0,0,0,0,0,0,0,0,0,12,3,22.65423406060606,82.20022463636361
119072,STATE - TAMIL NADU,Reproduction of recorded media,12,9,3,0,0,0,12,9,3,0,0,0,0,0,0,0,0,0,12,3,22.65423406060606,82.20022463636361
119073,STATE - TAMIL NADU,Manufacture of coke and refined petroleum products,1585,1424,161,225,199,26,1360,1225,135,181,161,20,46,40,6,135,121,14,1766,8.84472049689441,22.65423406060606,82.20022463636361
119074,STATE - TAMIL NADU,Manufacture of coke oven products,18,18,0,12,12,0,6,6,0,6,0,6,6,0,6,0,0,0,24,18,22.65423406060606,82.20022463636361
119075,STATE - TAMIL NADU,Manufacture of coke oven products,18,18,0,12,12,0,6,6,0,6,0,6,6,0,6,0,0,0,24,18,22.65423406060606,82.20022463636361
119076,STATE - TAMIL NADU,Manufacture of refined petroleum products,1567,1406,161,213,187,26,1354,1219,135,175,161,14,40,40,0,135,121,14,1742,8.732919254658386,22.65423406060606,82.20022463636361
119077,STATE - TAMIL NADU,Manufacture of refined petroleum products,1567,1406,161,213,187,26,1354,1219,135,175,161,14,40,40,0,135,121,14,1742,8.732919254658386,22.65423406060606,82.20022463636361
119078,STATE - TAMIL NADU,"Manufacture of basic chemicals, fertilizer and nitrogen compounds, plastics",1800,1453,347,698,570,128,1102,883,219,200,150,50,108,91,17,92,59,33,2000,4.187319884726225,22.65423406060606,82.20022463636361
119079,STATE - TAMIL NADU,Manufacture of basic chemicals,993,799,194,432,363,69,561,436,125,123,100,23,78,70,8,45,30,15,1116,4.118556701030927,22.65423406060606,82.20022463636361
119080,STATE - TAMIL NADU,Manufacture of fertilizers and nitrogen compounds,630,556,74,248,195,53,382,361,21,54,36,18,21,12,9,33,24,9,684,7.513513513513513,22.65423406060606,82.20022463636361
119081,STATE - TAMIL NADU,Manufacture of plastics and synthetic rubber in primary forms,177,98,79,18,12,6,159,86,73,23,14,9,9,9,0,14,5,9,200,1.240506329113924,22.65423406060606,82.20022463636361
119082,STATE - TAMIL NADU,Manufacture of pesticides and other agrochemical products,183,142,41,75,48,27,108,94,14,9,9,0,9,9,0,0,0,0,192,3.463414634146341,22.65423406060606,82.20022463636361
119083,STATE - TAMIL NADU,"Manufacture of paints, varnishes and similar coatings, printing ink and",1071,965,106,471,432,39,600,533,67,109,85,24,54,45,9,55,40,15,1180,9.10377358490566,22.65423406060606,82.20022463636361
119084,STATE - TAMIL NADU,"Manufacture of soap and detergents, cleaning and polishing preparations,",3781,1584,2197,2325,739,1586,1456,845,611,1090,172,918,903,83,820,187,89,98,4871,0.7209831588529814,22.65423406060606,82.20022463636361
119085,STATE - TAMIL NADU,Manufacture of man-made fibres,15,12,3,9,6,3,6,6,0,3,3,0,3,3,0,0,0,0,18,4,22.65423406060606,82.20022463636361
119086,STATE - TAMIL NADU,Manufacture of man-made fibres,15,12,3,9,6,3,6,6,0,3,3,0,3,3,0,0,0,0,18,4,22.65423406060606,82.20022463636361
119087,STATE - TAMIL NADU,"Manufacture of pharmaceuticals, medicinal chemical and botanical products",2632,1729,903,1117,700,417,1515,1029,486,209,111,98,132,57,75,77,54,23,2841,1.9147286821705427,22.65423406060606,82.20022463636361
119088,STATE - TAMIL NADU,"Manufacture of pharmaceuticals, medicinal chemical and botanical products",2632,1729,903,1117,700,417,1515,1029,486,209,111,98,132,57,75,77,54,23,2841,1.9147286821705427,22.65423406060606,82.20022463636361
119089,STATE - TAMIL NADU,"Manufacture of pharmaceuticals, medicinal chemical and botanical",2632,1729,903,1117,700,417,1515,1029,486,209,111,98,132,57,75,77,54,23,2841,1.9147286821705427,22.65423406060606,82.20022463636361
119090,STATE - TAMIL NADU,Manufacture of rubber and plastics products,9889,7595,2294,4477,3678,799,5412,3917,1495,986,594,392,439,298,141,547,296,251,10875,3.310810810810811,22.65423406060606,82.20022463636361
119091,STATE - TAMIL NADU,Manufacture of rubber products,5430,4976,454,2964,2714,250,2466,2262,204,391,337,54,197,169,28,194,168,26,5821,10.960352422907487,22.65423406060606,82.20022463636361
119092,STATE - TAMIL NADU,Manufacture of rubber tyres and tubes; retreading and rebuilding of,4322,4090,232,2470,2324,146,1852,1766,86,311,290,21,163,155,8,148,135,13,4633,17.629310344827587,22.65423406060606,82.20022463636361
119093,STATE - TAMIL NADU,Manufacture of other rubber products,1108,886,222,494,390,104,614,496,118,80,47,33,34,14,20,46,33,13,1188,3.990990990990991,22.65423406060606,82.20022463636361
119094,STATE - TAMIL NADU,Manufacture of plastics products,4459,2619,1840,1513,964,549,2946,1655,1291,595,257,338,242,129,113,353,128,225,5054,1.4233695652173912,22.65423406060606,82.20022463636361
119095,STATE - TAMIL NADU,Manufacture of plastics products,4459,2619,1840,1513,964,549,2946,1655,1291,595,257,338,242,129,113,353,128,225,5054,1.4233695652173912,22.65423406060606,82.20022463636361
119096,STATE - TAMIL NADU,Manufacture of other non-metallic mineral products,37126,23905,13221,23880,15098,8782,13246,8807,4439,7539,4348,3191,6090,3513,2577,1449,835,614,44665,1.8081083125330912,22.65423406060606,82.20022463636361
119097,STATE - TAMIL NADU,Manufacture of glass and glass products,1655,1103,552,893,521,372,762,582,180,207,112,95,135,84,51,72,28,44,1862,1.9981884057971016,22.65423406060606,82.20022463636361
119098,STATE - TAMIL NADU,Manufacture of glass and glass products,1655,1103,552,893,521,372,762,582,180,207,112,95,135,84,51,72,28,44,1862,1.9981884057971016,22.65423406060606,82.20022463636361
119099,STATE - TAMIL NADU,Manufacture of non-metallic mineral products n.e.c.,35471,22802,12669,22987,14577,8410,12484,8225,4259,7332,4236,3096,5955,3429,2526,1377,807,570,42803,1.799826347778041,22.65423406060606,82.20022463636361
119100,STATE - TAMIL NADU,Manufacture of refractory products,536,378,158,331,232,99,205,146,59,86,66,20,50,38,12,36,28,8,622,2.392405063291139,22.65423406060606,82.20022463636361
119101,STATE - TAMIL NADU,Manufacture of clay building materials,26827,15950,10877,18506,11022,7484,8321,4928,3393,6077,3356,2721,5131,2825,2306,946,531,415,32904,1.4663969844626277,22.65423406060606,82.20022463636361
119102,STATE - TAMIL NADU,Manufacture of other porcelain and ceramic products,1451,887,564,624,383,241,827,504,323,279,169,110,189,125,64,90,44,46,1730,1.572695035460993,22.65423406060606,82.20022463636361
119103,STATE - TAMIL NADU,"Manufacture of cement, lime and plaster",2849,2554,295,1504,1349,155,1345,1205,140,376,272,104,188,153,35,188,119,69,3225,8.657627118644069,22.65423406060606,82.20022463636361
119104,STATE - TAMIL NADU,"Manufacture of articles of concrete, cement and plaster",2303,1773,530,1117,853,264,1186,920,266,288,198,90,222,151,71,66,47,19,2591,3.3452830188679243,22.65423406060606,82.20022463636361
119105,STATE - TAMIL NADU,"Cutting, shaping and finishing of stone",1149,949,200,705,562,143,444,387,57,170,133,37,139,107,32,31,26,5,1319,4.745,22.65423406060606,82.20022463636361
119106,STATE - TAMIL NADU,Manufacture of other non-metallic mineral products n.e.c.,356,311,45,200,176,24,156,135,21,56,42,14,36,30,6,20,12,8,412,6.911111111111111,22.65423406060606,82.20022463636361
119107,STATE - TAMIL NADU,Manufacture of basic metals,6188,5569,619,2318,2135,183,3870,3434,436,542,455,87,262,236,26,280,219,61,6730,8.996768982229403,22.65423406060606,82.20022463636361
119108,STATE - TAMIL NADU,Manufacture of basic iron and steel,4037,3666,371,1397,1269,128,2640,2397,243,358,312,46,150,144,6,208,168,40,4395,9.881401617250674,22.65423406060606,82.20022463636361
119109,STATE - TAMIL NADU,Manufacture of basic iron and steel,4037,3666,371,1397,1269,128,2640,2397,243,358,312,46,150,144,6,208,168,40,4395,9.881401617250674,22.65423406060606,82.20022463636361
119110,STATE - TAMIL NADU,Manufacture of basic precious and other non-ferrous metals,978,838,140,303,291,12,675,547,128,61,27,34,29,9,20,32,18,14,1039,5.985714285714286,22.65423406060606,82.20022463636361
119111,STATE - TAMIL NADU,Manufacture of basic precious and other non-ferrous metals,978,838,140,303,291,12,675,547,128,61,27,34,29,9,20,32,18,14,1039,5.985714285714286,22.65423406060606,82.20022463636361
119112,STATE - TAMIL NADU,Casting of metals,1173,1065,108,618,575,43,555,490,65,123,116,7,83,83,0,40,33,7,1296,9.86111111111111,22.65423406060606,82.20022463636361
119113,STATE - TAMIL NADU,Casting of iron and steel,941,866,75,505,476,29,436,390,46,106,102,4,75,75,0,31,27,4,1047,11.546666666666669,22.65423406060606,82.20022463636361
119114,STATE - TAMIL NADU,Casting of non-ferrous metals,232,199,33,113,99,14,119,100,19,17,14,3,8,8,0,9,6,3,249,6.03030303030303,22.65423406060606,82.20022463636361
119115,STATE - TAMIL NADU,"Manufacture of fabricated metal products, except machinery and equipment",39763,37445,2318,13834,13218,616,25929,24227,1702,3896,3602,294,1736,1630,106,2160,1972,188,43659,16.154012079378774,22.65423406060606,82.20022463636361
119116,STATE - TAMIL NADU,"Manufacture of structural metal products, tanks, reservoirs and steam",3398,3175,223,1025,956,69,2373,2219,154,156,127,29,73,47,26,83,80,3,3554,14.237668161434977,22.65423406060606,82.20022463636361
119117,STATE - TAMIL NADU,Manufacture of structural metal products,341,319,22,157,151,6,184,168,16,34,32,2,14,12,2,20,20,0,375,14.5,22.65423406060606,82.20022463636361
119118,STATE - TAMIL NADU,"Manufacture of tanks, reservoirs and containers of metal",2903,2711,192,786,729,57,2117,1982,135,116,89,27,53,29,24,63,60,3,3019,14.119791666666666,22.65423406060606,82.20022463636361
119119,STATE - TAMIL NADU,"Manufacture of steam generators, except central heating hot water",154,145,9,82,76,6,72,69,3,6,6,0,6,6,0,0,0,0,160,16.11111111111111,22.65423406060606,82.20022463636361
119120,STATE - TAMIL NADU,Manufacture of weapons and ammunition,146,135,11,42,34,8,104,101,3,6,3,3,0,0,0,6,3,3,152,12.272727272727272,22.65423406060606,82.20022463636361
119121,STATE - TAMIL NADU,Manufacture of weapons and ammunition,146,135,11,42,34,8,104,101,3,6,3,3,0,0,0,6,3,3,152,12.272727272727272,22.65423406060606,82.20022463636361
119122,STATE - TAMIL NADU,Manufacture of other fabricated metal products; metalworking service,36219,34135,2084,12767,12228,539,23452,21907,1545,3734,3472,262,1663,1583,80,2071,1889,182,39953,16.379558541266796,22.65423406060606,82.20022463636361
119123,STATE - TAMIL NADU,"Forging, pressing, stamping and roll-forming of metal; powder",128,126,2,84,82,2,44,44,0,2,2,0,2,2,0,0,0,0,130,63,22.65423406060606,82.20022463636361
119124,STATE - TAMIL NADU,Machining; treatment and coating of metals,291,245,46,59,45,14,232,200,32,44,44,0,9,9,0,35,35,0,335,5.326086956521739,22.65423406060606,82.20022463636361
119125,STATE - TAMIL NADU,"Manufacture of cutlery, hand tools and general hardware",2399,2191,208,860,806,54,1539,1385,154,221,198,23,115,113,2,106,85,21,2620,10.533653846153848,22.65423406060606,82.20022463636361
119126,STATE - TAMIL NADU,Manufacture of other fabricated metal products n.e.c.,33401,31573,1828,11764,11295,469,21637,20278,1359,3467,3228,239,1537,1459,78,1930,1769,161,36868,17.2718818380744,22.65423406060606,82.20022463636361
119127,STATE - TAMIL NADU,"Manufacture of computer, electronic and optical products",5433,3431,2002,3101,1850,1251,2332,1581,751,704,413,291,469,272,197,235,141,94,6137,1.713786213786214,22.65423406060606,82.20022463636361
119128,STATE - TAMIL NADU,Manufacture of electronic components,520,381,139,235,162,73,285,219,66,58,23,35,20,8,12,38,15,23,578,2.741007194244604,22.65423406060606,82.20022463636361
119129,STATE - TAMIL NADU,Manufacture of electronic components,520,381,139,235,162,73,285,219,66,58,23,35,20,8,12,38,15,23,578,2.741007194244604,22.65423406060606,82.20022463636361
119130,STATE - TAMIL NADU,Manufacture of computers and peripheral equipment,304,251,53,89,71,18,215,180,35,24,15,9,6,6,0,18,9,9,328,4.735849056603773,22.65423406060606,82.20022463636361
119131,STATE - TAMIL NADU,Manufacture of computers and peripheral equipment,304,251,53,89,71,18,215,180,35,24,15,9,6,6,0,18,9,9,328,4.735849056603773,22.65423406060606,82.20022463636361
119132,STATE - TAMIL NADU,Manufacture of communication equipment,3855,2309,1546,2491,1423,1068,1364,886,478,569,343,226,422,249,173,147,94,53,4424,1.4935316946959896,22.65423406060606,82.20022463636361
119133,STATE - TAMIL NADU,Manufacture of communication equipment,3855,2309,1546,2491,1423,1068,1364,886,478,569,343,226,422,249,173,147,94,53,4424,1.4935316946959896,22.65423406060606,82.20022463636361
119134,STATE - TAMIL NADU,Manufacture of consumer electronics,206,176,30,74,60,14,132,116,16,34,21,13,13,3,10,21,18,3,240,5.866666666666666,22.65423406060606,82.20022463636361
119135,STATE - TAMIL NADU,Manufacture of consumer electronics,206,176,30,74,60,14,132,116,16,34,21,13,13,3,10,21,18,3,240,5.866666666666666,22.65423406060606,82.20022463636361
119136,STATE - TAMIL NADU,"Manufacture of measuring, testing, navigating and control equipment;",516,285,231,206,128,78,310,157,153,19,11,8,8,6,2,11,5,6,535,1.2337662337662338,22.65423406060606,82.20022463636361
119137,STATE - TAMIL NADU,"Manufacture of measuring, testing, navigating and control equipment",131,104,27,54,42,12,77,62,15,3,0,3,0,0,0,3,0,3,134,3.851851851851852,22.65423406060606,82.20022463636361
119138,STATE - TAMIL NADU,Manufacture of watches and clocks,385,181,204,152,86,66,233,95,138,16,11,5,8,6,2,8,5,3,401,0.8872549019607843,22.65423406060606,82.20022463636361
119139,STATE - TAMIL NADU,"Manufacture of irradiation, electromedical and electrotherapeutic",3,3,0,0,0,0,3,3,0,0,0,0,0,0,0,0,0,0,3,3,22.65423406060606,82.20022463636361
119140,STATE - TAMIL NADU,"Manufacture of irradiation, electromedical and electrotherapeutic",3,3,0,0,0,0,3,3,0,0,0,0,0,0,0,0,0,0,3,3,22.65423406060606,82.20022463636361
119141,STATE - TAMIL NADU,Manufacture of optical instruments and equipment,23,20,3,0,0,0,23,20,3,0,0,0,0,0,0,0,0,0,23,6.666666666666667,22.65423406060606,82.20022463636361
119142,STATE - TAMIL NADU,Manufacture of optical instruments and equipment,23,20,3,0,0,0,23,20,3,0,0,0,0,0,0,0,0,0,23,6.666666666666667,22.65423406060606,82.20022463636361
119143,STATE - TAMIL NADU,Manufacture of magnetic and optical media,6,6,0,6,6,0,0,0,0,0,0,0,0,0,0,0,0,0,6,6,22.65423406060606,82.20022463636361
119144,STATE - TAMIL NADU,Manufacture of magnetic and optical media,6,6,0,6,6,0,0,0,0,0,0,0,0,0,0,0,0,0,6,6,22.65423406060606,82.20022463636361
119145,STATE - TAMIL NADU,Manufacture of electrical equipment,3500,2853,647,1521,1269,252,1979,1584,395,350,265,85,186,152,34,164,113,51,3850,4.409582689335394,22.65423406060606,82.20022463636361
119146,STATE - TAMIL NADU,"Manufacture of electric motors, generators, transformers and electricity",1713,1599,114,784,756,28,929,843,86,145,136,9,83,83,0,62,53,9,1858,14.026315789473683,22.65423406060606,82.20022463636361
119147,STATE - TAMIL NADU,"Manufacture of electric motors, generators, transformers and electricity",1713,1599,114,784,756,28,929,843,86,145,136,9,83,83,0,62,53,9,1858,14.026315789473683,22.65423406060606,82.20022463636361
119148,STATE - TAMIL NADU,Manufacture of batteries and accumulators,185,162,23,71,65,6,114,97,17,30,24,6,24,18,6,6,6,0,215,7.043478260869565,22.65423406060606,82.20022463636361
119149,STATE - TAMIL NADU,Manufacture of batteries and accumulators,185,162,23,71,65,6,114,97,17,30,24,6,24,18,6,6,6,0,215,7.043478260869565,22.65423406060606,82.20022463636361
119150,STATE - TAMIL NADU,Manufacture of wiring and wiring devices,331,234,97,153,95,58,178,139,39,58,36,22,27,15,12,31,21,10,389,2.4123711340206184,22.65423406060606,82.20022463636361
119151,STATE - TAMIL NADU,Manufacture of other electronic and electric wires and cables,112,60,52,52,20,32,60,40,20,26,15,11,18,12,6,8,3,5,138,1.1538461538461535,22.65423406060606,82.20022463636361
119152,STATE - TAMIL NADU,Manufacture of wiring devices,219,174,45,101,75,26,118,99,19,32,21,11,9,3,6,23,18,5,251,3.8666666666666663,22.65423406060606,82.20022463636361
119153,STATE - TAMIL NADU,Manufacture of electric lighting equipment,162,128,34,95,77,18,67,51,16,8,5,3,2,2,0,6,3,3,170,3.764705882352941,22.65423406060606,82.20022463636361
119154,STATE - TAMIL NADU,Manufacture of electric lighting equipment,162,128,34,95,77,18,67,51,16,8,5,3,2,2,0,6,3,3,170,3.764705882352941,22.65423406060606,82.20022463636361
119155,STATE - TAMIL NADU,Manufacture of domestic appliances,833,506,327,330,202,128,503,304,199,85,40,45,38,22,16,47,18,29,918,1.547400611620795,22.65423406060606,82.20022463636361
119156,STATE - TAMIL NADU,Manufacture of domestic appliances,833,506,327,330,202,128,503,304,199,85,40,45,38,22,16,47,18,29,918,1.547400611620795,22.65423406060606,82.20022463636361
119157,STATE - TAMIL NADU,Manufacture of other electrical equipment,276,224,52,88,74,14,188,150,38,24,24,0,12,12,0,12,12,0,300,4.307692307692308,22.65423406060606,82.20022463636361
119158,STATE - TAMIL NADU,Manufacture of other electrical equipment,276,224,52,88,74,14,188,150,38,24,24,0,12,12,0,12,12,0,300,4.307692307692308,22.65423406060606,82.20022463636361
119159,STATE - TAMIL NADU,Manufacture of machinery and equipment n.e.c.,4245,3782,463,1876,1646,230,2369,2136,233,351,243,108,204,126,78,147,117,30,4596,8.168466522678186,22.65423406060606,82.20022463636361
119160,STATE - TAMIL NADU,Manufacture of general purpose machinery,2108,1963,145,744,682,62,1364,1281,83,151,121,30,71,53,18,80,68,12,2259,13.537931034482758,22.65423406060606,82.20022463636361
119161,STATE - TAMIL NADU,"Manufacture of engines and turbines, except aircraft, vehicle and cycle",39,36,3,12,12,0,27,24,3,2,2,0,0,0,0,2,2,0,41,12,22.65423406060606,82.20022463636361
119162,STATE - TAMIL NADU,Manufacture of fluid power equipment,5,2,3,0,0,0,5,2,3,0,0,0,0,0,0,0,0,0,5,0.6666666666666666,22.65423406060606,82.20022463636361
119163,STATE - TAMIL NADU,"Manufacture of other pumps, compressors, taps and valves",427,405,22,92,86,6,335,319,16,30,24,6,6,6,0,24,18,6,457,18.40909090909091,22.65423406060606,82.20022463636361
119164,STATE - TAMIL NADU,"Manufacture of bearings, gears, gearing and driving elements",137,128,9,39,33,6,98,95,3,0,0,0,0,0,0,0,0,0,137,14.22222222222222,22.65423406060606,82.20022463636361
119165,STATE - TAMIL NADU,"Manufacture of ovens, furnaces and furnace burners",18,6,12,18,6,12,0,0,0,0,0,0,0,0,0,0,0,0,18,0.5,22.65423406060606,82.20022463636361
119166,STATE - TAMIL NADU,Manufacture of lifting and handling equipment,166,150,16,54,48,6,112,102,10,14,14,0,0,0,0,14,14,0,180,9.375,22.65423406060606,82.20022463636361
119167,STATE - TAMIL NADU,Manufacture of office machinery and equipment,57,54,3,33,33,0,24,21,3,0,0,0,0,0,0,0,0,0,57,18,22.65423406060606,82.20022463636361
119168,STATE - TAMIL NADU,Manufacture of power-driven hand tools,27,17,10,10,2,8,17,15,2,3,3,0,3,3,0,0,0,0,30,1.7,22.65423406060606,82.20022463636361
119169,STATE - TAMIL NADU,Manufacture of other general-purpose machinery,1232,1165,67,486,462,24,746,703,43,102,78,24,62,44,18,40,34,6,1334,17.388059701492537,22.65423406060606,82.20022463636361
119170,STATE - TAMIL NADU,Manufacture of special-purpose machinery,2137,1819,318,1132,964,168,1005,855,150,200,122,78,133,73,60,67,49,18,2337,5.720125786163522,22.65423406060606,82.20022463636361
119171,STATE - TAMIL NADU,Manufacture of agricultural and forestry machinery,435,393,42,269,253,16,166,140,26,37,17,20,25,14,11,12,3,9,472,9.357142857142858,22.65423406060606,82.20022463636361
119172,STATE - TAMIL NADU,Manufacture of metal-forming machinery and machine tools,253,229,24,108,100,8,145,129,16,25,25,0,14,14,0,11,11,0,278,9.541666666666666,22.65423406060606,82.20022463636361
119173,STATE - TAMIL NADU,Manufacture of machinery for metallurgy,107,92,15,63,57,6,44,35,9,3,3,0,0,0,0,3,3,0,110,6.133333333333334,22.65423406060606,82.20022463636361
119174,STATE - TAMIL NADU,"Manufacture of machinery for mining, quarrying and construction",476,430,46,288,256,32,188,174,14,33,30,3,21,18,3,12,12,0,509,9.347826086956522,22.65423406060606,82.20022463636361
119175,STATE - TAMIL NADU,"Manufacture of machinery for food, beverage and tobacco processing",195,148,47,123,83,40,72,65,7,11,9,2,5,3,2,6,6,0,206,3.148936170212766,22.65423406060606,82.20022463636361
119176,STATE - TAMIL NADU,"Manufacture of machinery for textile, apparel and leather production",525,397,128,231,167,64,294,230,64,77,29,48,60,18,42,17,11,6,602,3.1015625,22.65423406060606,82.20022463636361
119177,STATE - TAMIL NADU,Manufacture of other special-purpose machinery,146,130,16,50,48,2,96,82,14,14,9,5,8,6,2,6,3,3,160,8.125,22.65423406060606,82.20022463636361
119178,STATE - TAMIL NADU,"Manufacture of motor vehicles, trailers and semi-trailers",10860,9800,1060,5356,4818,538,5504,4982,522,890,776,114,577,512,65,313,264,49,11750,9.245283018867925,22.65423406060606,82.20022463636361
119179,STATE - TAMIL NADU,Manufacture of motor vehicles,5246,4726,520,2711,2423,288,2535,2303,232,486,418,68,310,271,39,176,147,29,5732,9.08846153846154,22.65423406060606,82.20022463636361
119180,STATE - TAMIL NADU,Manufacture of motor vehicles,5246,4726,520,2711,2423,288,2535,2303,232,486,418,68,310,271,39,176,147,29,5732,9.08846153846154,22.65423406060606,82.20022463636361
119181,STATE - TAMIL NADU,Manufacture of bodies (coachwork) for motor vehicles; manufacture of,5200,4694,506,2449,2210,239,2751,2484,267,383,346,37,255,235,20,128,111,17,5583,9.276679841897232,22.65423406060606,82.20022463636361
119182,STATE - TAMIL NADU,Manufacture of bodies (coachwork) for motor vehicles; manufacture of trailers and semi-trailers,5200,4694,506,2449,2210,239,2751,2484,267,383,346,37,255,235,20,128,111,17,5583,9.276679841897232,22.65423406060606,82.20022463636361
119183,STATE - TAMIL NADU,Manufacture of parts and accessories for motor vehicles,414,380,34,196,185,11,218,195,23,21,12,9,12,6,6,9,6,3,435,11.176470588235292,22.65423406060606,82.20022463636361
119184,STATE - TAMIL NADU,Manufacture of parts and accessories for motor vehicles,414,380,34,196,185,11,218,195,23,21,12,9,12,6,6,9,6,3,435,11.176470588235292,22.65423406060606,82.20022463636361
119185,STATE - TAMIL NADU,Manufacture of other transport equipment,6797,6211,586,2194,2058,136,4603,4153,450,682,604,78,338,298,40,344,306,38,7479,10.598976109215018,22.65423406060606,82.20022463636361
119186,STATE - TAMIL NADU,Building of ships and boats,240,229,11,116,110,6,124,119,5,16,14,2,8,6,2,8,8,0,256,20.818181818181817,22.65423406060606,82.20022463636361
119187,STATE - TAMIL NADU,Building of ships and floating structures,240,229,11,116,110,6,124,119,5,16,14,2,8,6,2,8,8,0,256,20.818181818181817,22.65423406060606,82.20022463636361
119188,STATE - TAMIL NADU,Manufacture of railway locomotives and rolling stock,2332,2078,254,511,446,65,1821,1632,189,148,110,38,68,46,22,80,64,16,2480,8.181102362204724,22.65423406060606,82.20022463636361
119189,STATE - TAMIL NADU,Manufacture of railway locomotives and rolling stock,2332,2078,254,511,446,65,1821,1632,189,148,110,38,68,46,22,80,64,16,2480,8.181102362204724,22.65423406060606,82.20022463636361
119190,STATE - TAMIL NADU,Manufacture of air and spacecraft and related machinery,23,18,5,8,3,5,15,15,0,0,0,0,0,0,0,0,0,0,23,3.6,22.65423406060606,82.20022463636361
119191,STATE - TAMIL NADU,Manufacture of air and spacecraft and related machinery,23,18,5,8,3,5,15,15,0,0,0,0,0,0,0,0,0,0,23,3.6,22.65423406060606,82.20022463636361
119192,STATE - TAMIL NADU,Manufacture of military fighting vehicles,1092,977,115,20,18,2,1072,959,113,25,20,5,0,0,0,25,20,5,1117,8.495652173913044,22.65423406060606,82.20022463636361
119193,STATE - TAMIL NADU,Manufacture of weapons and ammunition,1092,977,115,20,18,2,1072,959,113,25,20,5,0,0,0,25,20,5,1117,8.495652173913044,22.65423406060606,82.20022463636361
119194,STATE - TAMIL NADU,Manufacture of transport equipment n.e.c.,3110,2909,201,1539,1481,58,1571,1428,143,493,460,33,262,246,16,231,214,17,3603,14.472636815920398,22.65423406060606,82.20022463636361
119195,STATE - TAMIL NADU,Manufacture of motorcycles,1791,1678,113,821,780,41,970,898,72,197,179,18,125,113,12,72,66,6,1988,14.849557522123892,22.65423406060606,82.20022463636361
119196,STATE - TAMIL NADU,Manufacture of bicycles and invalid carriages,366,326,40,113,107,6,253,219,34,32,30,2,5,3,2,27,27,0,398,8.15,22.65423406060606,82.20022463636361
119197,STATE - TAMIL NADU,Manufacture of other transport equipment n.e.c.,953,905,48,605,594,11,348,311,37,264,251,13,132,130,2,132,121,11,1217,18.854166666666668,22.65423406060606,82.20022463636361
119198,STATE - TAMIL NADU,Manufacture of furniture,1886,1692,194,692,592,100,1194,1100,94,370,347,23,140,125,15,230,222,8,2256,8.721649484536082,22.65423406060606,82.20022463636361
119199,STATE - TAMIL NADU,Manufacture of furniture,1886,1692,194,692,592,100,1194,1100,94,370,347,23,140,125,15,230,222,8,2256,8.721649484536082,22.65423406060606,82.20022463636361
119200,STATE - TAMIL NADU,Manufacture of furniture,1886,1692,194,692,592,100,1194,1100,94,370,347,23,140,125,15,230,222,8,2256,8.721649484536082,22.65423406060606,82.20022463636361
119201,STATE - TAMIL NADU,Other manufacturing,78984,62775,16209,33716,26611,7105,45268,36164,9104,10948,7996,2952,6312,4600,1712,4636,3396,1240,89932,3.872848417545808,22.65423406060606,82.20022463636361
119202,STATE - TAMIL NADU,"Manufacture of jewellery, bijouterie and related articles",2901,1914,987,758,391,367,2143,1523,620,255,178,77,77,53,24,178,125,53,3156,1.939209726443769,22.65423406060606,82.20022463636361
119203,STATE - TAMIL NADU,Manufacture of jewellery and related articles,2677,1849,828,689,364,325,1988,1485,503,215,155,60,69,45,24,146,110,36,2892,2.233091787439613,22.65423406060606,82.20022463636361
119204,STATE - TAMIL NADU,Manufacture of imitation jewellery and related articles,224,65,159,69,27,42,155,38,117,40,23,17,8,8,0,32,15,17,264,0.4088050314465409,22.65423406060606,82.20022463636361
119205,STATE - TAMIL NADU,Manufacture of sports goods,20,20,0,6,6,0,14,14,0,0,0,0,0,0,0,0,0,0,20,20,22.65423406060606,82.20022463636361
119206,STATE - TAMIL NADU,Manufacture of sports goods,20,20,0,6,6,0,14,14,0,0,0,0,0,0,0,0,0,0,20,20,22.65423406060606,82.20022463636361
119207,STATE - TAMIL NADU,Manufacture of games and toys,290,140,150,85,38,47,205,102,103,30,10,20,11,0,11,19,10,9,320,0.9333333333333332,22.65423406060606,82.20022463636361
119208,STATE - TAMIL NADU,Manufacture of games and toys,290,140,150,85,38,47,205,102,103,30,10,20,11,0,11,19,10,9,320,0.9333333333333332,22.65423406060606,82.20022463636361
119209,STATE - TAMIL NADU,Manufacture of medical and dental instruments and supplies,345,220,125,124,74,50,221,146,75,54,27,27,18,6,12,36,21,15,399,1.76,22.65423406060606,82.20022463636361
119210,STATE - TAMIL NADU,Manufacture of medical and dental instruments and supplies,345,220,125,124,74,50,221,146,75,54,27,27,18,6,12,36,21,15,399,1.76,22.65423406060606,82.20022463636361
119211,STATE - TAMIL NADU,Other manufacturing n.e.c.,75222,60275,14947,32627,25986,6641,42595,34289,8306,10567,7739,2828,6182,4517,1665,4385,3222,1163,85789,4.032581788987756,22.65423406060606,82.20022463636361
119212,STATE - TAMIL NADU,Other manufacturing n.e.c.,75222,60275,14947,32627,25986,6641,42595,34289,8306,10567,7739,2828,6182,4517,1665,4385,3222,1163,85789,4.032581788987756,22.65423406060606,82.20022463636361
119213,STATE - TAMIL NADU,Repair and installation of machinery and equipment,10633,10361,272,4628,4511,117,6005,5850,155,1304,1276,28,760,750,10,544,526,18,11937,38.09191176470589,22.65423406060606,82.20022463636361
119214,STATE - TAMIL NADU,"Repair of fabricated metal products, machinery and equipment",10573,10304,269,4586,4472,114,5987,5832,155,1304,1276,28,760,750,10,544,526,18,11877,38.30483271375465,22.65423406060606,82.20022463636361
119215,STATE - TAMIL NADU,Repair of fabricated metal products,5814,5636,178,2267,2207,60,3547,3429,118,663,645,18,360,358,2,303,287,16,6477,31.662921348314608,22.65423406060606,82.20022463636361
119216,STATE - TAMIL NADU,Repair of machinery,749,737,12,403,393,10,346,344,2,124,124,0,81,81,0,43,43,0,873,61.41666666666666,22.65423406060606,82.20022463636361
119217,STATE - TAMIL NADU,Repair of electronic and optical equipment,125,118,7,48,48,0,77,70,7,0,0,0,0,0,0,0,0,0,125,16.857142857142858,22.65423406060606,82.20022463636361
119218,STATE - TAMIL NADU,Repair of electrical equipment,3295,3231,64,1668,1630,38,1627,1601,26,479,469,10,302,294,8,177,175,2,3774,50.484375,22.65423406060606,82.20022463636361
119219,STATE - TAMIL NADU,"Repair of transport equipment, except motor vehicles",521,513,8,185,179,6,336,334,2,23,23,0,5,5,0,18,18,0,544,64.125,22.65423406060606,82.20022463636361
119220,STATE - TAMIL NADU,Repair of other equipment,69,69,0,15,15,0,54,54,0,15,15,0,12,12,0,3,3,0,84,69,22.65423406060606,82.20022463636361
119221,STATE - TAMIL NADU,Installation of industrial machinery and equipment,60,57,3,42,39,3,18,18,0,0,0,0,0,0,0,0,0,0,60,19,22.65423406060606,82.20022463636361
119222,STATE - TAMIL NADU,Installation of industrial machinery and equipment,60,57,3,42,39,3,18,18,0,0,0,0,0,0,0,0,0,0,60,19,22.65423406060606,82.20022463636361
119223,STATE - TAMIL NADU,"Electricity, gas, steam and air conditioning supply",22901,20977,1924,11017,10417,600,11884,10560,1324,1142,1029,113,586,548,38,556,481,75,24043,10.902806652806651,22.65423406060606,82.20022463636361
119224,STATE - TAMIL NADU,"Electric power generation, transmission and distribution",21879,20049,1830,10776,10190,586,11103,9859,1244,1077,969,108,575,537,38,502,432,70,22956,10.955737704918032,22.65423406060606,82.20022463636361
119225,STATE - TAMIL NADU,"Electric power generation, transmission and distribution",21879,20049,1830,10776,10190,586,11103,9859,1244,1077,969,108,575,537,38,502,432,70,22956,10.955737704918032,22.65423406060606,82.20022463636361
119226,STATE - TAMIL NADU,Manufacture of gas; distribution of gaseous fuels through mains,929,850,79,230,222,8,699,628,71,54,51,3,8,8,0,46,43,3,983,10.759493670886076,22.65423406060606,82.20022463636361
119227,STATE - TAMIL NADU,Manufacture of gas; distribution of gaseous fuels through mains,929,850,79,230,222,8,699,628,71,54,51,3,8,8,0,46,43,3,983,10.759493670886076,22.65423406060606,82.20022463636361
119228,STATE - TAMIL NADU,Steam and air conditioning supply,93,78,15,11,5,6,82,73,9,11,9,2,3,3,0,8,6,2,104,5.2,22.65423406060606,82.20022463636361
119229,STATE - TAMIL NADU,Steam and air conditioning supply,93,78,15,11,5,6,82,73,9,11,9,2,3,3,0,8,6,2,104,5.2,22.65423406060606,82.20022463636361
119230,STATE - TAMIL NADU,"Water collection, treatment and supply",3918,3603,315,1952,1788,164,1966,1815,151,283,222,61,168,124,44,115,98,17,4201,11.438095238095238,22.65423406060606,82.20022463636361
119231,STATE - TAMIL NADU,"Water collection, treatment and supply",3918,3603,315,1952,1788,164,1966,1815,151,283,222,61,168,124,44,115,98,17,4201,11.438095238095238,22.65423406060606,82.20022463636361
119232,STATE - TAMIL NADU,"Water collection, treatment and supply",3918,3603,315,1952,1788,164,1966,1815,151,283,222,61,168,124,44,115,98,17,4201,11.438095238095238,22.65423406060606,82.20022463636361
119233,STATE - TAMIL NADU,Sewerage,511,418,93,139,103,36,372,315,57,79,61,18,18,12,6,61,49,12,590,4.494623655913978,22.65423406060606,82.20022463636361
119234,STATE - TAMIL NADU,Sewerage,511,418,93,139,103,36,372,315,57,79,61,18,18,12,6,61,49,12,590,4.494623655913978,22.65423406060606,82.20022463636361
119235,STATE - TAMIL NADU,Sewerage,511,418,93,139,103,36,372,315,57,79,61,18,18,12,6,61,49,12,590,4.494623655913978,22.65423406060606,82.20022463636361
119236,STATE - TAMIL NADU,"Waste collection, treatment and disposal activities; materials recovery",2281,1151,1130,435,238,197,1846,913,933,402,152,250,87,32,55,315,120,195,2683,1.0185840707964602,22.65423406060606,82.20022463636361
119237,STATE - TAMIL NADU,Waste collection,2222,1106,1116,415,220,195,1807,886,921,400,152,248,85,32,53,315,120,195,2622,0.9910394265232976,22.65423406060606,82.20022463636361
119238,STATE - TAMIL NADU,Collection of non-hazardous waste,1968,992,976,375,205,170,1593,787,806,338,133,205,71,26,45,267,107,160,2306,1.0163934426229508,22.65423406060606,82.20022463636361
119239,STATE - TAMIL NADU,Collection of hazardous waste,254,114,140,40,15,25,214,99,115,62,19,43,14,6,8,48,13,35,316,0.8142857142857143,22.65423406060606,82.20022463636361
119240,STATE - TAMIL NADU,Waste treatment and disposal,59,45,14,20,18,2,39,27,12,2,0,2,2,0,2,0,0,0,61,3.2142857142857144,22.65423406060606,82.20022463636361
119241,STATE - TAMIL NADU,Treatment and disposal of non-hazardous waste,44,30,14,14,12,2,30,18,12,0,0,0,0,0,0,0,0,0,44,2.142857142857143,22.65423406060606,82.20022463636361
119242,STATE - TAMIL NADU,Treatment and disposal of hazardous waste,15,15,0,6,6,0,9,9,0,2,0,2,2,0,2,0,0,0,17,15,22.65423406060606,82.20022463636361
119243,STATE - TAMIL NADU,Remediation activities and other waste management services,50,30,20,6,6,0,44,24,20,3,3,0,0,0,0,3,3,0,53,1.5,22.65423406060606,82.20022463636361
119244,STATE - TAMIL NADU,Remediation activities and other waste management services,50,30,20,6,6,0,44,24,20,3,3,0,0,0,0,3,3,0,53,1.5,22.65423406060606,82.20022463636361
119245,STATE - TAMIL NADU,Remediation activities and other waste management services,50,30,20,6,6,0,44,24,20,3,3,0,0,0,0,3,3,0,53,1.5,22.65423406060606,82.20022463636361
119246,STATE - TAMIL NADU,Construction of roads and railways,9796,7505,2291,6723,5006,1717,3073,2499,574,2840,1389,1451,2482,1133,1349,358,256,102,12636,3.2758620689655173,22.65423406060606,82.20022463636361
119247,STATE - TAMIL NADU,Construction roads and railways,9796,7505,2291,6723,5006,1717,3073,2499,574,2840,1389,1451,2482,1133,1349,358,256,102,12636,3.2758620689655173,22.65423406060606,82.20022463636361
119248,STATE - TAMIL NADU,Construction of other civil engineering projects,1728,1539,189,667,565,102,1061,974,87,282,167,115,166,86,80,116,81,35,2010,8.142857142857142,22.65423406060606,82.20022463636361
119249,STATE - TAMIL NADU,Construction of other civil engineering projects,1728,1539,189,667,565,102,1061,974,87,282,167,115,166,86,80,116,81,35,2010,8.142857142857142,22.65423406060606,82.20022463636361
119250,STATE - TAMIL NADU,Demolition and site preparation,3410,3372,38,2489,2463,26,921,909,12,444,410,34,401,372,29,43,38,5,3854,88.73684210526316,22.65423406060606,82.20022463636361
119251,STATE - TAMIL NADU,Demolition,30,30,0,14,14,0,16,16,0,0,0,0,0,0,0,0,0,0,30,30,22.65423406060606,82.20022463636361
119252,STATE - TAMIL NADU,Site preparation,3380,3342,38,2475,2449,26,905,893,12,444,410,34,401,372,29,43,38,5,3824,87.94736842105263,22.65423406060606,82.20022463636361
119253,STATE - TAMIL NADU,Electrical installation,21903,21474,429,8946,8810,136,12957,12664,293,2680,2617,63,1374,1346,28,1306,1271,35,24583,50.05594405594405,22.65423406060606,82.20022463636361
119254,STATE - TAMIL NADU,"Plumbing, heat and air-conditioning installation",6981,6898,83,2314,2286,28,4667,4612,55,944,942,2,382,380,2,562,562,0,7925,83.10843373493977,22.65423406060606,82.20022463636361
119255,STATE - TAMIL NADU,Other construction installation,56323,41810,14513,19892,13348,6544,36431,28462,7969,18060,11507,6553,9551,5309,4242,8509,6198,2311,74383,2.8808654309929027,22.65423406060606,82.20022463636361
119256,STATE - TAMIL NADU,Building completion and finishing,63805,62859,946,20320,20100,220,43485,42759,726,9682,9511,171,4114,4060,54,5568,5451,117,73487,66.44714587737843,22.65423406060606,82.20022463636361
119257,STATE - TAMIL NADU,Building completion and finishing,63805,62859,946,20320,20100,220,43485,42759,726,9682,9511,171,4114,4060,54,5568,5451,117,73487,66.44714587737843,22.65423406060606,82.20022463636361
119258,STATE - TAMIL NADU,Other specialized construction activities,21,21,0,15,15,0,6,6,0,0,0,0,0,0,0,0,0,0,21,21,22.65423406060606,82.20022463636361
119259,STATE - TAMIL NADU,Other specialized construction activities,21,21,0,15,15,0,6,6,0,0,0,0,0,0,0,0,0,0,21,21,22.65423406060606,82.20022463636361
119260,STATE - TAMIL NADU,Wholesale and retail trade and repair of motor vehicles and motorcycles,27428,26652,776,11470,11193,277,15958,15459,499,2639,2522,117,1493,1421,72,1146,1101,45,30067,34.345360824742265,22.65423406060606,82.20022463636361
119261,STATE - TAMIL NADU,Sale of motor vehicles,1057,965,92,361,334,27,696,631,65,98,89,9,57,48,9,41,41,0,1155,10.48913043478261,22.65423406060606,82.20022463636361
119262,STATE - TAMIL NADU,Sale of motor vehicles,1057,965,92,361,334,27,696,631,65,98,89,9,57,48,9,41,41,0,1155,10.48913043478261,22.65423406060606,82.20022463636361
119263,STATE - TAMIL NADU,Maintenance and repair of motor vehicles,18333,17983,350,7431,7317,114,10902,10666,236,1695,1637,58,936,900,36,759,737,22,20028,51.38,22.65423406060606,82.20022463636361
119264,STATE - TAMIL NADU,Maintenance and repair of motor vehicles,18333,17983,350,7431,7317,114,10902,10666,236,1695,1637,58,936,900,36,759,737,22,20028,51.38,22.65423406060606,82.20022463636361
119265,STATE - TAMIL NADU,Sale of motor vehicle parts and accessories,1567,1445,122,603,544,59,964,901,63,125,110,15,77,71,6,48,39,9,1692,11.844262295081966,22.65423406060606,82.20022463636361
119266,STATE - TAMIL NADU,Sale of motor vehicle parts and accessories,1567,1445,122,603,544,59,964,901,63,125,110,15,77,71,6,48,39,9,1692,11.844262295081966,22.65423406060606,82.20022463636361
119267,STATE - TAMIL NADU,"Sale, maintenance and repair of motorcycles and related parts and",6471,6259,212,3075,2998,77,3396,3261,135,721,686,35,423,402,21,298,284,14,7192,29.52358490566038,22.65423406060606,82.20022463636361
119268,STATE - TAMIL NADU,"Sale, maintenance and repair of motorcycles and related parts and",6471,6259,212,3075,2998,77,3396,3261,135,721,686,35,423,402,21,298,284,14,7192,29.52358490566038,22.65423406060606,82.20022463636361
119269,STATE - TAMIL NADU,"Wholesale trade, except of motor vehicles and motorcycles",13465,11106,2359,6136,5203,933,7329,5903,1426,1401,1085,316,693,534,159,708,551,157,14866,4.707927087749046,22.65423406060606,82.20022463636361
119270,STATE - TAMIL NADU,Wholesale on a fee or contract basis,1113,1027,86,525,495,30,588,532,56,152,145,7,89,87,2,63,58,5,1265,11.94186046511628,22.65423406060606,82.20022463636361
119271,STATE - TAMIL NADU,Wholesale on a fee or contract basis,1113,1027,86,525,495,30,588,532,56,152,145,7,89,87,2,63,58,5,1265,11.94186046511628,22.65423406060606,82.20022463636361
119272,STATE - TAMIL NADU,Wholesale of agricultural raw materials and live animals,2364,1765,599,1153,892,261,1211,873,338,292,221,71,146,105,41,146,116,30,2656,2.946577629382304,22.65423406060606,82.20022463636361
119273,STATE - TAMIL NADU,Wholesale of agricultural raw materials and live animals,2364,1765,599,1153,892,261,1211,873,338,292,221,71,146,105,41,146,116,30,2656,2.946577629382304,22.65423406060606,82.20022463636361
119274,STATE - TAMIL NADU,"Wholesale of food, beverages and tobacco",6505,5498,1007,3155,2801,354,3350,2697,653,557,419,138,248,180,68,309,239,70,7062,5.459781529294935,22.65423406060606,82.20022463636361
119275,STATE - TAMIL NADU,"Wholesale of food, beverages and tobacco",6505,5498,1007,3155,2801,354,3350,2697,653,557,419,138,248,180,68,309,239,70,7062,5.459781529294935,22.65423406060606,82.20022463636361
119276,STATE - TAMIL NADU,Wholesale of household goods,1395,1037,358,586,400,186,809,637,172,137,97,40,94,60,34,43,37,6,1532,2.8966480446927374,22.65423406060606,82.20022463636361
119277,STATE - TAMIL NADU,"Wholesale of textiles, clothing and footwear",331,165,166,188,103,85,143,62,81,25,11,14,14,6,8,11,5,6,356,0.993975903614458,22.65423406060606,82.20022463636361
119278,STATE - TAMIL NADU,Wholesale of other household goods,1064,872,192,398,297,101,666,575,91,112,86,26,80,54,26,32,32,0,1176,4.541666666666667,22.65423406060606,82.20022463636361
119279,STATE - TAMIL NADU,"Wholesale of machinery, equipment and supplies",1017,849,168,378,297,81,639,552,87,120,85,35,44,38,6,76,47,29,1137,5.053571428571429,22.65423406060606,82.20022463636361
119280,STATE - TAMIL NADU,"Wholesale of computers, computer peripheral equipment and software",18,12,6,12,6,6,6,6,0,0,0,0,0,0,0,0,0,0,18,2,22.65423406060606,82.20022463636361
119281,STATE - TAMIL NADU,Wholesale of electronic and telecommunications equipment and parts,685,561,124,251,195,56,434,366,68,111,76,35,41,35,6,70,41,29,796,4.524193548387097,22.65423406060606,82.20022463636361
119282,STATE - TAMIL NADU,"Wholesale of agricultural machinery, equipment and supplies",72,52,20,40,29,11,32,23,9,0,0,0,0,0,0,0,0,0,72,2.6,22.65423406060606,82.20022463636361
119283,STATE - TAMIL NADU,Wholesale of other machinery and equipment,242,224,18,75,67,8,167,157,10,9,9,0,3,3,0,6,6,0,251,12.444444444444445,22.65423406060606,82.20022463636361
119284,STATE - TAMIL NADU,Other specialized wholesale,903,809,94,310,289,21,593,520,73,108,85,23,48,40,8,60,45,15,1011,8.606382978723405,22.65423406060606,82.20022463636361
119285,STATE - TAMIL NADU,"Wholesale of solid, liquid and gaseous fuels and related products",27,27,0,21,21,0,6,6,0,0,0,0,0,0,0,0,0,0,27,27,22.65423406060606,82.20022463636361
119286,STATE - TAMIL NADU,Wholesale of metals and metal ores,13,9,4,0,0,0,13,9,4,0,0,0,0,0,0,0,0,0,13,2.25,22.65423406060606,82.20022463636361
119287,STATE - TAMIL NADU,"Wholesale of construction materials, hardware, plumbing and heating",261,242,19,108,103,5,153,139,14,46,42,4,26,24,2,20,18,2,307,12.736842105263158,22.65423406060606,82.20022463636361
119288,STATE - TAMIL NADU,Wholesale of waste and scrap and other products n.e.c.,602,531,71,181,165,16,421,366,55,62,43,19,22,16,6,40,27,13,664,7.47887323943662,22.65423406060606,82.20022463636361
119289,STATE - TAMIL NADU,Non-specialized wholesale trade,168,121,47,29,29,0,139,92,47,35,33,2,24,24,0,11,9,2,203,2.574468085106383,22.65423406060606,82.20022463636361
119290,STATE - TAMIL NADU,Non-specialized wholesale trade,168,121,47,29,29,0,139,92,47,35,33,2,24,24,0,11,9,2,203,2.574468085106383,22.65423406060606,82.20022463636361
119291,STATE - TAMIL NADU,Retail sale in non-specialized stores,2108,1671,437,1134,911,223,974,760,214,292,210,82,182,140,42,110,70,40,2400,3.823798627002288,22.65423406060606,82.20022463636361
119292,STATE - TAMIL NADU,"Retail sale in non-specialized stores with food, beverages or tobacco",424,322,102,233,171,62,191,151,40,53,43,10,45,37,8,8,6,2,477,3.156862745098039,22.65423406060606,82.20022463636361
119293,STATE - TAMIL NADU,Other retail sale in non-specialized stores,1684,1349,335,901,740,161,783,609,174,239,167,72,137,103,34,102,64,38,1923,4.026865671641791,22.65423406060606,82.20022463636361
119294,STATE - TAMIL NADU,"Retail sale of food, beverages and tobacco in specialized stores",63464,49905,13559,27798,22319,5479,35666,27586,8080,7239,4984,2255,3803,2679,1124,3436,2305,1131,70703,3.68058116380264,22.65423406060606,82.20022463636361
119295,STATE - TAMIL NADU,Retail sale of food in specialized stores,57191,43845,13346,24446,19095,5351,32745,24750,7995,7015,4793,2222,3664,2566,1098,3351,2227,1124,64206,3.285254008691743,22.65423406060606,82.20022463636361
119296,STATE - TAMIL NADU,Retail sale of beverages in specialized stores,6123,5960,163,3278,3177,101,2845,2783,62,204,177,27,133,113,20,71,64,7,6327,36.56441717791411,22.65423406060606,82.20022463636361
119297,STATE - TAMIL NADU,Retail sale of tobacco products in specialized stores,150,100,50,74,47,27,76,53,23,20,14,6,6,0,6,14,14,0,170,2,22.65423406060606,82.20022463636361
119298,STATE - TAMIL NADU,Retail sale of automotive fuel in specialized stores,3580,3237,343,1672,1561,111,1908,1676,232,329,291,38,187,167,20,142,124,18,3909,9.43731778425656,22.65423406060606,82.20022463636361
119299,STATE - TAMIL NADU,Retail sale of automotive fuel in specialized stores,3580,3237,343,1672,1561,111,1908,1676,232,329,291,38,187,167,20,142,124,18,3909,9.43731778425656,22.65423406060606,82.20022463636361
119300,STATE - TAMIL NADU,Retail sale of information and communications equipment in specialized,2650,2278,372,915,791,124,1735,1487,248,265,189,76,125,83,42,140,106,34,2915,6.123655913978495,22.65423406060606,82.20022463636361
119301,STATE - TAMIL NADU,"Retail sale of computers, peripheral units, software and",2562,2192,370,898,774,124,1664,1418,246,256,180,76,119,77,42,137,103,34,2818,5.924324324324324,22.65423406060606,82.20022463636361
119302,STATE - TAMIL NADU,Retail sale of audio and video equipment in specialized stores,88,86,2,17,17,0,71,69,2,9,9,0,6,6,0,3,3,0,97,43,22.65423406060606,82.20022463636361
119303,STATE - TAMIL NADU,Retail sale of other household equipment in specialized stores,28861,22792,6069,10398,8122,2276,18463,14670,3793,3068,2168,900,1491,1081,410,1577,1087,490,31929,3.755478662053057,22.65423406060606,82.20022463636361
119304,STATE - TAMIL NADU,Retail sale of textiles in specialized stores,11746,7392,4354,4716,2945,1771,7030,4447,2583,1465,799,666,776,453,323,689,346,343,13211,1.697749196141479,22.65423406060606,82.20022463636361
119305,STATE - TAMIL NADU,"Retail sale of hardware, paints and glass in specialized stores",9562,8779,783,2734,2527,207,6828,6252,576,847,726,121,336,307,29,511,419,92,10409,11.212005108556832,22.65423406060606,82.20022463636361
119306,STATE - TAMIL NADU,"Retail sale of carpets, rugs, wall and floor coverings in specialized",96,78,18,51,51,0,45,27,18,20,12,8,14,6,8,6,6,0,116,4.333333333333333,22.65423406060606,82.20022463636361
119307,STATE - TAMIL NADU,"Retail sale of electrical household appliances, furniture, lighting",7457,6543,914,2897,2599,298,4560,3944,616,736,631,105,365,315,50,371,316,55,8193,7.158643326039387,22.65423406060606,82.20022463636361
119308,STATE - TAMIL NADU,Retail sale of cultural and recreation goods in specialized stores,2167,1680,487,715,543,172,1452,1137,315,273,200,73,112,97,15,161,103,58,2440,3.449691991786448,22.65423406060606,82.20022463636361
119309,STATE - TAMIL NADU,"Retail sale of books, newspapers and stationary in specialized stores",1710,1367,343,508,411,97,1202,956,246,234,178,56,100,91,9,134,87,47,1944,3.985422740524781,22.65423406060606,82.20022463636361
119310,STATE - TAMIL NADU,Retail sale of music and video recordings in specialized stores,37,34,3,6,6,0,31,28,3,0,0,0,0,0,0,0,0,0,37,11.333333333333334,22.65423406060606,82.20022463636361
119311,STATE - TAMIL NADU,Retail sale of sporting equipment in specialized stores,15,9,6,6,0,6,9,9,0,5,5,0,0,0,0,5,5,0,20,1.5,22.65423406060606,82.20022463636361
119312,STATE - TAMIL NADU,Retail sale of games and toys in specialized stores,405,270,135,195,126,69,210,144,66,34,17,17,12,6,6,22,11,11,439,2,22.65423406060606,82.20022463636361
119313,STATE - TAMIL NADU,Retail sale of other goods in specialized stores,27970,19106,8864,9755,6904,2851,18215,12202,6013,3635,1897,1738,1599,861,738,2036,1036,1000,31605,2.155460288808664,22.65423406060606,82.20022463636361
119314,STATE - TAMIL NADU,"Retail sale of clothing, footwear and leather articles in specialized",5126,3834,1292,1995,1436,559,3131,2398,733,536,354,182,246,150,96,290,204,86,5662,2.96749226006192,22.65423406060606,82.20022463636361
119315,STATE - TAMIL NADU,"Retail sale of pharmaceutical and medical goods, cosmetic and toilet",8419,5736,2683,3194,2153,1041,5225,3583,1642,960,549,411,448,240,208,512,309,203,9379,2.1379053298546404,22.65423406060606,82.20022463636361
119316,STATE - TAMIL NADU,Other retail sale of new goods in specialized stores,12024,7605,4419,4123,2949,1174,7901,4656,3245,1923,821,1102,824,402,422,1099,419,680,13947,1.720977596741344,22.65423406060606,82.20022463636361
119317,STATE - TAMIL NADU,Retail sale of second-hand goods,2401,1931,470,443,366,77,1958,1565,393,216,173,43,81,69,12,135,104,31,2617,4.108510638297872,22.65423406060606,82.20022463636361
119318,STATE - TAMIL NADU,Retail sale via stalls and markets,26710,20180,6530,9421,6995,2426,17289,13185,4104,3544,2501,1043,1737,1248,489,1807,1253,554,30254,3.090352220520674,22.65423406060606,82.20022463636361
119319,STATE - TAMIL NADU,"Retail sale via stalls and markets of food, beverages and tobacco",280,226,54,122,99,23,158,127,31,34,25,9,19,12,7,15,13,2,314,4.185185185185185,22.65423406060606,82.20022463636361
119320,STATE - TAMIL NADU,"Retail sale via stalls and markets of textiles, clothing and footwear",2548,1716,832,978,687,291,1570,1029,541,309,187,122,138,82,56,171,105,66,2857,2.0625,22.65423406060606,82.20022463636361
119321,STATE - TAMIL NADU,Retail sale via stalls and markets of other goods,23882,18238,5644,8321,6209,2112,15561,12029,3532,3201,2289,912,1580,1154,426,1621,1135,486,27083,3.231396172927002,22.65423406060606,82.20022463636361
119322,STATE - TAMIL NADU,"Retail trade not in stores, stalls or markets",3928,2642,1286,1728,1084,644,2200,1558,642,528,337,191,259,157,102,269,180,89,4456,2.0544323483670297,22.65423406060606,82.20022463636361
119323,STATE - TAMIL NADU,Retail sale via mail order houses or via Internet,21,18,3,0,0,0,21,18,3,0,0,0,0,0,0,0,0,0,21,6,22.65423406060606,82.20022463636361
119324,STATE - TAMIL NADU,"Other retail sale not in stores, stalls or markets",3907,2624,1283,1728,1084,644,2179,1540,639,528,337,191,259,157,102,269,180,89,4435,2.045206547155105,22.65423406060606,82.20022463636361
119325,STATE - TAMIL NADU,Transport via railways,15493,13795,1698,4177,3815,362,11316,9980,1336,505,432,73,179,148,31,326,284,42,15998,8.124263839811544,22.65423406060606,82.20022463636361
119326,STATE - TAMIL NADU,Passenger rail transport,14933,13275,1658,3962,3613,349,10971,9662,1309,469,396,73,167,136,31,302,260,42,15402,8.006634499396863,22.65423406060606,82.20022463636361
119327,STATE - TAMIL NADU,Freight rail transport,560,520,40,215,202,13,345,318,27,36,36,0,12,12,0,24,24,0,596,13,22.65423406060606,82.20022463636361
119328,STATE - TAMIL NADU,Urban or suburban passenger land transport,31611,31051,560,17685,17472,213,13926,13579,347,1447,1432,15,977,969,8,470,463,7,33058,55.448214285714286,22.65423406060606,82.20022463636361
119329,STATE - TAMIL NADU,Other passenger land transport,106696,105525,1171,40240,39838,402,66456,65687,769,10007,9850,157,4812,4766,46,5195,5084,111,116703,90.11528608027326,22.65423406060606,82.20022463636361
119330,STATE - TAMIL NADU,Freight transport by road,57417,56676,741,31829,31455,374,25588,25221,367,6099,5977,122,3859,3780,79,2240,2197,43,63516,76.48582995951416,22.65423406060606,82.20022463636361
119331,STATE - TAMIL NADU,Transport via pipeline,18,18,0,3,3,0,15,15,0,9,9,0,6,6,0,3,3,0,27,18,22.65423406060606,82.20022463636361
119332,STATE - TAMIL NADU,Transport via pipeline,18,18,0,3,3,0,15,15,0,9,9,0,6,6,0,3,3,0,27,18,22.65423406060606,82.20022463636361
119333,STATE - TAMIL NADU,Water transport,2643,2401,242,660,578,82,1983,1823,160,164,156,8,46,46,0,118,110,8,2807,9.921487603305785,22.65423406060606,82.20022463636361
119334,STATE - TAMIL NADU,Sea and coastal water transport,2415,2197,218,574,508,66,1841,1689,152,138,130,8,29,29,0,109,101,8,2553,10.077981651376149,22.65423406060606,82.20022463636361
119335,STATE - TAMIL NADU,Sea and coastal passenger water transport,2370,2155,215,568,502,66,1802,1653,149,138,130,8,29,29,0,109,101,8,2508,10.023255813953488,22.65423406060606,82.20022463636361
119336,STATE - TAMIL NADU,Sea and coastal freight water transport,45,42,3,6,6,0,39,36,3,0,0,0,0,0,0,0,0,0,45,14,22.65423406060606,82.20022463636361
119337,STATE - TAMIL NADU,Inland water transport,228,204,24,86,70,16,142,134,8,26,26,0,17,17,0,9,9,0,254,8.5,22.65423406060606,82.20022463636361
119338,STATE - TAMIL NADU,Inland passenger water transport,210,189,21,74,58,16,136,131,5,18,18,0,9,9,0,9,9,0,228,9,22.65423406060606,82.20022463636361
119339,STATE - TAMIL NADU,Inland freight water transport,18,15,3,12,12,0,6,3,3,8,8,0,8,8,0,0,0,0,26,5,22.65423406060606,82.20022463636361
119340,STATE - TAMIL NADU,Air transport,1871,1650,221,333,320,13,1538,1330,208,95,78,17,12,9,3,83,69,14,1966,7.46606334841629,22.65423406060606,82.20022463636361
119341,STATE - TAMIL NADU,Passenger air transport,1560,1371,189,275,270,5,1285,1101,184,66,55,11,3,3,0,63,52,11,1626,7.253968253968254,22.65423406060606,82.20022463636361
119342,STATE - TAMIL NADU,Passenger air transport,1560,1371,189,275,270,5,1285,1101,184,66,55,11,3,3,0,63,52,11,1626,7.253968253968254,22.65423406060606,82.20022463636361
119343,STATE - TAMIL NADU,Freight air transport,311,279,32,58,50,8,253,229,24,29,23,6,9,6,3,20,17,3,340,8.71875,22.65423406060606,82.20022463636361
119344,STATE - TAMIL NADU,Freight air transport,311,279,32,58,50,8,253,229,24,29,23,6,9,6,3,20,17,3,340,8.71875,22.65423406060606,82.20022463636361
119345,STATE - TAMIL NADU,Warehousing and support activities for transportation,9775,8317,1458,3175,2809,366,6600,5508,1092,836,682,154,388,336,52,448,346,102,10611,5.704389574759945,22.65423406060606,82.20022463636361
119346,STATE - TAMIL NADU,Warehousing and storage,2821,2153,668,730,612,118,2091,1541,550,322,236,86,163,141,22,159,95,64,3143,3.2230538922155687,22.65423406060606,82.20022463636361
119347,STATE - TAMIL NADU,Warehousing and storage,2821,2153,668,730,612,118,2091,1541,550,322,236,86,163,141,22,159,95,64,3143,3.2230538922155687,22.65423406060606,82.20022463636361
119348,STATE - TAMIL NADU,Support activities for transportation,6954,6164,790,2445,2197,248,4509,3967,542,514,446,68,225,195,30,289,251,38,7468,7.80253164556962,22.65423406060606,82.20022463636361
119349,STATE - TAMIL NADU,Service activities incidental to land transportation,3039,2912,127,1393,1375,18,1646,1537,109,238,228,10,126,126,0,112,102,10,3277,22.929133858267715,22.65423406060606,82.20022463636361
119350,STATE - TAMIL NADU,Service activities incidental to water transportation,47,47,0,33,33,0,14,14,0,0,0,0,0,0,0,0,0,0,47,47,22.65423406060606,82.20022463636361
119351,STATE - TAMIL NADU,Service activities incidental to air transportation,347,312,35,127,121,6,220,191,29,37,32,5,6,6,0,31,26,5,384,8.914285714285715,22.65423406060606,82.20022463636361
119352,STATE - TAMIL NADU,Cargo handling,2279,1786,493,556,366,190,1723,1420,303,172,128,44,61,37,24,111,91,20,2451,3.6227180527383367,22.65423406060606,82.20022463636361
119353,STATE - TAMIL NADU,Other transportation support activities,1242,1107,135,336,302,34,906,805,101,67,58,9,32,26,6,35,32,3,1309,8.2,22.65423406060606,82.20022463636361
119354,STATE - TAMIL NADU,Postal and courier activities,10614,8966,1648,4312,3661,651,6302,5305,997,546,447,99,211,183,28,335,264,71,11160,5.440533980582524,22.65423406060606,82.20022463636361
119355,STATE - TAMIL NADU,Postal activities,7816,6444,1372,3771,3169,602,4045,3275,770,332,256,76,165,137,28,167,119,48,8148,4.696793002915452,22.65423406060606,82.20022463636361
119356,STATE - TAMIL NADU,Postal activities,7816,6444,1372,3771,3169,602,4045,3275,770,332,256,76,165,137,28,167,119,48,8148,4.696793002915452,22.65423406060606,82.20022463636361
119357,STATE - TAMIL NADU,Courier activities,2798,2522,276,541,492,49,2257,2030,227,214,191,23,46,46,0,168,145,23,3012,9.13768115942029,22.65423406060606,82.20022463636361
119358,STATE - TAMIL NADU,Courier activities,2798,2522,276,541,492,49,2257,2030,227,214,191,23,46,46,0,168,145,23,3012,9.13768115942029,22.65423406060606,82.20022463636361
119359,STATE - TAMIL NADU,Accommodation,9562,7489,2073,4340,3578,762,5222,3911,1311,913,712,201,533,460,73,380,252,128,10475,3.612638687891944,22.65423406060606,82.20022463636361
119360,STATE - TAMIL NADU,Short term accommodation activities,7223,5956,1267,3081,2706,375,4142,3250,892,870,688,182,517,448,69,353,240,113,8093,4.7008681925809,22.65423406060606,82.20022463636361
119361,STATE - TAMIL NADU,Short term accommodation activities,7223,5956,1267,3081,2706,375,4142,3250,892,870,688,182,517,448,69,353,240,113,8093,4.7008681925809,22.65423406060606,82.20022463636361
119362,STATE - TAMIL NADU,"Camping grounds, recreational vehicle parks and trailer parks",2,2,0,0,0,0,2,2,0,0,0,0,0,0,0,0,0,0,2,2,22.65423406060606,82.20022463636361
119363,STATE - TAMIL NADU,"Camping grounds, recreational vehicle parks and trailer parks",2,2,0,0,0,0,2,2,0,0,0,0,0,0,0,0,0,0,2,2,22.65423406060606,82.20022463636361
119364,STATE - TAMIL NADU,Other accommodation,2337,1531,806,1259,872,387,1078,659,419,43,24,19,16,12,4,27,12,15,2380,1.8995037220843676,22.65423406060606,82.20022463636361
119365,STATE - TAMIL NADU,Other accommodation,2337,1531,806,1259,872,387,1078,659,419,43,24,19,16,12,4,27,12,15,2380,1.8995037220843676,22.65423406060606,82.20022463636361
119366,STATE - TAMIL NADU,Food and beverage service activities,40466,33469,6997,17182,15065,2117,23284,18404,4880,5275,4278,997,2988,2568,420,2287,1710,577,45741,4.78333571530656,22.65423406060606,82.20022463636361
119367,STATE - TAMIL NADU,Restaurants and mobile food service activities,25204,21240,3964,11580,10575,1005,13624,10665,2959,3255,2726,529,1925,1717,208,1330,1009,321,28459,5.358224016145308,22.65423406060606,82.20022463636361
119368,STATE - TAMIL NADU,Restaurants and mobile food service activities,25204,21240,3964,11580,10575,1005,13624,10665,2959,3255,2726,529,1925,1717,208,1330,1009,321,28459,5.358224016145308,22.65423406060606,82.20022463636361
119369,STATE - TAMIL NADU,Event catering and other food service activities,6971,4970,2001,2577,1884,693,4394,3086,1308,1217,874,343,687,532,155,530,342,188,8188,2.4837581209395303,22.65423406060606,82.20022463636361
119370,STATE - TAMIL NADU,Event catering,6171,4435,1736,2244,1651,593,3927,2784,1143,1115,817,298,616,487,129,499,330,169,7286,2.554723502304148,22.65423406060606,82.20022463636361
119371,STATE - TAMIL NADU,Other food service activities,800,535,265,333,233,100,467,302,165,102,57,45,71,45,26,31,12,19,902,2.018867924528302,22.65423406060606,82.20022463636361
119372,STATE - TAMIL NADU,Beverage serving activities,8291,7259,1032,3025,2606,419,5266,4653,613,803,678,125,376,319,57,427,359,68,9094,7.033914728682171,22.65423406060606,82.20022463636361
119373,STATE - TAMIL NADU,Beverage serving activities,8291,7259,1032,3025,2606,419,5266,4653,613,803,678,125,376,319,57,427,359,68,9094,7.033914728682171,22.65423406060606,82.20022463636361
119374,STATE - TAMIL NADU,Publishing activities,1141,978,163,239,219,20,902,759,143,91,81,10,30,23,7,61,58,3,1232,6,22.65423406060606,82.20022463636361
119375,STATE - TAMIL NADU,"Publishing of books, periodicals and other publishing activities",1019,895,124,224,204,20,795,691,104,79,72,7,27,23,4,52,49,3,1098,7.217741935483871,22.65423406060606,82.20022463636361
119376,STATE - TAMIL NADU,Book publishing,53,41,12,0,0,0,53,41,12,17,17,0,0,0,0,17,17,0,70,3.4166666666666665,22.65423406060606,82.20022463636361
119377,STATE - TAMIL NADU,Publishing of directories and mailing lists,9,9,0,0,0,0,9,9,0,0,0,0,0,0,0,0,0,0,9,9,22.65423406060606,82.20022463636361
119378,STATE - TAMIL NADU,"Publishing of newspapers, journals and periodicals",917,819,98,212,192,20,705,627,78,59,52,7,27,23,4,32,29,3,976,8.357142857142858,22.65423406060606,82.20022463636361
119379,STATE - TAMIL NADU,Other publishing activities,40,26,14,12,12,0,28,14,14,3,3,0,0,0,0,3,3,0,43,1.8571428571428568,22.65423406060606,82.20022463636361
119380,STATE - TAMIL NADU,Software publishing,122,83,39,15,15,0,107,68,39,12,9,3,3,0,3,9,9,0,134,2.128205128205128,22.65423406060606,82.20022463636361
119381,STATE - TAMIL NADU,Software publishing,122,83,39,15,15,0,107,68,39,12,9,3,3,0,3,9,9,0,134,2.128205128205128,22.65423406060606,82.20022463636361
119382,STATE - TAMIL NADU,"Motion picture, video and television programme production, sound recording",2696,2539,157,739,727,12,1957,1812,145,295,291,4,140,140,0,155,151,4,2991,16.171974522292995,22.65423406060606,82.20022463636361
119383,STATE - TAMIL NADU,"Motion picture, video and television programme activities",1895,1759,136,353,341,12,1542,1418,124,148,144,4,43,43,0,105,101,4,2043,12.933823529411764,22.65423406060606,82.20022463636361
119384,STATE - TAMIL NADU,"Motion picture, video and television programme production activities",759,730,29,146,140,6,613,590,23,68,66,2,26,26,0,42,40,2,827,25.17241379310345,22.65423406060606,82.20022463636361
119385,STATE - TAMIL NADU,"Motion picture, video and television programme post-production",50,50,0,11,11,0,39,39,0,0,0,0,0,0,0,0,0,0,50,50,22.65423406060606,82.20022463636361
119386,STATE - TAMIL NADU,"Motion picture, video and television programme distribution activities",96,81,15,21,21,0,75,60,15,11,11,0,2,2,0,9,9,0,107,5.4,22.65423406060606,82.20022463636361
119387,STATE - TAMIL NADU,Motion picture projection activities,990,898,92,175,169,6,815,729,86,69,67,2,15,15,0,54,52,2,1059,9.76086956521739,22.65423406060606,82.20022463636361
119388,STATE - TAMIL NADU,Sound recording and music publishing activities,801,780,21,386,386,0,415,394,21,147,147,0,97,97,0,50,50,0,948,37.142857142857146,22.65423406060606,82.20022463636361
119389,STATE - TAMIL NADU,Sound recording and music publishing activitiesT,801,780,21,386,386,0,415,394,21,147,147,0,97,97,0,50,50,0,948,37.142857142857146,22.65423406060606,82.20022463636361
119390,STATE - TAMIL NADU,Broadcasting and programming activities,940,789,151,250,218,32,690,571,119,63,52,11,14,14,0,49,38,11,1003,5.225165562913907,22.65423406060606,82.20022463636361
119391,STATE - TAMIL NADU,Radio broadcasting,220,157,63,24,18,6,196,139,57,13,8,5,2,2,0,11,6,5,233,2.492063492063492,22.65423406060606,82.20022463636361
119392,STATE - TAMIL NADU,Radio broadcasting,220,157,63,24,18,6,196,139,57,13,8,5,2,2,0,11,6,5,233,2.492063492063492,22.65423406060606,82.20022463636361
119393,STATE - TAMIL NADU,Television programming and broadcasting activities,720,632,88,226,200,26,494,432,62,50,44,6,12,12,0,38,32,6,770,7.181818181818182,22.65423406060606,82.20022463636361
119394,STATE - TAMIL NADU,Television programming and broadcasting activities,720,632,88,226,200,26,494,432,62,50,44,6,12,12,0,38,32,6,770,7.181818181818182,22.65423406060606,82.20022463636361
119395,STATE - TAMIL NADU,Telecommunications,12128,10384,1744,3475,3100,375,8653,7284,1369,741,555,186,335,244,91,406,311,95,12869,5.954128440366972,22.65423406060606,82.20022463636361
119396,STATE - TAMIL NADU,Wired telecommunications activities,4515,3966,549,1343,1232,111,3172,2734,438,308,262,46,148,130,18,160,132,28,4823,7.224043715846994,22.65423406060606,82.20022463636361
119397,STATE - TAMIL NADU,Wired telecommunications activities,4515,3966,549,1343,1232,111,3172,2734,438,308,262,46,148,130,18,160,132,28,4823,7.224043715846994,22.65423406060606,82.20022463636361
119398,STATE - TAMIL NADU,Wireless telecommunications activities,424,339,85,151,108,43,273,231,42,18,15,3,9,9,0,9,6,3,442,3.988235294117647,22.65423406060606,82.20022463636361
119399,STATE - TAMIL NADU,Wireless telecommunications activities,424,339,85,151,108,43,273,231,42,18,15,3,9,9,0,9,6,3,442,3.988235294117647,22.65423406060606,82.20022463636361
119400,STATE - TAMIL NADU,Satellite telecommunications activities,107,96,11,54,54,0,53,42,11,12,12,0,6,6,0,6,6,0,119,8.727272727272727,22.65423406060606,82.20022463636361
119401,STATE - TAMIL NADU,Satellite telecommunications activities,107,96,11,54,54,0,53,42,11,12,12,0,6,6,0,6,6,0,119,8.727272727272727,22.65423406060606,82.20022463636361
119402,STATE - TAMIL NADU,Other telecommunications activities,7082,5983,1099,1927,1706,221,5155,4277,878,403,266,137,172,99,73,231,167,64,7485,5.444040036396724,22.65423406060606,82.20022463636361
119403,STATE - TAMIL NADU,Other telecommunications activities,7082,5983,1099,1927,1706,221,5155,4277,878,403,266,137,172,99,73,231,167,64,7485,5.444040036396724,22.65423406060606,82.20022463636361
119404,STATE - TAMIL NADU,"Computer programming, consultancy and related activities",17777,13334,4443,3766,2965,801,14011,10369,3642,1311,860,451,403,291,112,908,569,339,19088,3.001125365743867,22.65423406060606,82.20022463636361
119405,STATE - TAMIL NADU,"Computer programming, consultancy and related activities",17777,13334,4443,3766,2965,801,14011,10369,3642,1311,860,451,403,291,112,908,569,339,19088,3.001125365743867,22.65423406060606,82.20022463636361
119406,STATE - TAMIL NADU,Computer programming activities,14280,10789,3491,2624,2071,553,11656,8718,2938,869,616,253,219,179,40,650,437,213,15149,3.090518476081352,22.65423406060606,82.20022463636361
119407,STATE - TAMIL NADU,Computer consultancy and computer facilities management activities,531,401,130,235,185,50,296,216,80,80,39,41,45,21,24,35,18,17,611,3.0846153846153848,22.65423406060606,82.20022463636361
119408,STATE - TAMIL NADU,Other information technology and computer service activities,2966,2144,822,907,709,198,2059,1435,624,362,205,157,139,91,48,223,114,109,3328,2.608272506082725,22.65423406060606,82.20022463636361
119409,STATE - TAMIL NADU,Information service activities,1417,1064,353,490,397,93,927,667,260,122,69,53,48,24,24,74,45,29,1539,3.0141643059490084,22.65423406060606,82.20022463636361
119410,STATE - TAMIL NADU,"Data processing, hosting and related activities; web portals",494,306,188,129,73,56,365,233,132,50,20,30,18,6,12,32,14,18,544,1.627659574468085,22.65423406060606,82.20022463636361
119411,STATE - TAMIL NADU,"Data processing, hosting and related activities",486,298,188,121,65,56,365,233,132,50,20,30,18,6,12,32,14,18,536,1.5851063829787233,22.65423406060606,82.20022463636361
119412,STATE - TAMIL NADU,Web portals,8,8,0,8,8,0,0,0,0,0,0,0,0,0,0,0,0,0,8,8,22.65423406060606,82.20022463636361
119413,STATE - TAMIL NADU,Other information service activities,923,758,165,361,324,37,562,434,128,72,49,23,30,18,12,42,31,11,995,4.593939393939394,22.65423406060606,82.20022463636361
119414,STATE - TAMIL NADU,News agency activities,232,217,15,78,78,0,154,139,15,24,15,9,12,6,6,12,9,3,256,14.466666666666669,22.65423406060606,82.20022463636361
119415,STATE - TAMIL NADU,Other information service activities n.e.c.,691,541,150,283,246,37,408,295,113,48,34,14,18,12,6,30,22,8,739,3.6066666666666665,22.65423406060606,82.20022463636361
119416,STATE - TAMIL NADU,"Financial service activities, except insurance and pension funding",23856,19667,4189,6756,5765,991,17100,13902,3198,1064,846,218,439,326,113,625,520,105,24920,4.694915254237288,22.65423406060606,82.20022463636361
119417,STATE - TAMIL NADU,Monetary intermediation,19771,16141,3630,5264,4463,801,14507,11678,2829,709,561,148,249,184,65,460,377,83,20480,4.446556473829201,22.65423406060606,82.20022463636361
119418,STATE - TAMIL NADU,Central banking,725,603,122,162,146,16,563,457,106,47,30,17,21,9,12,26,21,5,772,4.942622950819672,22.65423406060606,82.20022463636361
119419,STATE - TAMIL NADU,Other monetary intermediation,19046,15538,3508,5102,4317,785,13944,11221,2723,662,531,131,228,175,53,434,356,78,19708,4.429304446978335,22.65423406060606,82.20022463636361
119420,STATE - TAMIL NADU,Activities of holding companies,3,3,0,0,0,0,3,3,0,0,0,0,0,0,0,0,0,0,3,3,22.65423406060606,82.20022463636361
119421,STATE - TAMIL NADU,Activities of holding companies,3,3,0,0,0,0,3,3,0,0,0,0,0,0,0,0,0,0,3,3,22.65423406060606,82.20022463636361
119422,STATE - TAMIL NADU,"Trusts, funds and other financial vehicles",199,147,52,81,56,25,118,91,27,15,9,6,12,6,6,3,3,0,214,2.826923076923077,22.65423406060606,82.20022463636361
119423,STATE - TAMIL NADU,"Trusts, funds and other financial vehicles",199,147,52,81,56,25,118,91,27,15,9,6,12,6,6,3,3,0,214,2.826923076923077,22.65423406060606,82.20022463636361
119424,STATE - TAMIL NADU,"Other financial service activities, except insurance and pension funding",3883,3376,507,1411,1246,165,2472,2130,342,340,276,64,178,136,42,162,140,22,4223,6.658777120315582,22.65423406060606,82.20022463636361
119425,STATE - TAMIL NADU,Financial leasing,2886,2531,355,1089,978,111,1797,1553,244,240,207,33,127,103,24,113,104,9,3126,7.129577464788732,22.65423406060606,82.20022463636361
119426,STATE - TAMIL NADU,Other credit granting,3,3,0,0,0,0,3,3,0,0,0,0,0,0,0,0,0,0,3,3,22.65423406060606,82.20022463636361
119427,STATE - TAMIL NADU,"Other financial service activities, except insurance and pension funding",994,842,152,322,268,54,672,574,98,100,69,31,51,33,18,49,36,13,1094,5.539473684210527,22.65423406060606,82.20022463636361
119428,STATE - TAMIL NADU,"Insurance, reinsurance and pension funding, except compulsory social",6951,5759,1192,2299,1957,342,4652,3802,850,374,295,79,191,159,32,183,136,47,7325,4.831375838926174,22.65423406060606,82.20022463636361
119429,STATE - TAMIL NADU,Insurance,6918,5750,1168,2289,1957,332,4629,3793,836,369,292,77,189,159,30,180,133,47,7287,4.9229452054794525,22.65423406060606,82.20022463636361
119430,STATE - TAMIL NADU,Life insurance,6526,5437,1089,2216,1892,324,4310,3545,765,361,289,72,189,159,30,172,130,42,6887,4.992653810835629,22.65423406060606,82.20022463636361
119431,STATE - TAMIL NADU,Non-life insurance,392,313,79,73,65,8,319,248,71,8,3,5,0,0,0,8,3,5,400,3.962025316455696,22.65423406060606,82.20022463636361
119432,STATE - TAMIL NADU,Pension funding,33,9,24,10,0,10,23,9,14,5,3,2,2,0,2,3,3,0,38,0.375,22.65423406060606,82.20022463636361
119433,STATE - TAMIL NADU,Pension funding,33,9,24,10,0,10,23,9,14,5,3,2,2,0,2,3,3,0,38,0.375,22.65423406060606,82.20022463636361
119434,STATE - TAMIL NADU,Other financial activities,1674,1449,225,599,536,63,1075,913,162,114,93,21,53,35,18,61,58,3,1788,6.44,22.65423406060606,82.20022463636361
119435,STATE - TAMIL NADU,"Activities auxiliary to financial service activities, except insurance and",812,727,85,229,219,10,583,508,75,38,33,5,22,20,2,16,13,3,850,8.552941176470588,22.65423406060606,82.20022463636361
119436,STATE - TAMIL NADU,Administration of financial markets,282,246,36,69,69,0,213,177,36,21,21,0,14,14,0,7,7,0,303,6.833333333333333,22.65423406060606,82.20022463636361
119437,STATE - TAMIL NADU,Security and commodity contracts brokerage,42,39,3,0,0,0,42,39,3,3,3,0,0,0,0,3,3,0,45,13,22.65423406060606,82.20022463636361
119438,STATE - TAMIL NADU,Activities auxiliary to financial service activities n.e.c.,488,442,46,160,150,10,328,292,36,14,9,5,8,6,2,6,3,3,502,9.608695652173912,22.65423406060606,82.20022463636361
119439,STATE - TAMIL NADU,Activities auxiliary to insurance and pension funding,773,644,129,339,292,47,434,352,82,58,42,16,25,9,16,33,33,0,831,4.992248062015504,22.65423406060606,82.20022463636361
119440,STATE - TAMIL NADU,Activities of insurance agents and brokers,745,625,120,334,290,44,411,335,76,58,42,16,25,9,16,33,33,0,803,5.208333333333333,22.65423406060606,82.20022463636361
119441,STATE - TAMIL NADU,Other activities auxiliary to insurance and pension funding,28,19,9,5,2,3,23,17,6,0,0,0,0,0,0,0,0,0,28,2.111111111111111,22.65423406060606,82.20022463636361
119442,STATE - TAMIL NADU,Fund management activities,89,78,11,31,25,6,58,53,5,18,18,0,6,6,0,12,12,0,107,7.090909090909091,22.65423406060606,82.20022463636361
119443,STATE - TAMIL NADU,Fund management activities,89,78,11,31,25,6,58,53,5,18,18,0,6,6,0,12,12,0,107,7.090909090909091,22.65423406060606,82.20022463636361
119444,STATE - TAMIL NADU,Real estate activities,4658,4504,154,1236,1187,49,3422,3317,105,491,466,25,161,152,9,330,314,16,5149,29.246753246753247,22.65423406060606,82.20022463636361
119445,STATE - TAMIL NADU,Real estate activities with own or leased property,2744,2643,101,712,675,37,2032,1968,64,282,272,10,78,78,0,204,194,10,3026,26.168316831683168,22.65423406060606,82.20022463636361
119446,STATE - TAMIL NADU,Real estate activities with own or leased property,2744,2643,101,712,675,37,2032,1968,64,282,272,10,78,78,0,204,194,10,3026,26.168316831683168,22.65423406060606,82.20022463636361
119447,STATE - TAMIL NADU,Real estate activities on a fee or contract basis,1914,1861,53,524,512,12,1390,1349,41,209,194,15,83,74,9,126,120,6,2123,35.113207547169814,22.65423406060606,82.20022463636361
119448,STATE - TAMIL NADU,Real estate activities on a fee or contract basis,1914,1861,53,524,512,12,1390,1349,41,209,194,15,83,74,9,126,120,6,2123,35.113207547169814,22.65423406060606,82.20022463636361
119449,STATE - TAMIL NADU,Legal and accounting activities,8840,7274,1566,3159,2742,417,5681,4532,1149,476,344,132,165,120,45,311,224,87,9316,4.644955300127714,22.65423406060606,82.20022463636361
119450,STATE - TAMIL NADU,Legal activities,6372,5502,870,2488,2227,261,3884,3275,609,317,254,63,134,95,39,183,159,24,6689,6.324137931034483,22.65423406060606,82.20022463636361
119451,STATE - TAMIL NADU,Legal activities,6372,5502,870,2488,2227,261,3884,3275,609,317,254,63,134,95,39,183,159,24,6689,6.324137931034483,22.65423406060606,82.20022463636361
119452,STATE - TAMIL NADU,"Accounting, bookkeeping and auditing activities; tax consultancy",2468,1772,696,671,515,156,1797,1257,540,159,90,69,31,25,6,128,65,63,2627,2.545977011494253,22.65423406060606,82.20022463636361
119453,STATE - TAMIL NADU,"Accounting, bookkeeping and auditing activities; tax consultancy",2468,1772,696,671,515,156,1797,1257,540,159,90,69,31,25,6,128,65,63,2627,2.545977011494253,22.65423406060606,82.20022463636361
119454,STATE - TAMIL NADU,Activities of head offices; management consultancy activities,71,63,8,24,24,0,47,39,8,9,9,0,6,6,0,3,3,0,80,7.875,22.65423406060606,82.20022463636361
119455,STATE - TAMIL NADU,Activities of head offices,38,36,2,24,24,0,14,12,2,0,0,0,0,0,0,0,0,0,38,18,22.65423406060606,82.20022463636361
119456,STATE - TAMIL NADU,Activities of head offices,38,36,2,24,24,0,14,12,2,0,0,0,0,0,0,0,0,0,38,18,22.65423406060606,82.20022463636361
119457,STATE - TAMIL NADU,Management consultancy activities,33,27,6,0,0,0,33,27,6,9,9,0,6,6,0,3,3,0,42,4.5,22.65423406060606,82.20022463636361
119458,STATE - TAMIL NADU,Management consultancy activities,33,27,6,0,0,0,33,27,6,9,9,0,6,6,0,3,3,0,42,4.5,22.65423406060606,82.20022463636361
119459,STATE - TAMIL NADU,Architecture and engineering activities; technical testing and analysis,136,112,24,62,50,12,74,62,12,9,9,0,6,6,0,3,3,0,145,4.666666666666667,22.65423406060606,82.20022463636361
119460,STATE - TAMIL NADU,Architectural and engineering activities and related technical consultancy,121,100,21,56,44,12,65,56,9,9,9,0,6,6,0,3,3,0,130,4.761904761904762,22.65423406060606,82.20022463636361
119461,STATE - TAMIL NADU,Architectural and engineering activities and related technical,121,100,21,56,44,12,65,56,9,9,9,0,6,6,0,3,3,0,130,4.761904761904762,22.65423406060606,82.20022463636361
119462,STATE - TAMIL NADU,Technical testing and analysis,15,12,3,6,6,0,9,6,3,0,0,0,0,0,0,0,0,0,15,4,22.65423406060606,82.20022463636361
119463,STATE - TAMIL NADU,Technical testing and analysis,15,12,3,6,6,0,9,6,3,0,0,0,0,0,0,0,0,0,15,4,22.65423406060606,82.20022463636361
119464,STATE - TAMIL NADU,Scientific research and development,250,191,59,65,50,15,185,141,44,15,6,9,2,0,2,13,6,7,265,3.23728813559322,22.65423406060606,82.20022463636361
119465,STATE - TAMIL NADU,Research and experimental development on natural sciences and,161,126,35,47,36,11,114,90,24,13,6,7,0,0,0,13,6,7,174,3.6,22.65423406060606,82.20022463636361
119466,STATE - TAMIL NADU,Research and experimental development on natural sciences and,161,126,35,47,36,11,114,90,24,13,6,7,0,0,0,13,6,7,174,3.6,22.65423406060606,82.20022463636361
119467,STATE - TAMIL NADU,Research and experimental development on social sciences and humanities,89,65,24,18,14,4,71,51,20,2,0,2,2,0,2,0,0,0,91,2.708333333333333,22.65423406060606,82.20022463636361
119468,STATE - TAMIL NADU,Research and experimental development on social sciences and,89,65,24,18,14,4,71,51,20,2,0,2,2,0,2,0,0,0,91,2.708333333333333,22.65423406060606,82.20022463636361
119469,STATE - TAMIL NADU,Advertising and market research,1147,1104,43,346,329,17,801,775,26,150,147,3,71,71,0,79,76,3,1297,25.67441860465116,22.65423406060606,82.20022463636361
119470,STATE - TAMIL NADU,Advertising,1049,1015,34,314,303,11,735,712,23,147,144,3,71,71,0,76,73,3,1196,29.852941176470587,22.65423406060606,82.20022463636361
119471,STATE - TAMIL NADU,Advertising,1049,1015,34,314,303,11,735,712,23,147,144,3,71,71,0,76,73,3,1196,29.852941176470587,22.65423406060606,82.20022463636361
119472,STATE - TAMIL NADU,Market research and public opinion polling,98,89,9,32,26,6,66,63,3,3,3,0,0,0,0,3,3,0,101,9.88888888888889,22.65423406060606,82.20022463636361
119473,STATE - TAMIL NADU,Market research and public opinion polling,98,89,9,32,26,6,66,63,3,3,3,0,0,0,0,3,3,0,101,9.88888888888889,22.65423406060606,82.20022463636361
119474,STATE - TAMIL NADU,"Other professional, scientific and technical activities",10267,9622,645,3458,3234,224,6809,6388,421,1231,1156,75,581,536,45,650,620,30,11498,14.91782945736434,22.65423406060606,82.20022463636361
119475,STATE - TAMIL NADU,Specialized design activities,5268,4966,302,1462,1361,101,3806,3605,201,788,745,43,369,339,30,419,406,13,6056,16.443708609271525,22.65423406060606,82.20022463636361
119476,STATE - TAMIL NADU,Specialized design activities,5268,4966,302,1462,1361,101,3806,3605,201,788,745,43,369,339,30,419,406,13,6056,16.443708609271525,22.65423406060606,82.20022463636361
119477,STATE - TAMIL NADU,Photographic activities,4600,4299,301,1852,1741,111,2748,2558,190,414,382,32,209,194,15,205,188,17,5014,14.282392026578073,22.65423406060606,82.20022463636361
119478,STATE - TAMIL NADU,Photographic activities,4600,4299,301,1852,1741,111,2748,2558,190,414,382,32,209,194,15,205,188,17,5014,14.282392026578073,22.65423406060606,82.20022463636361
119479,STATE - TAMIL NADU,"Other professional, scientific and technical activities n.e.c.",399,357,42,144,132,12,255,225,30,29,29,0,3,3,0,26,26,0,428,8.5,22.65423406060606,82.20022463636361
119480,STATE - TAMIL NADU,"Other professional, scientific and technical activities n.e.c.",399,357,42,144,132,12,255,225,30,29,29,0,3,3,0,26,26,0,428,8.5,22.65423406060606,82.20022463636361
119481,STATE - TAMIL NADU,Veterinary activities,1339,1061,278,616,509,107,723,552,171,43,29,14,26,14,12,17,15,2,1382,3.816546762589928,22.65423406060606,82.20022463636361
119482,STATE - TAMIL NADU,Veterinary activities,1339,1061,278,616,509,107,723,552,171,43,29,14,26,14,12,17,15,2,1382,3.816546762589928,22.65423406060606,82.20022463636361
119483,STATE - TAMIL NADU,Veterinary activities,1339,1061,278,616,509,107,723,552,171,43,29,14,26,14,12,17,15,2,1382,3.816546762589928,22.65423406060606,82.20022463636361
119484,STATE - TAMIL NADU,Rental and leasing activities,555,498,57,227,206,21,328,292,36,91,77,14,58,47,11,33,30,3,646,8.736842105263158,22.65423406060606,82.20022463636361
119485,STATE - TAMIL NADU,Renting and leasing of motor vehicles,47,47,0,15,15,0,32,32,0,8,8,0,5,5,0,3,3,0,55,47,22.65423406060606,82.20022463636361
119486,STATE - TAMIL NADU,Renting and leasing of motor vehicles,47,47,0,15,15,0,32,32,0,8,8,0,5,5,0,3,3,0,55,47,22.65423406060606,82.20022463636361
119487,STATE - TAMIL NADU,Renting and leasing of personal and household goods,362,322,40,129,114,15,233,208,25,65,54,11,41,30,11,24,24,0,427,8.05,22.65423406060606,82.20022463636361
119488,STATE - TAMIL NADU,Renting and leasing of recreational and sports goods,0,0,0,0,0,0,0,0,0,6,6,0,6,6,0,0,0,0,6,0,22.65423406060606,82.20022463636361
119489,STATE - TAMIL NADU,Renting of video tapes and disks,15,15,0,0,0,0,15,15,0,0,0,0,0,0,0,0,0,0,15,15,22.65423406060606,82.20022463636361
119490,STATE - TAMIL NADU,Renting and leasing of other personal and household goods n.e.c.,347,307,40,129,114,15,218,193,25,59,48,11,35,24,11,24,24,0,406,7.675,22.65423406060606,82.20022463636361
119491,STATE - TAMIL NADU,"Renting and leasing of other machinery, equipment and tangible goods",143,126,17,83,77,6,60,49,11,18,15,3,12,12,0,6,3,3,161,7.411764705882353,22.65423406060606,82.20022463636361
119492,STATE - TAMIL NADU,"Renting and leasing of other machinery, equipment and tangible goods",143,126,17,83,77,6,60,49,11,18,15,3,12,12,0,6,3,3,161,7.411764705882353,22.65423406060606,82.20022463636361
119493,STATE - TAMIL NADU,Leasing of nonfinancial intangible assets,3,3,0,0,0,0,3,3,0,0,0,0,0,0,0,0,0,0,3,3,22.65423406060606,82.20022463636361
119494,STATE - TAMIL NADU,Leasing of nonfinancial intangible assets,3,3,0,0,0,0,3,3,0,0,0,0,0,0,0,0,0,0,3,3,22.65423406060606,82.20022463636361
119495,STATE - TAMIL NADU,Employment activities,196,179,17,68,60,8,128,119,9,19,19,0,6,6,0,13,13,0,215,10.529411764705882,22.65423406060606,82.20022463636361
119496,STATE - TAMIL NADU,Activities of employment placement agencies,106,95,11,40,38,2,66,57,9,12,12,0,6,6,0,6,6,0,118,8.636363636363637,22.65423406060606,82.20022463636361
119497,STATE - TAMIL NADU,Activities of employment placement agencies,106,95,11,40,38,2,66,57,9,12,12,0,6,6,0,6,6,0,118,8.636363636363637,22.65423406060606,82.20022463636361
119498,STATE - TAMIL NADU,Temporary employment agency activities,55,55,0,17,17,0,38,38,0,2,2,0,0,0,0,2,2,0,57,55,22.65423406060606,82.20022463636361
119499,STATE - TAMIL NADU,Temporary employment agency activities,55,55,0,17,17,0,38,38,0,2,2,0,0,0,0,2,2,0,57,55,22.65423406060606,82.20022463636361
119500,STATE - TAMIL NADU,Human resources provision and management of human resources functions,35,29,6,11,5,6,24,24,0,5,5,0,0,0,0,5,5,0,40,4.833333333333333,22.65423406060606,82.20022463636361
119501,STATE - TAMIL NADU,Human resources provision and management of human resources,35,29,6,11,5,6,24,24,0,5,5,0,0,0,0,5,5,0,40,4.833333333333333,22.65423406060606,82.20022463636361
119502,STATE - TAMIL NADU,"Travel agency, tour operator and other reservation service activities",2168,2067,101,489,444,45,1679,1623,56,114,114,0,54,54,0,60,60,0,2282,20.465346534653467,22.65423406060606,82.20022463636361
119503,STATE - TAMIL NADU,Travel agency and tour operator activities,2130,2044,86,477,444,33,1653,1600,53,108,108,0,48,48,0,60,60,0,2238,23.76744186046512,22.65423406060606,82.20022463636361
119504,STATE - TAMIL NADU,Travel agency activities,1951,1867,84,421,390,31,1530,1477,53,105,105,0,48,48,0,57,57,0,2056,22.226190476190474,22.65423406060606,82.20022463636361
119505,STATE - TAMIL NADU,Tour operator activities,179,177,2,56,54,2,123,123,0,3,3,0,0,0,0,3,3,0,182,88.5,22.65423406060606,82.20022463636361
119506,STATE - TAMIL NADU,Other reservation service activities,38,23,15,12,0,12,26,23,3,6,6,0,6,6,0,0,0,0,44,1.5333333333333334,22.65423406060606,82.20022463636361
119507,STATE - TAMIL NADU,Other reservation service and related activities,38,23,15,12,0,12,26,23,3,6,6,0,6,6,0,0,0,0,44,1.5333333333333334,22.65423406060606,82.20022463636361
119508,STATE - TAMIL NADU,Security and investigation activities,14881,14497,384,4205,4047,158,10676,10450,226,1305,1242,63,504,468,36,801,774,27,16186,37.75260416666666,22.65423406060606,82.20022463636361
119509,STATE - TAMIL NADU,Private security activities,14681,14299,382,4151,3993,158,10530,10306,224,1299,1236,63,498,462,36,801,774,27,15980,37.43193717277487,22.65423406060606,82.20022463636361
119510,STATE - TAMIL NADU,Private security activities,14681,14299,382,4151,3993,158,10530,10306,224,1299,1236,63,498,462,36,801,774,27,15980,37.43193717277487,22.65423406060606,82.20022463636361
119511,STATE - TAMIL NADU,Security systems service activities,197,195,2,54,54,0,143,141,2,6,6,0,6,6,0,0,0,0,203,97.5,22.65423406060606,82.20022463636361
119512,STATE - TAMIL NADU,Security systems service activities,197,195,2,54,54,0,143,141,2,6,6,0,6,6,0,0,0,0,203,97.5,22.65423406060606,82.20022463636361
119513,STATE - TAMIL NADU,Investigation activities,3,3,0,0,0,0,3,3,0,0,0,0,0,0,0,0,0,0,3,3,22.65423406060606,82.20022463636361
119514,STATE - TAMIL NADU,Investigation activities,3,3,0,0,0,0,3,3,0,0,0,0,0,0,0,0,0,0,3,3,22.65423406060606,82.20022463636361
119515,STATE - TAMIL NADU,Services to buildings and landscape activities,1594,868,726,316,215,101,1278,653,625,155,64,91,47,6,41,108,58,50,1749,1.1955922865013775,22.65423406060606,82.20022463636361
119516,STATE - TAMIL NADU,Combined facilities support activities,61,37,24,18,18,0,43,19,24,0,0,0,0,0,0,0,0,0,61,1.5416666666666667,22.65423406060606,82.20022463636361
119517,STATE - TAMIL NADU,Combined facilities support activities,61,37,24,18,18,0,43,19,24,0,0,0,0,0,0,0,0,0,61,1.5416666666666667,22.65423406060606,82.20022463636361
119518,STATE - TAMIL NADU,Cleaning activities,1515,819,696,298,197,101,1217,622,595,155,64,91,47,6,41,108,58,50,1670,1.1767241379310345,22.65423406060606,82.20022463636361
119519,STATE - TAMIL NADU,General cleaning of buildings,956,506,450,161,96,65,795,410,385,95,37,58,34,4,30,61,33,28,1051,1.1244444444444444,22.65423406060606,82.20022463636361
119520,STATE - TAMIL NADU,Other building and industrial cleaning activities,559,313,246,137,101,36,422,212,210,60,27,33,13,2,11,47,25,22,619,1.272357723577236,22.65423406060606,82.20022463636361
119521,STATE - TAMIL NADU,Landscape care and maintenance service activities,18,12,6,0,0,0,18,12,6,0,0,0,0,0,0,0,0,0,18,2,22.65423406060606,82.20022463636361
119522,STATE - TAMIL NADU,Landscape care and maintenance service activities,18,12,6,0,0,0,18,12,6,0,0,0,0,0,0,0,0,0,18,2,22.65423406060606,82.20022463636361
119523,STATE - TAMIL NADU,"Office administrative, office support and other business support activities",55955,44453,11502,15483,12349,3134,40472,32104,8368,5436,4023,1413,1930,1440,490,3506,2583,923,61391,3.864806120674665,22.65423406060606,82.20022463636361
119524,STATE - TAMIL NADU,Office administrative and support activities,2043,1155,888,638,373,265,1405,782,623,208,94,114,44,8,36,164,86,78,2251,1.3006756756756757,22.65423406060606,82.20022463636361
119525,STATE - TAMIL NADU,Combined office administrative service activities,35,33,2,12,12,0,23,21,2,0,0,0,0,0,0,0,0,0,35,16.5,22.65423406060606,82.20022463636361
119526,STATE - TAMIL NADU,"Photocopying, document preparation and other specialized office",2008,1122,886,626,361,265,1382,761,621,208,94,114,44,8,36,164,86,78,2216,1.266365688487585,22.65423406060606,82.20022463636361
119527,STATE - TAMIL NADU,Activities of call centres,1318,860,458,151,112,39,1167,748,419,149,111,38,33,21,12,116,90,26,1467,1.8777292576419211,22.65423406060606,82.20022463636361
119528,STATE - TAMIL NADU,Activities of call centres,1318,860,458,151,112,39,1167,748,419,149,111,38,33,21,12,116,90,26,1467,1.8777292576419211,22.65423406060606,82.20022463636361
119529,STATE - TAMIL NADU,Business support service activities n.e.c.,52594,42438,10156,14694,11864,2830,37900,30574,7326,5079,3818,1261,1853,1411,442,3226,2407,819,57673,4.178613627412367,22.65423406060606,82.20022463636361
119530,STATE - TAMIL NADU,Activities of collection agencies and credit bureaus,34,29,5,9,9,0,25,20,5,0,0,0,0,0,0,0,0,0,34,5.8,22.65423406060606,82.20022463636361
119531,STATE - TAMIL NADU,Packaging activities,420,242,178,155,99,56,265,143,122,44,30,14,18,12,6,26,18,8,464,1.3595505617977528,22.65423406060606,82.20022463636361
119532,STATE - TAMIL NADU,Other business support service activities n.e.c.,52140,42167,9973,14530,11756,2774,37610,30411,7199,5035,3788,1247,1835,1399,436,3200,2389,811,57175,4.228115912965006,22.65423406060606,82.20022463636361
119533,STATE - TAMIL NADU,"Regulation of the activities of providing health care, education, cultural",247,137,110,121,62,59,126,75,51,35,18,17,33,18,15,2,0,2,282,1.2454545454545454,22.65423406060606,82.20022463636361
119534,STATE - TAMIL NADU,Provision of services to the community as a whole,7080,6586,494,2952,2780,172,4128,3806,322,199,171,28,73,57,16,126,114,12,7279,13.331983805668017,22.65423406060606,82.20022463636361
119535,STATE - TAMIL NADU,Foreign affairs,6,6,0,0,0,0,6,6,0,0,0,0,0,0,0,0,0,0,6,6,22.65423406060606,82.20022463636361
119536,STATE - TAMIL NADU,Defence activities,5070,4820,250,2173,2113,60,2897,2707,190,133,107,26,64,48,16,69,59,10,5203,19.28,22.65423406060606,82.20022463636361
119537,STATE - TAMIL NADU,Public order and safety activities,2004,1760,244,779,667,112,1225,1093,132,66,64,2,9,9,0,57,55,2,2070,7.213114754098361,22.65423406060606,82.20022463636361
119538,STATE - TAMIL NADU,Compulsory social security activities,19331,16220,3111,7063,5705,1358,12268,10515,1753,510,431,79,152,119,33,358,312,46,19841,5.2137576342012215,22.65423406060606,82.20022463636361
119539,STATE - TAMIL NADU,Compulsory social security activities,19331,16220,3111,7063,5705,1358,12268,10515,1753,510,431,79,152,119,33,358,312,46,19841,5.2137576342012215,22.65423406060606,82.20022463636361
119540,STATE - TAMIL NADU,Secondary education,18099,8528,9571,7825,4310,3515,10274,4218,6056,760,299,461,416,193,223,344,106,238,18859,0.8910249712673702,22.65423406060606,82.20022463636361
119541,STATE - TAMIL NADU,General secondary education,17536,8075,9461,7617,4150,3467,9919,3925,5994,734,278,456,404,184,220,330,94,236,18270,0.853503857943135,22.65423406060606,82.20022463636361
119542,STATE - TAMIL NADU,Technical and vocational secondary education,563,453,110,208,160,48,355,293,62,26,21,5,12,9,3,14,12,2,589,4.118181818181818,22.65423406060606,82.20022463636361
119543,STATE - TAMIL NADU,Higher education,15625,9602,6023,5584,3861,1723,10041,5741,4300,898,483,415,477,292,185,421,191,230,16523,1.5942221484310144,22.65423406060606,82.20022463636361
119544,STATE - TAMIL NADU,Higher education,15625,9602,6023,5584,3861,1723,10041,5741,4300,898,483,415,477,292,185,421,191,230,16523,1.5942221484310144,22.65423406060606,82.20022463636361
119545,STATE - TAMIL NADU,Other education,4207,2473,1734,1941,1127,814,2266,1346,920,515,293,222,309,185,124,206,108,98,4722,1.4261822376009228,22.65423406060606,82.20022463636361
119546,STATE - TAMIL NADU,Sports and recreation education,570,456,114,214,179,35,356,277,79,15,12,3,0,0,0,15,12,3,585,4,22.65423406060606,82.20022463636361
119547,STATE - TAMIL NADU,Cultural education,117,95,22,33,29,4,84,66,18,9,9,0,6,6,0,3,3,0,126,4.318181818181818,22.65423406060606,82.20022463636361
119548,STATE - TAMIL NADU,Other education n.e.c.,3520,1922,1598,1694,919,775,1826,1003,823,491,272,219,303,179,124,188,93,95,4011,1.2027534418022527,22.65423406060606,82.20022463636361
119549,STATE - TAMIL NADU,Educational support services,32402,12309,20093,17737,6086,11651,14665,6223,8442,1730,712,1018,953,408,545,777,304,473,34132,0.6126014034738466,22.65423406060606,82.20022463636361
119550,STATE - TAMIL NADU,Educational support services,32402,12309,20093,17737,6086,11651,14665,6223,8442,1730,712,1018,953,408,545,777,304,473,34132,0.6126014034738466,22.65423406060606,82.20022463636361
119551,STATE - TAMIL NADU,Medical and dental practice activities,1075,576,499,310,179,131,765,397,368,56,29,27,12,12,0,44,17,27,1131,1.154308617234469,22.65423406060606,82.20022463636361
119552,STATE - TAMIL NADU,Medical and dental practice activities,1075,576,499,310,179,131,765,397,368,56,29,27,12,12,0,44,17,27,1131,1.154308617234469,22.65423406060606,82.20022463636361
119553,STATE - TAMIL NADU,Other human health activities,16928,3520,13408,10106,1417,8689,6822,2103,4719,903,224,679,548,102,446,355,122,233,17831,0.2625298329355608,22.65423406060606,82.20022463636361
119554,STATE - TAMIL NADU,Other human health activities,16928,3520,13408,10106,1417,8689,6822,2103,4719,903,224,679,548,102,446,355,122,233,17831,0.2625298329355608,22.65423406060606,82.20022463636361
119555,STATE - TAMIL NADU,Residential care activities,1445,456,989,579,156,423,866,300,566,133,23,110,64,12,52,69,11,58,1578,0.461071789686552,22.65423406060606,82.20022463636361
119556,STATE - TAMIL NADU,Nursing care facilities,557,27,530,301,18,283,256,9,247,82,6,76,51,6,45,31,0,31,639,0.0509433962264151,22.65423406060606,82.20022463636361
119557,STATE - TAMIL NADU,Nursing care facilities,557,27,530,301,18,283,256,9,247,82,6,76,51,6,45,31,0,31,639,0.0509433962264151,22.65423406060606,82.20022463636361
119558,STATE - TAMIL NADU,"Residential care activities for mental retardation, mental health and substance",14,12,2,0,0,0,14,12,2,3,0,3,0,0,0,3,0,3,17,6,22.65423406060606,82.20022463636361
119559,STATE - TAMIL NADU,"Residential care activities for mental retardation, mental health and",14,12,2,0,0,0,14,12,2,3,0,3,0,0,0,3,0,3,17,6,22.65423406060606,82.20022463636361
119560,STATE - TAMIL NADU,Residential care activities for the elderly and disabled,41,9,32,3,3,0,38,6,32,17,0,17,5,0,5,12,0,12,58,0.28125,22.65423406060606,82.20022463636361
119561,STATE - TAMIL NADU,Residential care activities for the elderly and disabled,41,9,32,3,3,0,38,6,32,17,0,17,5,0,5,12,0,12,58,0.28125,22.65423406060606,82.20022463636361
119562,STATE - TAMIL NADU,Other residential care activities n.e.c.,833,408,425,275,135,140,558,273,285,31,17,14,8,6,2,23,11,12,864,0.96,22.65423406060606,82.20022463636361
119563,STATE - TAMIL NADU,Other residential care activities n.e.c.,833,408,425,275,135,140,558,273,285,31,17,14,8,6,2,23,11,12,864,0.96,22.65423406060606,82.20022463636361
119564,STATE - TAMIL NADU,Social work activities without accommodation,2889,1702,1187,1615,904,711,1274,798,476,314,157,157,179,67,112,135,90,45,3203,1.4338668913226622,22.65423406060606,82.20022463636361
119565,STATE - TAMIL NADU,Social work activities without accommodation for the elderly and disabled,123,100,23,85,68,17,38,32,6,17,9,8,11,3,8,6,6,0,140,4.3478260869565215,22.65423406060606,82.20022463636361
119566,STATE - TAMIL NADU,Social work activities without accommodation for the elderly and,123,100,23,85,68,17,38,32,6,17,9,8,11,3,8,6,6,0,140,4.3478260869565215,22.65423406060606,82.20022463636361
119567,STATE - TAMIL NADU,Other social work activities without accommodation n.e.c.,2766,1602,1164,1530,836,694,1236,766,470,297,148,149,168,64,104,129,84,45,3063,1.3762886597938144,22.65423406060606,82.20022463636361
119568,STATE - TAMIL NADU,Other social work activities without accommodation n.e.c.,2766,1602,1164,1530,836,694,1236,766,470,297,148,149,168,64,104,129,84,45,3063,1.3762886597938144,22.65423406060606,82.20022463636361
119569,STATE - TAMIL NADU,"Creative, arts and entertainment activities",11771,11319,452,5196,5036,160,6575,6283,292,2363,2242,121,1263,1206,57,1100,1036,64,14134,25.042035398230087,22.65423406060606,82.20022463636361
119570,STATE - TAMIL NADU,"Creative, arts and entertainment activities",11771,11319,452,5196,5036,160,6575,6283,292,2363,2242,121,1263,1206,57,1100,1036,64,14134,25.042035398230087,22.65423406060606,82.20022463636361
119571,STATE - TAMIL NADU,"Dramatic arts, music and other arts activities",11771,11319,452,5196,5036,160,6575,6283,292,2363,2242,121,1263,1206,57,1100,1036,64,14134,25.042035398230087,22.65423406060606,82.20022463636361
119572,STATE - TAMIL NADU,"Libraries, archives, museums and other cultural activities",2186,1454,732,952,628,324,1234,826,408,256,147,109,157,100,57,99,47,52,2442,1.986338797814208,22.65423406060606,82.20022463636361
119573,STATE - TAMIL NADU,"Libraries, archives, museums and other cultural activities",2186,1454,732,952,628,324,1234,826,408,256,147,109,157,100,57,99,47,52,2442,1.986338797814208,22.65423406060606,82.20022463636361
119574,STATE - TAMIL NADU,Library and archives activities,965,603,362,517,324,193,448,279,169,78,45,33,63,36,27,15,9,6,1043,1.6657458563535912,22.65423406060606,82.20022463636361
119575,STATE - TAMIL NADU,Museums activities and operation of historical sites and buildings,3,3,0,0,0,0,3,3,0,0,0,0,0,0,0,0,0,0,3,3,22.65423406060606,82.20022463636361
119576,STATE - TAMIL NADU,Botanical and zoological gardens and nature reserves activities,1218,848,370,435,304,131,783,544,239,178,102,76,94,64,30,84,38,46,1396,2.291891891891892,22.65423406060606,82.20022463636361
119577,STATE - TAMIL NADU,Gambling and betting activities,68,63,5,8,8,0,60,55,5,8,8,0,0,0,0,8,8,0,76,12.6,22.65423406060606,82.20022463636361
119578,STATE - TAMIL NADU,Gambling and betting activities,68,63,5,8,8,0,60,55,5,8,8,0,0,0,0,8,8,0,76,12.6,22.65423406060606,82.20022463636361
119579,STATE - TAMIL NADU,Gambling and betting activities,68,63,5,8,8,0,60,55,5,8,8,0,0,0,0,8,8,0,76,12.6,22.65423406060606,82.20022463636361
119580,STATE - TAMIL NADU,Sports activities and amusement and recreation activities,3920,3544,376,1627,1443,184,2293,2101,192,1128,987,141,688,606,82,440,381,59,5048,9.425531914893616,22.65423406060606,82.20022463636361
119581,STATE - TAMIL NADU,Sports activities,446,415,31,40,34,6,406,381,25,26,26,0,6,6,0,20,20,0,472,13.387096774193548,22.65423406060606,82.20022463636361
119582,STATE - TAMIL NADU,Operation of sports facilities,20,18,2,0,0,0,20,18,2,0,0,0,0,0,0,0,0,0,20,9,22.65423406060606,82.20022463636361
119583,STATE - TAMIL NADU,Activities of sports clubs,172,153,19,12,6,6,160,147,13,15,15,0,6,6,0,9,9,0,187,8.052631578947368,22.65423406060606,82.20022463636361
119584,STATE - TAMIL NADU,Other sports activities,254,244,10,28,28,0,226,216,10,11,11,0,0,0,0,11,11,0,265,24.4,22.65423406060606,82.20022463636361
119585,STATE - TAMIL NADU,Other amusement and recreation activities,3474,3129,345,1587,1409,178,1887,1720,167,1102,961,141,682,600,82,420,361,59,4576,9.069565217391304,22.65423406060606,82.20022463636361
119586,STATE - TAMIL NADU,Activities of amusement parks and theme parks,127,108,19,55,51,4,72,57,15,27,22,5,10,10,0,17,12,5,154,5.684210526315789,22.65423406060606,82.20022463636361
119587,STATE - TAMIL NADU,Other amusement and recreation activities n.e.c.,3347,3021,326,1532,1358,174,1815,1663,152,1075,939,136,672,590,82,403,349,54,4422,9.266871165644172,22.65423406060606,82.20022463636361
119588,STATE - TAMIL NADU,Activities of membership organizations,5909,4204,1705,2533,1802,731,3376,2402,974,584,415,169,293,215,78,291,200,91,6493,2.4656891495601174,22.65423406060606,82.20022463636361
119589,STATE - TAMIL NADU,"Activities of business, employers and professional membership",83,46,37,41,26,15,42,20,22,14,3,11,0,0,0,14,3,11,97,1.2432432432432432,22.65423406060606,82.20022463636361
119590,STATE - TAMIL NADU,Activities of business and employers membership organizations,71,44,27,39,26,13,32,18,14,8,0,8,0,0,0,8,0,8,79,1.6296296296296295,22.65423406060606,82.20022463636361
119591,STATE - TAMIL NADU,Activities of professional membership organizations,12,2,10,2,0,2,10,2,8,6,3,3,0,0,0,6,3,3,18,0.2,22.65423406060606,82.20022463636361
119592,STATE - TAMIL NADU,Activities of trade unions,100,74,26,50,42,8,50,32,18,2,0,2,2,0,2,0,0,0,102,2.8461538461538463,22.65423406060606,82.20022463636361
119593,STATE - TAMIL NADU,Activities of trade unions,100,74,26,50,42,8,50,32,18,2,0,2,2,0,2,0,0,0,102,2.8461538461538463,22.65423406060606,82.20022463636361
119594,STATE - TAMIL NADU,Activities of other membership organizations,5726,4084,1642,2442,1734,708,3284,2350,934,568,412,156,291,215,76,277,197,80,6294,2.48721071863581,22.65423406060606,82.20022463636361
119595,STATE - TAMIL NADU,Activities of religious organizations,3484,2673,811,1280,1039,241,2204,1634,570,381,288,93,198,157,41,183,131,52,3865,3.295930949445129,22.65423406060606,82.20022463636361
119596,STATE - TAMIL NADU,Activities of political organizations,1307,996,311,703,523,180,604,473,131,87,82,5,40,40,0,47,42,5,1394,3.202572347266881,22.65423406060606,82.20022463636361
119597,STATE - TAMIL NADU,Activities of other membership organizations n.e.c.,935,415,520,459,172,287,476,243,233,100,42,58,53,18,35,47,24,23,1035,0.7980769230769231,22.65423406060606,82.20022463636361
119598,STATE - TAMIL NADU,Repair of computers and personal and household goods,18515,15754,2761,6762,5695,1067,11753,10059,1694,2761,1871,890,1378,884,494,1383,987,396,21276,5.705903658094893,22.65423406060606,82.20022463636361
119599,STATE - TAMIL NADU,Repair of computers and communication equipment,1560,1398,162,587,514,73,973,884,89,150,121,29,76,67,9,74,54,20,1710,8.62962962962963,22.65423406060606,82.20022463636361
119600,STATE - TAMIL NADU,Repair of computers and peripheral equipment,1354,1208,146,538,467,71,816,741,75,131,105,26,62,56,6,69,49,20,1485,8.273972602739725,22.65423406060606,82.20022463636361
119601,STATE - TAMIL NADU,Repair of communication equipment,206,190,16,49,47,2,157,143,14,19,16,3,14,11,3,5,5,0,225,11.875,22.65423406060606,82.20022463636361
119602,STATE - TAMIL NADU,Repair of personal and household goods,16955,14356,2599,6175,5181,994,10780,9175,1605,2611,1750,861,1302,817,485,1309,933,376,19566,5.523662947287418,22.65423406060606,82.20022463636361
119603,STATE - TAMIL NADU,Repair of consumer electronics,3364,2269,1095,1546,1004,542,1818,1265,553,540,326,214,292,155,137,248,171,77,3904,2.072146118721461,22.65423406060606,82.20022463636361
119604,STATE - TAMIL NADU,Repair of household appliances and home and garden equipment,2506,2357,149,806,742,64,1700,1615,85,372,333,39,173,150,23,199,183,16,2878,15.818791946308725,22.65423406060606,82.20022463636361
119605,STATE - TAMIL NADU,Repair of footwear and leather goods,4610,4355,255,1195,1140,55,3415,3215,200,522,463,59,233,213,20,289,250,39,5132,17.07843137254902,22.65423406060606,82.20022463636361
119606,STATE - TAMIL NADU,Repair of furniture and home furnishings,72,69,3,19,19,0,53,50,3,12,9,3,6,6,0,6,3,3,84,23,22.65423406060606,82.20022463636361
119607,STATE - TAMIL NADU,"Repair of personal and household goods, n.e.c.",6403,5306,1097,2609,2276,333,3794,3030,764,1165,619,546,598,293,305,567,326,241,7568,4.836827711941659,22.65423406060606,82.20022463636361
119608,STATE - TAMIL NADU,Other personal service activities,52119,46275,5844,13709,11734,1975,38410,34541,3869,6956,5960,996,2410,1962,448,4546,3998,548,59075,7.918377823408624,22.65423406060606,82.20022463636361
119609,STATE - TAMIL NADU,Other personal service activities,52119,46275,5844,13709,11734,1975,38410,34541,3869,6956,5960,996,2410,1962,448,4546,3998,548,59075,7.918377823408624,22.65423406060606,82.20022463636361
119610,STATE - TAMIL NADU,Washing and (dry-) cleaning of textile and fur products,9056,6212,2844,2922,1883,1039,6134,4329,1805,1084,713,371,379,237,142,705,476,229,10140,2.1842475386779183,22.65423406060606,82.20022463636361
119611,STATE - TAMIL NADU,Hairdressing and other beauty treatment,3156,2325,831,1047,864,183,2109,1461,648,303,182,121,119,75,44,184,107,77,3459,2.7978339350180503,22.65423406060606,82.20022463636361
119612,STATE - TAMIL NADU,Funeral and related activities,293,272,21,49,47,2,244,225,19,52,52,0,28,28,0,24,24,0,345,12.952380952380953,22.65423406060606,82.20022463636361
119613,STATE - TAMIL NADU,Other personal service activities n.e.c.,39614,37466,2148,9691,8940,751,29923,28526,1397,5517,5013,504,1884,1622,262,3633,3391,242,45131,17.442271880819366,22.65423406060606,82.20022463636361
119614,STATE - TAMIL NADU,Undifferentiated goods- and services-producing activities of private,29,17,12,3,3,0,26,14,12,2,0,2,2,0,2,0,0,0,31,1.4166666666666667,22.65423406060606,82.20022463636361
119615,STATE - TAMIL NADU,Undifferentiated goods-producing activities of private households for own,3,3,0,0,0,0,3,3,0,2,0,2,2,0,2,0,0,0,5,3,22.65423406060606,82.20022463636361
119616,STATE - TAMIL NADU,Undifferentiated goods-producing activities of private households for own,3,3,0,0,0,0,3,3,0,2,0,2,2,0,2,0,0,0,5,3,22.65423406060606,82.20022463636361
119617,STATE - TAMIL NADU,Undifferentiated service-producing activities of private households for own,26,14,12,3,3,0,23,11,12,0,0,0,0,0,0,0,0,0,26,1.1666666666666667,22.65423406060606,82.20022463636361
119618,STATE - TAMIL NADU,Undifferentiated service-producing activities of private households for own,26,14,12,3,3,0,23,11,12,0,0,0,0,0,0,0,0,0,26,1.1666666666666667,22.65423406060606,82.20022463636361
119619,STATE - TAMIL NADU,Activities of extraterritorial organizations and bodies,20,15,5,8,6,2,12,9,3,0,0,0,0,0,0,0,0,0,20,3,22.65423406060606,82.20022463636361
119620,STATE - TAMIL NADU,Activities of extraterritorial organizations and bodies,20,15,5,8,6,2,12,9,3,0,0,0,0,0,0,0,0,0,20,3,22.65423406060606,82.20022463636361
