,IndiaStates,NIC_Name,Main_Workers__Total___Persons,Main_Workers__Total__Males,Main_Workers__Total__Females,Main_Workers__Rural___Persons,Main_Workers__Rural__Males,Main_Workers__Rural__Females,Main_Workers__Urban___Persons,Main_Workers__Urban__Males,Main_Workers__Urban__Females,Marginal_Workers__Total___Persons,Marginal_Workers__Total__Males,Marginal_Workers__Total__Females,Marginal_Workers__Rural___Persons,Marginal_Workers__Rural__Males,Marginal_Workers__Rural__Females,Marginal_Workers__Urban___Persons,Marginal_Workers__Urban__Males,Marginal_Workers__Urban__Females,TotalWorkers,MaleFemaleRatio,Latitude,Longitude
144706,STATE - UTTAR PRADESH,"Crop and animal production, hunting and related service activities",2218,1751,467,1982,1535,447,236,216,20,2752,1645,1107,2639,1556,1083,113,89,24,4970,3.7494646680942174,14.750429,78.570026
144707,STATE - UTTAR PRADESH,Growing of non-perennial crops,541,465,76,471,399,72,70,66,4,564,396,168,555,387,168,9,9,0,1105,6.118421052631579,27.100399,93.616601
144708,STATE - UTTAR PRADESH,"Growing of cereals (except rice), leguminous crops and oil seeds",522,448,74,456,386,70,66,62,4,547,387,160,538,378,160,9,9,0,1069,6.054054054054054,26.749981,94.216667
144709,STATE - UTTAR PRADESH,Growing of rice,2,2,0,2,2,0,0,0,0,0,0,0,0,0,0,0,0,0,2,2,25.785414,87.479973
144710,STATE - UTTAR PRADESH,"Growing of vegetables and melons, roots and tubers",12,10,2,12,10,2,0,0,0,16,9,7,16,9,7,0,0,0,28,5,30.719997,76.780006
144711,STATE - UTTAR PRADESH,Growing of tobacco,0,0,0,0,0,0,0,0,0,1,0,1,1,0,1,0,0,0,1,0,22.09042,82.159987
144712,STATE - UTTAR PRADESH,Growing of fibre crops,3,3,0,1,1,0,2,2,0,0,0,0,0,0,0,0,0,0,3,3,20.266578,73.016618
144713,STATE - UTTAR PRADESH,Growing of other non-perennial crop,2,2,0,0,0,0,2,2,0,0,0,0,0,0,0,0,0,0,2,2,28.669993,77.230004
144714,STATE - UTTAR PRADESH,Growing of perennial crops,6,4,2,6,4,2,0,0,0,0,0,0,0,0,0,0,0,0,6,2,15.491997,73.818001
144715,STATE - UTTAR PRADESH,Growing of beverage crops,1,1,0,1,1,0,0,0,0,0,0,0,0,0,0,0,0,0,1,1,28.450006,77.019991
144716,STATE - UTTAR PRADESH,"Growing of spices, aromatic, drug and pharmaceutical crops",2,2,0,2,2,0,0,0,0,0,0,0,0,0,0,0,0,0,2,2,31.100025,77.166597
144717,STATE - UTTAR PRADESH,Growing of other perennial crops,3,1,2,3,1,2,0,0,0,0,0,0,0,0,0,0,0,0,3,0.5,34.299959,74.466658
144718,STATE - UTTAR PRADESH,Plant propagation,4,4,0,2,2,0,2,2,0,5,3,2,5,3,2,0,0,0,9,4,23.800393,86.419986
144719,STATE - UTTAR PRADESH,Plant propagation,4,4,0,2,2,0,2,2,0,5,3,2,5,3,2,0,0,0,9,4,12.570381,76.919997
144720,STATE - UTTAR PRADESH,Animal production,572,365,207,528,329,199,44,36,8,772,316,456,734,292,442,38,24,14,1344,1.7632850241545894,8.900373,76.569993
144721,STATE - UTTAR PRADESH,Raising of cattle and buffaloes,392,251,141,362,229,133,30,22,8,491,199,292,475,185,290,16,14,2,883,1.7801418439716312,10.562573,72.636867
144722,STATE - UTTAR PRADESH,Raising and breeding of camels and camelids,0,0,0,0,0,0,0,0,0,2,0,2,2,0,2,0,0,0,2,0,21.300391,76.130019
144723,STATE - UTTAR PRADESH,Raising of sheep and goats,125,77,48,125,77,48,0,0,0,235,94,141,223,90,133,12,4,8,360,1.6041666666666667,19.250232,73.160175
144724,STATE - UTTAR PRADESH,Raising of swine/pigs,2,2,0,2,2,0,0,0,0,0,0,0,0,0,0,0,0,0,2,2,24.799971,93.950017
144725,STATE - UTTAR PRADESH,Raising of poultry,12,9,3,12,9,3,0,0,0,17,12,5,15,10,5,2,2,0,29,3,25.570492,91.880014
144726,STATE - UTTAR PRADESH,Raising of other animals,41,26,15,27,12,15,14,14,0,27,11,16,19,7,12,8,4,4,68,1.7333333333333334,23.710399,92.720015
144727,STATE - UTTAR PRADESH,Mixed farming,77,60,17,76,59,17,1,1,0,56,32,24,54,30,24,2,2,0,133,3.5294117647058822,25.666998,94.11657
144728,STATE - UTTAR PRADESH,Mixed farming,77,60,17,76,59,17,1,1,0,56,32,24,54,30,24,2,2,0,133,3.5294117647058822,19.82043,85.900017
144729,STATE - UTTAR PRADESH,Support activities to agriculture and post-harvest crop activities,1018,853,165,899,742,157,119,111,8,1355,898,457,1291,844,447,64,54,10,2373,5.16969696969697,11.934994,79.83
144730,STATE - UTTAR PRADESH,Support activities for crop production,919,774,145,822,685,137,97,89,8,1217,828,389,1164,779,385,53,49,4,2136,5.337931034482758,31.519974,75.980003
144731,STATE - UTTAR PRADESH,Support activities for animal production,11,5,6,9,3,6,2,2,0,24,1,23,22,1,21,2,0,2,35,0.8333333333333334,26.449999,74.639981
144732,STATE - UTTAR PRADESH,Post-harvest crop activities,88,74,14,68,54,14,20,20,0,114,69,45,105,64,41,9,5,4,202,5.285714285714286,27.33333,88.616647
144733,STATE - UTTAR PRADESH,Forestry and logging,422,280,142,378,240,138,44,40,4,219,101,118,193,79,114,26,22,4,641,1.971830985915493,12.920386,79.150042
144734,STATE - UTTAR PRADESH,Silviculture and other forestry activities,50,47,3,44,41,3,6,6,0,29,19,10,29,19,10,0,0,0,79,15.666666666666666,23.835404,91.279999
144735,STATE - UTTAR PRADESH,Silviculture and other forestry activities,50,47,3,44,41,3,6,6,0,29,19,10,29,19,10,0,0,0,79,15.666666666666666,27.599981,78.050006
144736,STATE - UTTAR PRADESH,Logging,175,68,107,161,54,107,14,14,0,94,40,54,70,20,50,24,20,4,269,0.6355140186915887,30.320409,78.050006
144737,STATE - UTTAR PRADESH,Logging,175,68,107,161,54,107,14,14,0,94,40,54,70,20,50,24,20,4,269,0.6355140186915887,22.58039,88.329947
144738,STATE - UTTAR PRADESH,Gathering of non-wood forest products,43,17,26,35,11,24,8,6,2,63,20,43,63,20,43,0,0,0,106,0.6538461538461539,22.65423406060606,82.20022463636361
144739,STATE - UTTAR PRADESH,Gathering of non-wood forest products,43,17,26,35,11,24,8,6,2,63,20,43,63,20,43,0,0,0,106,0.6538461538461539,22.65423406060606,82.20022463636361
144740,STATE - UTTAR PRADESH,Support services to forestry,154,148,6,138,134,4,16,14,2,33,22,11,31,20,11,2,2,0,187,24.666666666666668,22.65423406060606,82.20022463636361
144741,STATE - UTTAR PRADESH,Support services to forestry,154,148,6,138,134,4,16,14,2,33,22,11,31,20,11,2,2,0,187,24.666666666666668,22.65423406060606,82.20022463636361
144742,STATE - UTTAR PRADESH,Fishing and aquaculture,57,42,15,43,28,15,14,14,0,16,13,3,12,11,1,4,2,2,73,2.8,22.65423406060606,82.20022463636361
144743,STATE - UTTAR PRADESH,Fishing,26,14,12,24,12,12,2,2,0,5,3,2,3,3,0,2,0,2,31,1.1666666666666667,22.65423406060606,82.20022463636361
144744,STATE - UTTAR PRADESH,Marine fishing,11,7,4,11,7,4,0,0,0,3,1,2,1,1,0,2,0,2,14,1.75,22.65423406060606,82.20022463636361
144745,STATE - UTTAR PRADESH,Freash water fishing,15,7,8,13,5,8,2,2,0,2,2,0,2,2,0,0,0,0,17,0.875,22.65423406060606,82.20022463636361
144746,STATE - UTTAR PRADESH,Aquaculture,31,28,3,19,16,3,12,12,0,11,10,1,9,8,1,2,2,0,42,9.333333333333334,22.65423406060606,82.20022463636361
144747,STATE - UTTAR PRADESH,Marine aquaculture,5,5,0,5,5,0,0,0,0,7,6,1,5,4,1,2,2,0,12,5,22.65423406060606,82.20022463636361
144748,STATE - UTTAR PRADESH,Freshwater aquaculture,26,23,3,14,11,3,12,12,0,4,4,0,4,4,0,0,0,0,30,7.666666666666667,22.65423406060606,82.20022463636361
144749,STATE - UTTAR PRADESH,Mining of coal and lignite,216,207,9,161,154,7,55,53,2,33,32,1,25,24,1,8,8,0,249,23,22.65423406060606,82.20022463636361
144750,STATE - UTTAR PRADESH,Mining of hard coal,191,182,9,136,129,7,55,53,2,32,32,0,24,24,0,8,8,0,223,20.22222222222222,22.65423406060606,82.20022463636361
144751,STATE - UTTAR PRADESH,Mining of hard coal,191,182,9,136,129,7,55,53,2,32,32,0,24,24,0,8,8,0,223,20.22222222222222,22.65423406060606,82.20022463636361
144752,STATE - UTTAR PRADESH,Mining of lignite,25,25,0,25,25,0,0,0,0,1,0,1,1,0,1,0,0,0,26,25,22.65423406060606,82.20022463636361
144753,STATE - UTTAR PRADESH,Mining of lignite,25,25,0,25,25,0,0,0,0,1,0,1,1,0,1,0,0,0,26,25,22.65423406060606,82.20022463636361
144754,STATE - UTTAR PRADESH,Other mining and quarrying,2452,2237,215,2306,2107,199,146,130,16,1165,989,176,1057,907,150,108,82,26,3617,10.404651162790698,22.65423406060606,82.20022463636361
144755,STATE - UTTAR PRADESH,"Quarrying of stone, sand and clay",1611,1459,152,1553,1405,148,58,54,4,775,665,110,697,609,88,78,56,22,2386,9.598684210526317,22.65423406060606,82.20022463636361
144756,STATE - UTTAR PRADESH,"Quarrying of stone, sand and clay",1611,1459,152,1553,1405,148,58,54,4,775,665,110,697,609,88,78,56,22,2386,9.598684210526317,22.65423406060606,82.20022463636361
144757,STATE - UTTAR PRADESH,Mining and quarrying n.e.c.,841,778,63,753,702,51,88,76,12,390,324,66,360,298,62,30,26,4,1231,12.34920634920635,22.65423406060606,82.20022463636361
144758,STATE - UTTAR PRADESH,Extraction and agglomeration of peat,1,1,0,1,1,0,0,0,0,0,0,0,0,0,0,0,0,0,1,1,22.65423406060606,82.20022463636361
144759,STATE - UTTAR PRADESH,Other mining and quarrying n.e.c.,840,777,63,752,701,51,88,76,12,390,324,66,360,298,62,30,26,4,1230,12.333333333333334,22.65423406060606,82.20022463636361
144760,STATE - UTTAR PRADESH,Mining support service activities,6,4,2,0,0,0,6,4,2,0,0,0,0,0,0,0,0,0,6,2,22.65423406060606,82.20022463636361
144761,STATE - UTTAR PRADESH,Support activities for petroleum and natural gas mining,2,2,0,0,0,0,2,2,0,0,0,0,0,0,0,0,0,0,2,2,22.65423406060606,82.20022463636361
144762,STATE - UTTAR PRADESH,Support activities for petroleum and natural gas mining,2,2,0,0,0,0,2,2,0,0,0,0,0,0,0,0,0,0,2,2,22.65423406060606,82.20022463636361
144763,STATE - UTTAR PRADESH,Support activities for other mining and quarrying,4,2,2,0,0,0,4,2,2,0,0,0,0,0,0,0,0,0,4,1,22.65423406060606,82.20022463636361
144764,STATE - UTTAR PRADESH,Support activities for other mining and quarrying,4,2,2,0,0,0,4,2,2,0,0,0,0,0,0,0,0,0,4,1,22.65423406060606,82.20022463636361
144765,STATE - UTTAR PRADESH,Manufacture of food products,3206,2269,937,2638,1864,774,568,405,163,3000,1752,1248,2760,1583,1177,240,169,71,6206,2.4215581643543223,22.65423406060606,82.20022463636361
144766,STATE - UTTAR PRADESH,Processing and preserving of meat,18,16,2,16,14,2,2,2,0,14,5,9,14,5,9,0,0,0,32,8,22.65423406060606,82.20022463636361
144767,STATE - UTTAR PRADESH,Processing and preserving of meat,18,16,2,16,14,2,2,2,0,14,5,9,14,5,9,0,0,0,32,8,22.65423406060606,82.20022463636361
144768,STATE - UTTAR PRADESH,"Processing and preserving of fish, crustaceans and molluscs",3,2,1,3,2,1,0,0,0,6,6,0,6,6,0,0,0,0,9,2,22.65423406060606,82.20022463636361
144769,STATE - UTTAR PRADESH,"Processing and preserving of fish, crustaceans and molluscs and",3,2,1,3,2,1,0,0,0,6,6,0,6,6,0,0,0,0,9,2,22.65423406060606,82.20022463636361
144770,STATE - UTTAR PRADESH,Processing and preserving of fruit and vegetables,51,47,4,29,25,4,22,22,0,36,29,7,28,25,3,8,4,4,87,11.75,22.65423406060606,82.20022463636361
144771,STATE - UTTAR PRADESH,Processing and preserving of fruit and vegetables,51,47,4,29,25,4,22,22,0,36,29,7,28,25,3,8,4,4,87,11.75,22.65423406060606,82.20022463636361
144772,STATE - UTTAR PRADESH,Manufacture of vegetable and animal oils and fats,27,26,1,23,22,1,4,4,0,10,8,2,10,8,2,0,0,0,37,26,22.65423406060606,82.20022463636361
144773,STATE - UTTAR PRADESH,Manufacture of vegetable and animal oils and fats,27,26,1,23,22,1,4,4,0,10,8,2,10,8,2,0,0,0,37,26,22.65423406060606,82.20022463636361
144774,STATE - UTTAR PRADESH,Manufacture of dairy products,400,249,151,268,181,87,132,68,64,527,236,291,469,202,267,58,34,24,927,1.6490066225165565,22.65423406060606,82.20022463636361
144775,STATE - UTTAR PRADESH,Manufacture of dairy products,400,249,151,268,181,87,132,68,64,527,236,291,469,202,267,58,34,24,927,1.6490066225165565,22.65423406060606,82.20022463636361
144776,STATE - UTTAR PRADESH,"Manufacture of grain mill products, starches and starch products",1501,906,595,1375,819,556,126,87,39,1741,980,761,1683,941,742,58,39,19,3242,1.522689075630252,22.65423406060606,82.20022463636361
144777,STATE - UTTAR PRADESH,Manufacture of grain mill products,1499,904,595,1373,817,556,126,87,39,1739,980,759,1683,941,742,56,39,17,3238,1.519327731092437,22.65423406060606,82.20022463636361
144778,STATE - UTTAR PRADESH,Manufacture of starches and starch products,2,2,0,2,2,0,0,0,0,2,0,2,0,0,0,2,0,2,4,2,22.65423406060606,82.20022463636361
144779,STATE - UTTAR PRADESH,Manufacture of other food products,1205,1023,182,923,801,122,282,222,60,663,485,178,547,393,154,116,92,24,1868,5.62087912087912,22.65423406060606,82.20022463636361
144780,STATE - UTTAR PRADESH,Manufacture of bakery products,100,70,30,40,38,2,60,32,28,39,25,14,20,16,4,19,9,10,139,2.333333333333333,22.65423406060606,82.20022463636361
144781,STATE - UTTAR PRADESH,"Manufacture of cocoa, chocolate and sugar confectionery",175,168,7,115,112,3,60,56,4,107,101,6,74,70,4,33,31,2,282,24,22.65423406060606,82.20022463636361
144782,STATE - UTTAR PRADESH,Manufacture of prepared meals and dishes,420,386,34,339,313,26,81,73,8,197,156,41,172,137,35,25,19,6,617,11.352941176470589,22.65423406060606,82.20022463636361
144783,STATE - UTTAR PRADESH,Manufacture of other food products n.e.c.,359,248,111,292,201,91,67,47,20,244,130,114,212,104,108,32,26,6,603,2.234234234234234,22.65423406060606,82.20022463636361
144784,STATE - UTTAR PRADESH,Manufacture of prepared animal feeds,1,0,1,1,0,1,0,0,0,3,3,0,3,3,0,0,0,0,4,0,22.65423406060606,82.20022463636361
144785,STATE - UTTAR PRADESH,Manufacture of prepared animal feeds,1,0,1,1,0,1,0,0,0,3,3,0,3,3,0,0,0,0,4,0,22.65423406060606,82.20022463636361
144786,STATE - UTTAR PRADESH,Manufacture of beverages,12,12,0,9,9,0,3,3,0,4,4,0,4,4,0,0,0,0,16,12,22.65423406060606,82.20022463636361
144787,STATE - UTTAR PRADESH,Manufacture of beverages,12,12,0,9,9,0,3,3,0,4,4,0,4,4,0,0,0,0,16,12,22.65423406060606,82.20022463636361
144788,STATE - UTTAR PRADESH,"Distilling, rectifying and blending of spirits; ethyl alcohol production",1,1,0,1,1,0,0,0,0,0,0,0,0,0,0,0,0,0,1,1,22.65423406060606,82.20022463636361
144789,STATE - UTTAR PRADESH,Manufacture of wines,1,1,0,1,1,0,0,0,0,0,0,0,0,0,0,0,0,0,1,1,22.65423406060606,82.20022463636361
144790,STATE - UTTAR PRADESH,Manufacture of malt liquors and malt,0,0,0,0,0,0,0,0,0,2,2,0,2,2,0,0,0,0,2,0,22.65423406060606,82.20022463636361
144791,STATE - UTTAR PRADESH,Manufacture of soft drinks; production of mineral waters and other,10,10,0,7,7,0,3,3,0,2,2,0,2,2,0,0,0,0,12,10,22.65423406060606,82.20022463636361
144792,STATE - UTTAR PRADESH,Manufacture of tobacco products,65,36,29,31,18,13,34,18,16,65,22,43,43,14,29,22,8,14,130,1.2413793103448276,22.65423406060606,82.20022463636361
144793,STATE - UTTAR PRADESH,Manufacture of tobacco products,65,36,29,31,18,13,34,18,16,65,22,43,43,14,29,22,8,14,130,1.2413793103448276,22.65423406060606,82.20022463636361
144794,STATE - UTTAR PRADESH,Manufacture of tobacco products,65,36,29,31,18,13,34,18,16,65,22,43,43,14,29,22,8,14,130,1.2413793103448276,22.65423406060606,82.20022463636361
144795,STATE - UTTAR PRADESH,Manufacture of textiles,1856,1678,178,1278,1158,120,578,520,58,2210,1767,443,1777,1399,378,433,368,65,4066,9.426966292134832,22.65423406060606,82.20022463636361
144796,STATE - UTTAR PRADESH,"Spinning, weaving and finishing of textiles",1165,1043,122,845,755,90,320,288,32,1640,1283,357,1492,1155,337,148,128,20,2805,8.549180327868852,22.65423406060606,82.20022463636361
144797,STATE - UTTAR PRADESH,Preparation and spinning of textile fibres,580,494,86,494,422,72,86,72,14,1508,1170,338,1396,1074,322,112,96,16,2088,5.744186046511628,22.65423406060606,82.20022463636361
144798,STATE - UTTAR PRADESH,Weaving of textiles,469,434,35,287,270,17,182,164,18,98,86,12,74,64,10,24,22,2,567,12.4,22.65423406060606,82.20022463636361
144799,STATE - UTTAR PRADESH,Manufacture of other textiles,691,635,56,433,403,30,258,232,26,570,484,86,285,244,41,285,240,45,1261,11.339285714285714,22.65423406060606,82.20022463636361
144800,STATE - UTTAR PRADESH,Manufacture of knitted and crocheted fabrics,4,4,0,4,4,0,0,0,0,0,0,0,0,0,0,0,0,0,4,4,22.65423406060606,82.20022463636361
144801,STATE - UTTAR PRADESH,"Manufacture of made-up textile articles, except apparel",5,5,0,5,5,0,0,0,0,4,4,0,4,4,0,0,0,0,9,5,22.65423406060606,82.20022463636361
144802,STATE - UTTAR PRADESH,Manufacture of carpets and rugs,320,309,11,286,281,5,34,28,6,221,207,14,203,193,10,18,14,4,541,28.09090909090909,22.65423406060606,82.20022463636361
144803,STATE - UTTAR PRADESH,"Manufacture of cordage, rope, twine and netting",75,59,16,55,41,14,20,18,2,47,10,37,25,10,15,22,0,22,122,3.6875,22.65423406060606,82.20022463636361
144804,STATE - UTTAR PRADESH,Manufacture of other textiles n.e.c.,287,258,29,83,72,11,204,186,18,298,263,35,53,37,16,245,226,19,585,8.89655172413793,22.65423406060606,82.20022463636361
144805,STATE - UTTAR PRADESH,Manufacture of wearing apparel,805,683,122,547,459,88,258,224,34,377,239,138,288,180,108,89,59,30,1182,5.598360655737705,22.65423406060606,82.20022463636361
144806,STATE - UTTAR PRADESH,"Manufacture of wearing apparel, except fur apparel",797,675,122,541,453,88,256,222,34,371,233,138,282,174,108,89,59,30,1168,5.532786885245901,22.65423406060606,82.20022463636361
144807,STATE - UTTAR PRADESH,"Manufacture of wearing apparel, except fur apparel",797,675,122,541,453,88,256,222,34,371,233,138,282,174,108,89,59,30,1168,5.532786885245901,22.65423406060606,82.20022463636361
144808,STATE - UTTAR PRADESH,Manufacture of articles of fur,1,1,0,1,1,0,0,0,0,0,0,0,0,0,0,0,0,0,1,1,22.65423406060606,82.20022463636361
144809,STATE - UTTAR PRADESH,Manufacture of articles of fur,1,1,0,1,1,0,0,0,0,0,0,0,0,0,0,0,0,0,1,1,22.65423406060606,82.20022463636361
144810,STATE - UTTAR PRADESH,Manufacture of knitted and crocheted apparel,7,7,0,5,5,0,2,2,0,6,6,0,6,6,0,0,0,0,13,7,22.65423406060606,82.20022463636361
144811,STATE - UTTAR PRADESH,Manufacture of knitted and crocheted apparel,7,7,0,5,5,0,2,2,0,6,6,0,6,6,0,0,0,0,13,7,22.65423406060606,82.20022463636361
144812,STATE - UTTAR PRADESH,Manufacture of leather and related products,236,222,14,37,37,0,199,185,14,54,50,4,0,0,0,54,50,4,290,15.857142857142858,22.65423406060606,82.20022463636361
144813,STATE - UTTAR PRADESH,"Tanning and dressing of leather; manufacture of luggage, handbags, saddlery",13,13,0,6,6,0,7,7,0,2,2,0,0,0,0,2,2,0,15,13,22.65423406060606,82.20022463636361
144814,STATE - UTTAR PRADESH,Tanning and dressing of leather; dressing and dyeing of fur,8,8,0,6,6,0,2,2,0,0,0,0,0,0,0,0,0,0,8,8,22.65423406060606,82.20022463636361
144815,STATE - UTTAR PRADESH,"Manufacture of luggage, handbags and the like, saddlery and harness",5,5,0,0,0,0,5,5,0,2,2,0,0,0,0,2,2,0,7,5,22.65423406060606,82.20022463636361
144816,STATE - UTTAR PRADESH,Manufacture of footwear,223,209,14,31,31,0,192,178,14,52,48,4,0,0,0,52,48,4,275,14.928571428571429,22.65423406060606,82.20022463636361
144817,STATE - UTTAR PRADESH,Manufacture of footwear,223,209,14,31,31,0,192,178,14,52,48,4,0,0,0,52,48,4,275,14.928571428571429,22.65423406060606,82.20022463636361
144818,STATE - UTTAR PRADESH,"Manufacture of wood and products of wood and cork, except furniture;",588,525,63,416,373,43,172,152,20,436,291,145,387,260,127,49,31,18,1024,8.333333333333334,22.65423406060606,82.20022463636361
144819,STATE - UTTAR PRADESH,Sawmilling and planing of wood,65,63,2,41,39,2,24,24,0,46,31,15,38,25,13,8,6,2,111,31.5,22.65423406060606,82.20022463636361
144820,STATE - UTTAR PRADESH,Saw milling and planing of wood,65,63,2,41,39,2,24,24,0,46,31,15,38,25,13,8,6,2,111,31.5,22.65423406060606,82.20022463636361
144821,STATE - UTTAR PRADESH,"Manufacture of products of wood, cork, straw and plaiting materials",523,462,61,375,334,41,148,128,20,390,260,130,349,235,114,41,25,16,913,7.573770491803279,22.65423406060606,82.20022463636361
144822,STATE - UTTAR PRADESH,"Manufacture of veneer sheets; manufacture of plywood, laminboard,",12,12,0,4,4,0,8,8,0,7,7,0,3,3,0,4,4,0,19,12,22.65423406060606,82.20022463636361
144823,STATE - UTTAR PRADESH,Manufacture of builders carpentry and joinery,313,308,5,255,250,5,58,58,0,139,129,10,124,118,6,15,11,4,452,61.6,22.65423406060606,82.20022463636361
144824,STATE - UTTAR PRADESH,Manufacture of wooden containers,36,18,18,28,14,14,8,4,4,40,19,21,30,15,15,10,4,6,76,1,22.65423406060606,82.20022463636361
144825,STATE - UTTAR PRADESH,"Manufacture of other products of wood; manufacture of articles of cork,",162,124,38,88,66,22,74,58,16,204,105,99,192,99,93,12,6,6,366,3.263157894736842,22.65423406060606,82.20022463636361
144826,STATE - UTTAR PRADESH,Manufacture of paper and paper products,43,41,2,33,33,0,10,8,2,19,15,4,11,11,0,8,4,4,62,20.5,22.65423406060606,82.20022463636361
144827,STATE - UTTAR PRADESH,Manufacture of paper and paper products,43,41,2,33,33,0,10,8,2,19,15,4,11,11,0,8,4,4,62,20.5,22.65423406060606,82.20022463636361
144828,STATE - UTTAR PRADESH,"Manufacture of pulp, paper and paperboard",17,17,0,13,13,0,4,4,0,2,2,0,2,2,0,0,0,0,19,17,22.65423406060606,82.20022463636361
144829,STATE - UTTAR PRADESH,Manufacture of corrugated paper and paperboard and containers of,12,12,0,8,8,0,4,4,0,4,2,2,0,0,0,4,2,2,16,12,22.65423406060606,82.20022463636361
144830,STATE - UTTAR PRADESH,Manufacture of other articles of paper and paperboard,14,12,2,12,12,0,2,0,2,13,11,2,9,9,0,4,2,2,27,6,22.65423406060606,82.20022463636361
144831,STATE - UTTAR PRADESH,Printing and reproduction of recorded media,132,125,7,44,43,1,88,82,6,10,10,0,8,8,0,2,2,0,142,17.857142857142858,22.65423406060606,82.20022463636361
144832,STATE - UTTAR PRADESH,Printing and service activities related to printing,132,125,7,44,43,1,88,82,6,10,10,0,8,8,0,2,2,0,142,17.857142857142858,22.65423406060606,82.20022463636361
144833,STATE - UTTAR PRADESH,Printing,73,71,2,29,29,0,44,42,2,8,8,0,8,8,0,0,0,0,81,35.5,22.65423406060606,82.20022463636361
144834,STATE - UTTAR PRADESH,Service activities related to printing,59,54,5,15,14,1,44,40,4,2,2,0,0,0,0,2,2,0,61,10.8,22.65423406060606,82.20022463636361
144835,STATE - UTTAR PRADESH,Manufacture of coke and refined petroleum products,13,11,2,3,3,0,10,8,2,4,3,1,4,3,1,0,0,0,17,5.5,22.65423406060606,82.20022463636361
144836,STATE - UTTAR PRADESH,Manufacture of coke oven products,2,2,0,2,2,0,0,0,0,1,1,0,1,1,0,0,0,0,3,2,22.65423406060606,82.20022463636361
144837,STATE - UTTAR PRADESH,Manufacture of coke oven products,2,2,0,2,2,0,0,0,0,1,1,0,1,1,0,0,0,0,3,2,22.65423406060606,82.20022463636361
144838,STATE - UTTAR PRADESH,Manufacture of refined petroleum products,11,9,2,1,1,0,10,8,2,3,2,1,3,2,1,0,0,0,14,4.5,22.65423406060606,82.20022463636361
144839,STATE - UTTAR PRADESH,Manufacture of refined petroleum products,11,9,2,1,1,0,10,8,2,3,2,1,3,2,1,0,0,0,14,4.5,22.65423406060606,82.20022463636361
144840,STATE - UTTAR PRADESH,Manufacture of chemicals and chemical products,156,146,10,72,65,7,84,81,3,44,28,16,34,23,11,10,5,5,200,14.6,22.65423406060606,82.20022463636361
144841,STATE - UTTAR PRADESH,"Manufacture of basic chemicals, fertilizer and nitrogen compounds, plastics",53,53,0,17,17,0,36,36,0,7,7,0,5,5,0,2,2,0,60,53,22.65423406060606,82.20022463636361
144842,STATE - UTTAR PRADESH,Manufacture of basic chemicals,47,47,0,15,15,0,32,32,0,5,5,0,3,3,0,2,2,0,52,47,22.65423406060606,82.20022463636361
144843,STATE - UTTAR PRADESH,Manufacture of fertilizers and nitrogen compounds,6,6,0,2,2,0,4,4,0,2,2,0,2,2,0,0,0,0,8,6,22.65423406060606,82.20022463636361
144844,STATE - UTTAR PRADESH,Manufacture of other chemical products,103,93,10,55,48,7,48,45,3,37,21,16,29,18,11,8,3,5,140,9.3,22.65423406060606,82.20022463636361
144845,STATE - UTTAR PRADESH,Manufacture of pesticides and other agrochemical products,22,22,0,14,14,0,8,8,0,2,1,1,2,1,1,0,0,0,24,22,22.65423406060606,82.20022463636361
144846,STATE - UTTAR PRADESH,"Manufacture of paints, varnishes and similar coatings, printing ink and",16,16,0,3,3,0,13,13,0,15,12,3,12,9,3,3,3,0,31,16,22.65423406060606,82.20022463636361
144847,STATE - UTTAR PRADESH,"Manufacture of soap and detergents, cleaning and polishing preparations,",58,50,8,37,30,7,21,20,1,16,4,12,11,4,7,5,0,5,74,6.25,22.65423406060606,82.20022463636361
144848,STATE - UTTAR PRADESH,Manufacture of other chemical products n.e.c.,7,5,2,1,1,0,6,4,2,4,4,0,4,4,0,0,0,0,11,2.5,22.65423406060606,82.20022463636361
144849,STATE - UTTAR PRADESH,"Manufacture of pharmaceuticals, medicinal chemical and botanical products",19,18,1,15,14,1,4,4,0,7,7,0,5,5,0,2,2,0,26,18,22.65423406060606,82.20022463636361
144850,STATE - UTTAR PRADESH,"Manufacture of pharmaceuticals, medicinal chemical and botanical products",19,18,1,15,14,1,4,4,0,7,7,0,5,5,0,2,2,0,26,18,22.65423406060606,82.20022463636361
144851,STATE - UTTAR PRADESH,"Manufacture of pharmaceuticals, medicinal chemical and botanical",19,18,1,15,14,1,4,4,0,7,7,0,5,5,0,2,2,0,26,18,22.65423406060606,82.20022463636361
144852,STATE - UTTAR PRADESH,Manufacture of rubber and plastics products,74,71,3,46,45,1,28,26,2,33,31,2,29,27,2,4,4,0,107,23.666666666666668,22.65423406060606,82.20022463636361
144853,STATE - UTTAR PRADESH,Manufacture of rubber products,18,18,0,12,12,0,6,6,0,8,8,0,4,4,0,4,4,0,26,18,22.65423406060606,82.20022463636361
144854,STATE - UTTAR PRADESH,Manufacture of rubber tyres and tubes; retreading and rebuilding of,7,7,0,3,3,0,4,4,0,6,6,0,2,2,0,4,4,0,13,7,22.65423406060606,82.20022463636361
144855,STATE - UTTAR PRADESH,Manufacture of other rubber products,11,11,0,9,9,0,2,2,0,2,2,0,2,2,0,0,0,0,13,11,22.65423406060606,82.20022463636361
144856,STATE - UTTAR PRADESH,Manufacture of plastics products,56,53,3,34,33,1,22,20,2,25,23,2,25,23,2,0,0,0,81,17.666666666666668,22.65423406060606,82.20022463636361
144857,STATE - UTTAR PRADESH,Manufacture of plastics products,56,53,3,34,33,1,22,20,2,25,23,2,25,23,2,0,0,0,81,17.666666666666668,22.65423406060606,82.20022463636361
144858,STATE - UTTAR PRADESH,Manufacture of other non-metallic mineral products,1939,1416,523,1334,1037,297,605,379,226,1753,1234,519,1693,1192,501,60,42,18,3692,2.707456978967495,22.65423406060606,82.20022463636361
144859,STATE - UTTAR PRADESH,Manufacture of glass and glass products,447,255,192,15,13,2,432,242,190,45,33,12,5,5,0,40,28,12,492,1.328125,22.65423406060606,82.20022463636361
144860,STATE - UTTAR PRADESH,Manufacture of glass and glass products,447,255,192,15,13,2,432,242,190,45,33,12,5,5,0,40,28,12,492,1.328125,22.65423406060606,82.20022463636361
144861,STATE - UTTAR PRADESH,Manufacture of non-metallic mineral products n.e.c.,1492,1161,331,1319,1024,295,173,137,36,1708,1201,507,1688,1187,501,20,14,6,3200,3.5075528700906347,22.65423406060606,82.20022463636361
144862,STATE - UTTAR PRADESH,Manufacture of refractory products,51,49,2,37,35,2,14,14,0,60,55,5,60,55,5,0,0,0,111,24.5,22.65423406060606,82.20022463636361
144863,STATE - UTTAR PRADESH,Manufacture of clay building materials,958,686,272,919,655,264,39,31,8,1387,915,472,1379,909,470,8,6,2,2345,2.522058823529412,22.65423406060606,82.20022463636361
144864,STATE - UTTAR PRADESH,Manufacture of other porcelain and ceramic products,56,46,10,38,34,4,18,12,6,26,16,10,24,16,8,2,0,2,82,4.6,22.65423406060606,82.20022463636361
144865,STATE - UTTAR PRADESH,"Manufacture of cement, lime and plaster",284,271,13,250,237,13,34,34,0,189,174,15,181,168,13,8,6,2,473,20.846153846153847,22.65423406060606,82.20022463636361
144866,STATE - UTTAR PRADESH,"Manufacture of articles of concrete, cement and plaster",31,29,2,27,25,2,4,4,0,5,5,0,5,5,0,0,0,0,36,14.5,22.65423406060606,82.20022463636361
144867,STATE - UTTAR PRADESH,"Cutting, shaping and finishing of stone",110,80,30,48,38,10,62,42,20,37,32,5,35,30,5,2,2,0,147,2.6666666666666665,22.65423406060606,82.20022463636361
144868,STATE - UTTAR PRADESH,Manufacture of other non-metallic mineral products n.e.c.,2,0,2,0,0,0,2,0,2,4,4,0,4,4,0,0,0,0,6,0,22.65423406060606,82.20022463636361
144869,STATE - UTTAR PRADESH,Manufacture of basic metals,426,419,7,238,235,3,188,184,4,99,93,6,83,79,4,16,14,2,525,59.85714285714285,22.65423406060606,82.20022463636361
144870,STATE - UTTAR PRADESH,Manufacture of basic precious and other non-ferrous metals,205,198,7,57,54,3,148,144,4,33,29,4,25,23,2,8,6,2,238,28.285714285714285,22.65423406060606,82.20022463636361
144871,STATE - UTTAR PRADESH,Manufacture of basic precious and other non-ferrous metals,205,198,7,57,54,3,148,144,4,33,29,4,25,23,2,8,6,2,238,28.285714285714285,22.65423406060606,82.20022463636361
144872,STATE - UTTAR PRADESH,Casting of metals,63,63,0,43,43,0,20,20,0,11,11,0,11,11,0,0,0,0,74,63,22.65423406060606,82.20022463636361
144873,STATE - UTTAR PRADESH,Casting of iron and steel,51,51,0,37,37,0,14,14,0,11,11,0,11,11,0,0,0,0,62,51,22.65423406060606,82.20022463636361
144874,STATE - UTTAR PRADESH,Casting of non-ferrous metals,12,12,0,6,6,0,6,6,0,0,0,0,0,0,0,0,0,0,12,12,22.65423406060606,82.20022463636361
144875,STATE - UTTAR PRADESH,"Manufacture of fabricated metal products, except machinery and equipment",490,450,40,357,331,26,133,119,14,257,232,25,221,202,19,36,30,6,747,11.25,22.65423406060606,82.20022463636361
144876,STATE - UTTAR PRADESH,"Manufacture of structural metal products, tanks, reservoirs and steam",49,49,0,24,24,0,25,25,0,37,35,2,25,25,0,12,10,2,86,49,22.65423406060606,82.20022463636361
144877,STATE - UTTAR PRADESH,Manufacture of structural metal products,45,45,0,20,20,0,25,25,0,35,33,2,23,23,0,12,10,2,80,45,22.65423406060606,82.20022463636361
144878,STATE - UTTAR PRADESH,"Manufacture of tanks, reservoirs and containers of metal",4,4,0,4,4,0,0,0,0,2,2,0,2,2,0,0,0,0,6,4,22.65423406060606,82.20022463636361
144879,STATE - UTTAR PRADESH,Manufacture of weapons and ammunition,6,6,0,2,2,0,4,4,0,0,0,0,0,0,0,0,0,0,6,6,22.65423406060606,82.20022463636361
144880,STATE - UTTAR PRADESH,Manufacture of weapons and ammunition,6,6,0,2,2,0,4,4,0,0,0,0,0,0,0,0,0,0,6,6,22.65423406060606,82.20022463636361
144881,STATE - UTTAR PRADESH,Manufacture of other fabricated metal products; metalworking service,435,395,40,331,305,26,104,90,14,220,197,23,196,177,19,24,20,4,655,9.875,22.65423406060606,82.20022463636361
144882,STATE - UTTAR PRADESH,"Forging, pressing, stamping and roll-forming of metal; powder",8,8,0,8,8,0,0,0,0,2,2,0,2,2,0,0,0,0,10,8,22.65423406060606,82.20022463636361
144883,STATE - UTTAR PRADESH,Machining; treatment and coating of metals,1,1,0,1,1,0,0,0,0,2,2,0,0,0,0,2,2,0,3,1,22.65423406060606,82.20022463636361
144884,STATE - UTTAR PRADESH,"Manufacture of cutlery, hand tools and general hardware",212,182,30,151,131,20,61,51,10,105,86,19,99,80,19,6,6,0,317,6.066666666666666,22.65423406060606,82.20022463636361
144885,STATE - UTTAR PRADESH,Manufacture of other fabricated metal products n.e.c.,214,204,10,171,165,6,43,39,4,111,107,4,95,95,0,16,12,4,325,20.4,22.65423406060606,82.20022463636361
144886,STATE - UTTAR PRADESH,"Manufacture of computer, electronic and optical products",27,25,2,11,11,0,16,14,2,15,13,2,11,11,0,4,2,2,42,12.5,22.65423406060606,82.20022463636361
144887,STATE - UTTAR PRADESH,Manufacture of electronic components,3,3,0,3,3,0,0,0,0,2,2,0,0,0,0,2,2,0,5,3,22.65423406060606,82.20022463636361
144888,STATE - UTTAR PRADESH,Manufacture of electronic components,3,3,0,3,3,0,0,0,0,2,2,0,0,0,0,2,2,0,5,3,22.65423406060606,82.20022463636361
144889,STATE - UTTAR PRADESH,Manufacture of computers and peripheral equipment,2,2,0,0,0,0,2,2,0,0,0,0,0,0,0,0,0,0,2,2,22.65423406060606,82.20022463636361
144890,STATE - UTTAR PRADESH,Manufacture of computers and peripheral equipment,2,2,0,0,0,0,2,2,0,0,0,0,0,0,0,0,0,0,2,2,22.65423406060606,82.20022463636361
144891,STATE - UTTAR PRADESH,Manufacture of communication equipment,9,9,0,7,7,0,2,2,0,5,5,0,5,5,0,0,0,0,14,9,22.65423406060606,82.20022463636361
144892,STATE - UTTAR PRADESH,Manufacture of communication equipment,9,9,0,7,7,0,2,2,0,5,5,0,5,5,0,0,0,0,14,9,22.65423406060606,82.20022463636361
144893,STATE - UTTAR PRADESH,Manufacture of consumer electronics,2,2,0,0,0,0,2,2,0,2,2,0,2,2,0,0,0,0,4,2,22.65423406060606,82.20022463636361
144894,STATE - UTTAR PRADESH,Manufacture of consumer electronics,2,2,0,0,0,0,2,2,0,2,2,0,2,2,0,0,0,0,4,2,22.65423406060606,82.20022463636361
144895,STATE - UTTAR PRADESH,"Manufacture of measuring, testing, navigating and control equipment;",11,9,2,1,1,0,10,8,2,6,4,2,4,4,0,2,0,2,17,4.5,22.65423406060606,82.20022463636361
144896,STATE - UTTAR PRADESH,"Manufacture of measuring, testing, navigating and control equipment",7,5,2,1,1,0,6,4,2,4,2,2,2,2,0,2,0,2,11,2.5,22.65423406060606,82.20022463636361
144897,STATE - UTTAR PRADESH,Manufacture of watches and clocks,4,4,0,0,0,0,4,4,0,2,2,0,2,2,0,0,0,0,6,4,22.65423406060606,82.20022463636361
144898,STATE - UTTAR PRADESH,Manufacture of electrical equipment,156,149,7,100,99,1,56,50,6,32,28,4,30,26,4,2,2,0,188,21.285714285714285,22.65423406060606,82.20022463636361
144899,STATE - UTTAR PRADESH,"Manufacture of electric motors, generators, transformers and electricity",60,60,0,48,48,0,12,12,0,17,17,0,17,17,0,0,0,0,77,60,22.65423406060606,82.20022463636361
144900,STATE - UTTAR PRADESH,"Manufacture of electric motors, generators, transformers and electricity",60,60,0,48,48,0,12,12,0,17,17,0,17,17,0,0,0,0,77,60,22.65423406060606,82.20022463636361
144901,STATE - UTTAR PRADESH,Manufacture of batteries and accumulators,7,7,0,5,5,0,2,2,0,0,0,0,0,0,0,0,0,0,7,7,22.65423406060606,82.20022463636361
144902,STATE - UTTAR PRADESH,Manufacture of batteries and accumulators,7,7,0,5,5,0,2,2,0,0,0,0,0,0,0,0,0,0,7,7,22.65423406060606,82.20022463636361
144903,STATE - UTTAR PRADESH,Manufacture of wiring and wiring devices,40,34,6,10,10,0,30,24,6,6,6,0,4,4,0,2,2,0,46,5.666666666666667,22.65423406060606,82.20022463636361
144904,STATE - UTTAR PRADESH,Manufacture of other electronic and electric wires and cables,28,22,6,2,2,0,26,20,6,3,3,0,1,1,0,2,2,0,31,3.6666666666666665,22.65423406060606,82.20022463636361
144905,STATE - UTTAR PRADESH,Manufacture of wiring devices,12,12,0,8,8,0,4,4,0,3,3,0,3,3,0,0,0,0,15,12,22.65423406060606,82.20022463636361
144906,STATE - UTTAR PRADESH,Manufacture of electric lighting equipment,22,22,0,20,20,0,2,2,0,4,2,2,4,2,2,0,0,0,26,22,22.65423406060606,82.20022463636361
144907,STATE - UTTAR PRADESH,Manufacture of electric lighting equipment,22,22,0,20,20,0,2,2,0,4,2,2,4,2,2,0,0,0,26,22,22.65423406060606,82.20022463636361
144908,STATE - UTTAR PRADESH,Manufacture of domestic appliances,21,20,1,11,10,1,10,10,0,3,3,0,3,3,0,0,0,0,24,20,22.65423406060606,82.20022463636361
144909,STATE - UTTAR PRADESH,Manufacture of domestic appliances,21,20,1,11,10,1,10,10,0,3,3,0,3,3,0,0,0,0,24,20,22.65423406060606,82.20022463636361
144910,STATE - UTTAR PRADESH,Manufacture of other electrical equipment,6,6,0,6,6,0,0,0,0,2,0,2,2,0,2,0,0,0,8,6,22.65423406060606,82.20022463636361
144911,STATE - UTTAR PRADESH,Manufacture of other electrical equipment,6,6,0,6,6,0,0,0,0,2,0,2,2,0,2,0,0,0,8,6,22.65423406060606,82.20022463636361
144912,STATE - UTTAR PRADESH,Manufacture of machinery and equipment n.e.c.,105,101,4,87,85,2,18,16,2,32,29,3,24,21,3,8,8,0,137,25.25,22.65423406060606,82.20022463636361
144913,STATE - UTTAR PRADESH,Manufacture of general purpose machinery,14,12,2,6,6,0,8,6,2,13,13,0,11,11,0,2,2,0,27,6,22.65423406060606,82.20022463636361
144914,STATE - UTTAR PRADESH,"Manufacture of engines and turbines, except aircraft, vehicle and cycle",0,0,0,0,0,0,0,0,0,1,1,0,1,1,0,0,0,0,1,0,22.65423406060606,82.20022463636361
144915,STATE - UTTAR PRADESH,"Manufacture of other pumps, compressors, taps and valves",6,6,0,0,0,0,6,6,0,6,6,0,6,6,0,0,0,0,12,6,22.65423406060606,82.20022463636361
144916,STATE - UTTAR PRADESH,"Manufacture of bearings, gears, gearing and driving elements",2,2,0,2,2,0,0,0,0,0,0,0,0,0,0,0,0,0,2,2,22.65423406060606,82.20022463636361
144917,STATE - UTTAR PRADESH,Manufacture of office machinery and equipment,1,1,0,1,1,0,0,0,0,0,0,0,0,0,0,0,0,0,1,1,22.65423406060606,82.20022463636361
144918,STATE - UTTAR PRADESH,Manufacture of other general-purpose machinery,5,3,2,3,3,0,2,0,2,6,6,0,4,4,0,2,2,0,11,1.5,22.65423406060606,82.20022463636361
144919,STATE - UTTAR PRADESH,Manufacture of special-purpose machinery,91,89,2,81,79,2,10,10,0,19,16,3,13,10,3,6,6,0,110,44.5,22.65423406060606,82.20022463636361
144920,STATE - UTTAR PRADESH,Manufacture of agricultural and forestry machinery,1,1,0,1,1,0,0,0,0,2,1,1,2,1,1,0,0,0,3,1,22.65423406060606,82.20022463636361
144921,STATE - UTTAR PRADESH,Manufacture of metal-forming machinery and machine tools,10,10,0,10,10,0,0,0,0,11,9,2,7,5,2,4,4,0,21,10,22.65423406060606,82.20022463636361
144922,STATE - UTTAR PRADESH,"Manufacture of machinery for mining, quarrying and construction",9,7,2,7,5,2,2,2,0,1,1,0,1,1,0,0,0,0,10,3.5,22.65423406060606,82.20022463636361
144923,STATE - UTTAR PRADESH,"Manufacture of machinery for food, beverage and tobacco processing",3,3,0,3,3,0,0,0,0,0,0,0,0,0,0,0,0,0,3,3,22.65423406060606,82.20022463636361
144924,STATE - UTTAR PRADESH,"Manufacture of machinery for textile, apparel and leather production",66,66,0,60,60,0,6,6,0,5,5,0,3,3,0,2,2,0,71,66,22.65423406060606,82.20022463636361
144925,STATE - UTTAR PRADESH,Manufacture of other special-purpose machinery,2,2,0,0,0,0,2,2,0,0,0,0,0,0,0,0,0,0,2,2,22.65423406060606,82.20022463636361
144926,STATE - UTTAR PRADESH,"Manufacture of motor vehicles, trailers and semi-trailers",11,11,0,7,7,0,4,4,0,2,2,0,2,2,0,0,0,0,13,11,22.65423406060606,82.20022463636361
144927,STATE - UTTAR PRADESH,Manufacture of motor vehicles,4,4,0,4,4,0,0,0,0,0,0,0,0,0,0,0,0,0,4,4,22.65423406060606,82.20022463636361
144928,STATE - UTTAR PRADESH,Manufacture of motor vehicles,4,4,0,4,4,0,0,0,0,0,0,0,0,0,0,0,0,0,4,4,22.65423406060606,82.20022463636361
144929,STATE - UTTAR PRADESH,Manufacture of bodies (coachwork) for motor vehicles; manufacture of,6,6,0,2,2,0,4,4,0,2,2,0,2,2,0,0,0,0,8,6,22.65423406060606,82.20022463636361
144930,STATE - UTTAR PRADESH,Manufacture of bodies (coachwork) for motor vehicles; manufacture of trailers and semi-trailers,6,6,0,2,2,0,4,4,0,2,2,0,2,2,0,0,0,0,8,6,22.65423406060606,82.20022463636361
144931,STATE - UTTAR PRADESH,Manufacture of parts and accessories for motor vehicles,1,1,0,1,1,0,0,0,0,0,0,0,0,0,0,0,0,0,1,1,22.65423406060606,82.20022463636361
144932,STATE - UTTAR PRADESH,Manufacture of parts and accessories for motor vehicles,1,1,0,1,1,0,0,0,0,0,0,0,0,0,0,0,0,0,1,1,22.65423406060606,82.20022463636361
144933,STATE - UTTAR PRADESH,Manufacture of other transport equipment,283,279,4,175,173,2,108,106,2,176,156,20,150,132,18,26,24,2,459,69.75,22.65423406060606,82.20022463636361
144934,STATE - UTTAR PRADESH,Building of ships and boats,4,4,0,4,4,0,0,0,0,3,3,0,3,3,0,0,0,0,7,4,22.65423406060606,82.20022463636361
144935,STATE - UTTAR PRADESH,Building of ships and floating structures,4,4,0,4,4,0,0,0,0,3,3,0,3,3,0,0,0,0,7,4,22.65423406060606,82.20022463636361
144936,STATE - UTTAR PRADESH,Manufacture of railway locomotives and rolling stock,71,69,2,33,31,2,38,38,0,23,17,6,23,17,6,0,0,0,94,34.5,22.65423406060606,82.20022463636361
144937,STATE - UTTAR PRADESH,Manufacture of railway locomotives and rolling stock,71,69,2,33,31,2,38,38,0,23,17,6,23,17,6,0,0,0,94,34.5,22.65423406060606,82.20022463636361
144938,STATE - UTTAR PRADESH,Manufacture of air and spacecraft and related machinery,2,2,0,0,0,0,2,2,0,1,0,1,1,0,1,0,0,0,3,2,22.65423406060606,82.20022463636361
144939,STATE - UTTAR PRADESH,Manufacture of air and spacecraft and related machinery,2,2,0,0,0,0,2,2,0,1,0,1,1,0,1,0,0,0,3,2,22.65423406060606,82.20022463636361
144940,STATE - UTTAR PRADESH,Manufacture of military fighting vehicles,32,30,2,8,8,0,24,22,2,4,4,0,0,0,0,4,4,0,36,15,22.65423406060606,82.20022463636361
144941,STATE - UTTAR PRADESH,Manufacture of weapons and ammunition,32,30,2,8,8,0,24,22,2,4,4,0,0,0,0,4,4,0,36,15,22.65423406060606,82.20022463636361
144942,STATE - UTTAR PRADESH,Manufacture of motorcycles,3,3,0,3,3,0,0,0,0,4,3,1,4,3,1,0,0,0,7,3,22.65423406060606,82.20022463636361
144943,STATE - UTTAR PRADESH,Manufacture of bicycles and invalid carriages,4,4,0,2,2,0,2,2,0,0,0,0,0,0,0,0,0,0,4,4,22.65423406060606,82.20022463636361
144944,STATE - UTTAR PRADESH,Other manufacturing,722,665,57,467,424,43,255,241,14,432,315,117,350,257,93,82,58,24,1154,11.666666666666666,22.65423406060606,82.20022463636361
144945,STATE - UTTAR PRADESH,"Manufacture of jewellery, bijouterie and related articles",95,87,8,39,31,8,56,56,0,48,26,22,36,14,22,12,12,0,143,10.875,22.65423406060606,82.20022463636361
144946,STATE - UTTAR PRADESH,Manufacture of jewellery and related articles,89,85,4,35,31,4,54,54,0,40,26,14,28,14,14,12,12,0,129,21.25,22.65423406060606,82.20022463636361
144947,STATE - UTTAR PRADESH,Manufacture of imitation jewellery and related articles,6,2,4,4,0,4,2,2,0,8,0,8,8,0,8,0,0,0,14,0.5,22.65423406060606,82.20022463636361
144948,STATE - UTTAR PRADESH,Manufacture of musical instruments,2,2,0,2,2,0,0,0,0,2,2,0,2,2,0,0,0,0,4,2,22.65423406060606,82.20022463636361
144949,STATE - UTTAR PRADESH,Manufacture of musical instruments,2,2,0,2,2,0,0,0,0,2,2,0,2,2,0,0,0,0,4,2,22.65423406060606,82.20022463636361
144950,STATE - UTTAR PRADESH,Manufacture of sports goods,0,0,0,0,0,0,0,0,0,4,4,0,2,2,0,2,2,0,4,0,22.65423406060606,82.20022463636361
144951,STATE - UTTAR PRADESH,Manufacture of sports goods,0,0,0,0,0,0,0,0,0,4,4,0,2,2,0,2,2,0,4,0,22.65423406060606,82.20022463636361
144952,STATE - UTTAR PRADESH,Manufacture of games and toys,11,9,2,1,1,0,10,8,2,7,1,6,2,0,2,5,1,4,18,4.5,22.65423406060606,82.20022463636361
144953,STATE - UTTAR PRADESH,Manufacture of games and toys,11,9,2,1,1,0,10,8,2,7,1,6,2,0,2,5,1,4,18,4.5,22.65423406060606,82.20022463636361
144954,STATE - UTTAR PRADESH,Manufacture of medical and dental instruments and supplies,20,14,6,18,12,6,2,2,0,14,4,10,14,4,10,0,0,0,34,2.333333333333333,22.65423406060606,82.20022463636361
144955,STATE - UTTAR PRADESH,Manufacture of medical and dental instruments and supplies,20,14,6,18,12,6,2,2,0,14,4,10,14,4,10,0,0,0,34,2.333333333333333,22.65423406060606,82.20022463636361
144956,STATE - UTTAR PRADESH,Other manufacturing n.e.c.,594,553,41,407,378,29,187,175,12,357,278,79,294,235,59,63,43,20,951,13.48780487804878,22.65423406060606,82.20022463636361
144957,STATE - UTTAR PRADESH,Other manufacturing n.e.c.,594,553,41,407,378,29,187,175,12,357,278,79,294,235,59,63,43,20,951,13.48780487804878,22.65423406060606,82.20022463636361
144958,STATE - UTTAR PRADESH,Repair of fabricated metal products,89,89,0,71,71,0,18,18,0,45,43,2,40,38,2,5,5,0,134,89,22.65423406060606,82.20022463636361
144959,STATE - UTTAR PRADESH,Repair of machinery,35,35,0,27,27,0,8,8,0,19,15,4,15,13,2,4,2,2,54,35,22.65423406060606,82.20022463636361
144960,STATE - UTTAR PRADESH,Repair of electronic and optical equipment,10,10,0,2,2,0,8,8,0,2,2,0,2,2,0,0,0,0,12,10,22.65423406060606,82.20022463636361
144961,STATE - UTTAR PRADESH,"Repair of transport equipment, except motor vehicles",25,25,0,11,11,0,14,14,0,12,12,0,12,12,0,0,0,0,37,25,22.65423406060606,82.20022463636361
144962,STATE - UTTAR PRADESH,Repair of other equipment,9,9,0,7,7,0,2,2,0,7,7,0,7,7,0,0,0,0,16,9,22.65423406060606,82.20022463636361
144963,STATE - UTTAR PRADESH,Installation of industrial machinery and equipment,2,2,0,2,2,0,0,0,0,0,0,0,0,0,0,0,0,0,2,2,22.65423406060606,82.20022463636361
144964,STATE - UTTAR PRADESH,Installation of industrial machinery and equipment,2,2,0,2,2,0,0,0,0,0,0,0,0,0,0,0,0,0,2,2,22.65423406060606,82.20022463636361
144965,STATE - UTTAR PRADESH,"Electricity, gas, steam and air conditioning supply",1186,1103,83,793,738,55,393,365,28,478,450,28,446,420,26,32,30,2,1664,13.289156626506024,22.65423406060606,82.20022463636361
144966,STATE - UTTAR PRADESH,"Electric power generation, transmission and distribution",1168,1087,81,777,724,53,391,363,28,474,446,28,442,416,26,32,30,2,1642,13.419753086419751,22.65423406060606,82.20022463636361
144967,STATE - UTTAR PRADESH,"Electric power generation, transmission and distribution",1168,1087,81,777,724,53,391,363,28,474,446,28,442,416,26,32,30,2,1642,13.419753086419751,22.65423406060606,82.20022463636361
144968,STATE - UTTAR PRADESH,Manufacture of gas; distribution of gaseous fuels through mains,18,16,2,16,14,2,2,2,0,4,4,0,4,4,0,0,0,0,22,8,22.65423406060606,82.20022463636361
144969,STATE - UTTAR PRADESH,Manufacture of gas; distribution of gaseous fuels through mains,18,16,2,16,14,2,2,2,0,4,4,0,4,4,0,0,0,0,22,8,22.65423406060606,82.20022463636361
144970,STATE - UTTAR PRADESH,"Water collection, treatment and supply",146,135,11,99,94,5,47,41,6,10,10,0,10,10,0,0,0,0,156,12.272727272727272,22.65423406060606,82.20022463636361
144971,STATE - UTTAR PRADESH,"Water collection, treatment and supply",146,135,11,99,94,5,47,41,6,10,10,0,10,10,0,0,0,0,156,12.272727272727272,22.65423406060606,82.20022463636361
144972,STATE - UTTAR PRADESH,"Water collection, treatment and supply",146,135,11,99,94,5,47,41,6,10,10,0,10,10,0,0,0,0,156,12.272727272727272,22.65423406060606,82.20022463636361
144973,STATE - UTTAR PRADESH,Sewerage,0,0,0,0,0,0,0,0,0,8,8,0,0,0,0,8,8,0,8,0,22.65423406060606,82.20022463636361
144974,STATE - UTTAR PRADESH,Sewerage,0,0,0,0,0,0,0,0,0,8,8,0,0,0,0,8,8,0,8,0,22.65423406060606,82.20022463636361
144975,STATE - UTTAR PRADESH,Sewerage,0,0,0,0,0,0,0,0,0,8,8,0,0,0,0,8,8,0,8,0,22.65423406060606,82.20022463636361
144976,STATE - UTTAR PRADESH,"Waste collection, treatment and disposal activities; materials recovery",122,112,10,20,20,0,102,92,10,90,68,22,22,18,4,68,50,18,212,11.2,22.65423406060606,82.20022463636361
144977,STATE - UTTAR PRADESH,Waste collection,118,108,10,20,20,0,98,88,10,90,68,22,22,18,4,68,50,18,208,10.8,22.65423406060606,82.20022463636361
144978,STATE - UTTAR PRADESH,Collection of non-hazardous waste,101,93,8,13,13,0,88,80,8,56,44,12,11,11,0,45,33,12,157,11.625,22.65423406060606,82.20022463636361
144979,STATE - UTTAR PRADESH,Collection of hazardous waste,17,15,2,7,7,0,10,8,2,34,24,10,11,7,4,23,17,6,51,7.5,22.65423406060606,82.20022463636361
144980,STATE - UTTAR PRADESH,Waste treatment and disposal,4,4,0,0,0,0,4,4,0,0,0,0,0,0,0,0,0,0,4,4,22.65423406060606,82.20022463636361
144981,STATE - UTTAR PRADESH,Treatment and disposal of non-hazardous waste,4,4,0,0,0,0,4,4,0,0,0,0,0,0,0,0,0,0,4,4,22.65423406060606,82.20022463636361
144982,STATE - UTTAR PRADESH,Construction of buildings,6845,6258,587,4955,4555,400,1890,1703,187,5613,4798,815,4623,3919,704,990,879,111,12458,10.66098807495741,22.65423406060606,82.20022463636361
144983,STATE - UTTAR PRADESH,Construction of buildings,6845,6258,587,4955,4555,400,1890,1703,187,5613,4798,815,4623,3919,704,990,879,111,12458,10.66098807495741,22.65423406060606,82.20022463636361
144984,STATE - UTTAR PRADESH,Construction of buildings,6845,6258,587,4955,4555,400,1890,1703,187,5613,4798,815,4623,3919,704,990,879,111,12458,10.66098807495741,22.65423406060606,82.20022463636361
144985,STATE - UTTAR PRADESH,Civil engineering,3092,2404,688,2831,2175,656,261,229,32,4757,3256,1501,4526,3055,1471,231,201,30,7849,3.494186046511628,22.65423406060606,82.20022463636361
144986,STATE - UTTAR PRADESH,Construction of roads and railways,2545,1937,608,2458,1862,596,87,75,12,4085,2774,1311,4002,2707,1295,83,67,16,6630,3.1858552631578947,22.65423406060606,82.20022463636361
144987,STATE - UTTAR PRADESH,Construction roads and railways,2545,1937,608,2458,1862,596,87,75,12,4085,2774,1311,4002,2707,1295,83,67,16,6630,3.1858552631578947,22.65423406060606,82.20022463636361
144988,STATE - UTTAR PRADESH,Construction of utility projects,195,172,23,151,134,17,44,38,6,162,107,55,162,107,55,0,0,0,357,7.478260869565218,22.65423406060606,82.20022463636361
144989,STATE - UTTAR PRADESH,Construction of utility projects,195,172,23,151,134,17,44,38,6,162,107,55,162,107,55,0,0,0,357,7.478260869565218,22.65423406060606,82.20022463636361
144990,STATE - UTTAR PRADESH,Construction of other civil engineering projects,352,295,57,222,179,43,130,116,14,510,375,135,362,241,121,148,134,14,862,5.175438596491228,22.65423406060606,82.20022463636361
144991,STATE - UTTAR PRADESH,Construction of other civil engineering projects,352,295,57,222,179,43,130,116,14,510,375,135,362,241,121,148,134,14,862,5.175438596491228,22.65423406060606,82.20022463636361
144992,STATE - UTTAR PRADESH,Specialized construction activities,2520,2123,397,2033,1684,349,487,439,48,3108,2400,708,2815,2148,667,293,252,41,5628,5.347607052896725,22.65423406060606,82.20022463636361
144993,STATE - UTTAR PRADESH,Demolition and site preparation,7,5,2,7,5,2,0,0,0,2,2,0,2,2,0,0,0,0,9,2.5,22.65423406060606,82.20022463636361
144994,STATE - UTTAR PRADESH,Site preparation,7,5,2,7,5,2,0,0,0,2,2,0,2,2,0,0,0,0,9,2.5,22.65423406060606,82.20022463636361
144995,STATE - UTTAR PRADESH,"Electrical, plumbing and other construction installation activities",2016,1638,378,1637,1301,336,379,337,42,2758,2075,683,2520,1876,644,238,199,39,4774,4.333333333333333,22.65423406060606,82.20022463636361
144996,STATE - UTTAR PRADESH,Electrical installation,76,76,0,50,50,0,26,26,0,27,27,0,16,16,0,11,11,0,103,76,22.65423406060606,82.20022463636361
144997,STATE - UTTAR PRADESH,"Plumbing, heat and air-conditioning installation",73,70,3,55,52,3,18,18,0,133,98,35,117,82,35,16,16,0,206,23.33333333333333,22.65423406060606,82.20022463636361
144998,STATE - UTTAR PRADESH,Other construction installation,1867,1492,375,1532,1199,333,335,293,42,2598,1950,648,2387,1778,609,211,172,39,4465,3.978666666666667,22.65423406060606,82.20022463636361
144999,STATE - UTTAR PRADESH,Building completion and finishing,481,464,17,375,364,11,106,100,6,342,317,25,289,266,23,53,51,2,823,27.294117647058822,22.65423406060606,82.20022463636361
145000,STATE - UTTAR PRADESH,Building completion and finishing,481,464,17,375,364,11,106,100,6,342,317,25,289,266,23,53,51,2,823,27.294117647058822,22.65423406060606,82.20022463636361
145001,STATE - UTTAR PRADESH,Other specialized construction activities,16,16,0,14,14,0,2,2,0,6,6,0,4,4,0,2,2,0,22,16,22.65423406060606,82.20022463636361
145002,STATE - UTTAR PRADESH,Other specialized construction activities,16,16,0,14,14,0,2,2,0,6,6,0,4,4,0,2,2,0,22,16,22.65423406060606,82.20022463636361
145003,STATE - UTTAR PRADESH,Wholesale and retail trade and repair of motor vehicles and motorcycles,293,289,4,160,158,2,133,131,2,70,66,4,42,42,0,28,24,4,363,72.25,22.65423406060606,82.20022463636361
145004,STATE - UTTAR PRADESH,Sale of motor vehicles,4,4,0,2,2,0,2,2,0,0,0,0,0,0,0,0,0,0,4,4,22.65423406060606,82.20022463636361
145005,STATE - UTTAR PRADESH,Sale of motor vehicles,4,4,0,2,2,0,2,2,0,0,0,0,0,0,0,0,0,0,4,4,22.65423406060606,82.20022463636361
145006,STATE - UTTAR PRADESH,Maintenance and repair of motor vehicles,193,190,3,110,109,1,83,81,2,46,42,4,28,28,0,18,14,4,239,63.333333333333336,22.65423406060606,82.20022463636361
145007,STATE - UTTAR PRADESH,Maintenance and repair of motor vehicles,193,190,3,110,109,1,83,81,2,46,42,4,28,28,0,18,14,4,239,63.333333333333336,22.65423406060606,82.20022463636361
145008,STATE - UTTAR PRADESH,Sale of motor vehicle parts and accessories,21,21,0,7,7,0,14,14,0,7,7,0,1,1,0,6,6,0,28,21,22.65423406060606,82.20022463636361
145009,STATE - UTTAR PRADESH,Sale of motor vehicle parts and accessories,21,21,0,7,7,0,14,14,0,7,7,0,1,1,0,6,6,0,28,21,22.65423406060606,82.20022463636361
145010,STATE - UTTAR PRADESH,"Sale, maintenance and repair of motorcycles and related parts and",75,74,1,41,40,1,34,34,0,17,17,0,13,13,0,4,4,0,92,74,22.65423406060606,82.20022463636361
145011,STATE - UTTAR PRADESH,"Sale, maintenance and repair of motorcycles and related parts and",75,74,1,41,40,1,34,34,0,17,17,0,13,13,0,4,4,0,92,74,22.65423406060606,82.20022463636361
145012,STATE - UTTAR PRADESH,"Wholesale trade, except of motor vehicles and motorcycles",676,647,29,271,264,7,405,383,22,251,199,52,147,115,32,104,84,20,927,22.310344827586206,22.65423406060606,82.20022463636361
145013,STATE - UTTAR PRADESH,Wholesale on a fee or contract basis,39,39,0,15,15,0,24,24,0,11,8,3,7,4,3,4,4,0,50,39,22.65423406060606,82.20022463636361
145014,STATE - UTTAR PRADESH,Wholesale on a fee or contract basis,39,39,0,15,15,0,24,24,0,11,8,3,7,4,3,4,4,0,50,39,22.65423406060606,82.20022463636361
145015,STATE - UTTAR PRADESH,Wholesale of agricultural raw materials and live animals,82,78,4,52,52,0,30,26,4,52,36,16,31,19,12,21,17,4,134,19.5,22.65423406060606,82.20022463636361
145016,STATE - UTTAR PRADESH,Wholesale of agricultural raw materials and live animals,82,78,4,52,52,0,30,26,4,52,36,16,31,19,12,21,17,4,134,19.5,22.65423406060606,82.20022463636361
145017,STATE - UTTAR PRADESH,"Wholesale of food, beverages and tobacco",109,103,6,66,62,4,43,41,2,35,31,4,25,23,2,10,8,2,144,17.166666666666668,22.65423406060606,82.20022463636361
145018,STATE - UTTAR PRADESH,"Wholesale of food, beverages and tobacco",109,103,6,66,62,4,43,41,2,35,31,4,25,23,2,10,8,2,144,17.166666666666668,22.65423406060606,82.20022463636361
145019,STATE - UTTAR PRADESH,Wholesale of household goods,104,102,2,48,48,0,56,54,2,19,17,2,13,11,2,6,6,0,123,51,22.65423406060606,82.20022463636361
145020,STATE - UTTAR PRADESH,"Wholesale of textiles, clothing and footwear",30,28,2,14,14,0,16,14,2,4,4,0,2,2,0,2,2,0,34,14,22.65423406060606,82.20022463636361
145021,STATE - UTTAR PRADESH,Wholesale of other household goods,74,74,0,34,34,0,40,40,0,15,13,2,11,9,2,4,4,0,89,74,22.65423406060606,82.20022463636361
145022,STATE - UTTAR PRADESH,"Wholesale of machinery, equipment and supplies",19,18,1,17,16,1,2,2,0,6,5,1,6,5,1,0,0,0,25,18,22.65423406060606,82.20022463636361
145023,STATE - UTTAR PRADESH,"Wholesale of computers, computer peripheral equipment and software",2,2,0,2,2,0,0,0,0,0,0,0,0,0,0,0,0,0,2,2,22.65423406060606,82.20022463636361
145024,STATE - UTTAR PRADESH,Wholesale of electronic and telecommunications equipment and parts,10,10,0,8,8,0,2,2,0,1,0,1,1,0,1,0,0,0,11,10,22.65423406060606,82.20022463636361
145025,STATE - UTTAR PRADESH,"Wholesale of agricultural machinery, equipment and supplies",0,0,0,0,0,0,0,0,0,2,2,0,2,2,0,0,0,0,2,0,22.65423406060606,82.20022463636361
145026,STATE - UTTAR PRADESH,Wholesale of other machinery and equipment,7,6,1,7,6,1,0,0,0,3,3,0,3,3,0,0,0,0,10,6,22.65423406060606,82.20022463636361
145027,STATE - UTTAR PRADESH,Other specialized wholesale,144,138,6,34,34,0,110,104,6,93,67,26,52,40,12,41,27,14,237,23,22.65423406060606,82.20022463636361
145028,STATE - UTTAR PRADESH,"Wholesale of solid, liquid and gaseous fuels and related products",4,4,0,0,0,0,4,4,0,0,0,0,0,0,0,0,0,0,4,4,22.65423406060606,82.20022463636361
145029,STATE - UTTAR PRADESH,"Wholesale of construction materials, hardware, plumbing and heating",7,5,2,3,3,0,4,2,2,16,16,0,14,14,0,2,2,0,23,2.5,22.65423406060606,82.20022463636361
145030,STATE - UTTAR PRADESH,Wholesale of waste and scrap and other products n.e.c.,133,129,4,31,31,0,102,98,4,77,51,26,38,26,12,39,25,14,210,32.25,22.65423406060606,82.20022463636361
145031,STATE - UTTAR PRADESH,Non-specialized wholesale trade,179,169,10,39,37,2,140,132,8,35,35,0,13,13,0,22,22,0,214,16.9,22.65423406060606,82.20022463636361
145032,STATE - UTTAR PRADESH,Non-specialized wholesale trade,179,169,10,39,37,2,140,132,8,35,35,0,13,13,0,22,22,0,214,16.9,22.65423406060606,82.20022463636361
145033,STATE - UTTAR PRADESH,"Retail trade, except of motor vehicles and motorcycles",5490,5081,409,3188,2908,280,2302,2173,129,1606,1257,349,1135,821,314,471,436,35,7096,12.422982885085574,22.65423406060606,82.20022463636361
145034,STATE - UTTAR PRADESH,Retail sale in non-specialized stores,385,356,29,198,179,19,187,177,10,109,93,16,64,54,10,45,39,6,494,12.275862068965518,22.65423406060606,82.20022463636361
145035,STATE - UTTAR PRADESH,"Retail sale in non-specialized stores with food, beverages or tobacco",80,79,1,50,49,1,30,30,0,19,16,3,12,11,1,7,5,2,99,79,22.65423406060606,82.20022463636361
145036,STATE - UTTAR PRADESH,Other retail sale in non-specialized stores,305,277,28,148,130,18,157,147,10,90,77,13,52,43,9,38,34,4,395,9.892857142857142,22.65423406060606,82.20022463636361
145037,STATE - UTTAR PRADESH,"Retail sale of food, beverages and tobacco in specialized stores",2600,2423,177,1725,1604,121,875,819,56,718,657,61,532,480,52,186,177,9,3318,13.689265536723164,22.65423406060606,82.20022463636361
145038,STATE - UTTAR PRADESH,Retail sale of food in specialized stores,2332,2169,163,1575,1463,112,757,706,51,669,609,60,489,438,51,180,171,9,3001,13.306748466257668,22.65423406060606,82.20022463636361
145039,STATE - UTTAR PRADESH,Retail sale of beverages in specialized stores,11,11,0,7,7,0,4,4,0,3,3,0,3,3,0,0,0,0,14,11,22.65423406060606,82.20022463636361
145040,STATE - UTTAR PRADESH,Retail sale of tobacco products in specialized stores,257,243,14,143,134,9,114,109,5,46,45,1,40,39,1,6,6,0,303,17.357142857142858,22.65423406060606,82.20022463636361
145041,STATE - UTTAR PRADESH,Retail sale of automotive fuel in specialized stores,35,35,0,27,27,0,8,8,0,5,5,0,5,5,0,0,0,0,40,35,22.65423406060606,82.20022463636361
145042,STATE - UTTAR PRADESH,Retail sale of automotive fuel in specialized stores,35,35,0,27,27,0,8,8,0,5,5,0,5,5,0,0,0,0,40,35,22.65423406060606,82.20022463636361
145043,STATE - UTTAR PRADESH,Retail sale of information and communications equipment in specialized,62,62,0,38,38,0,24,24,0,6,6,0,4,4,0,2,2,0,68,62,22.65423406060606,82.20022463636361
145044,STATE - UTTAR PRADESH,"Retail sale of computers, peripheral units, software and",60,60,0,38,38,0,22,22,0,6,6,0,4,4,0,2,2,0,66,60,22.65423406060606,82.20022463636361
145045,STATE - UTTAR PRADESH,Retail sale of audio and video equipment in specialized stores,2,2,0,0,0,0,2,2,0,0,0,0,0,0,0,0,0,0,2,2,22.65423406060606,82.20022463636361
145046,STATE - UTTAR PRADESH,Retail sale of other household equipment in specialized stores,446,380,66,252,192,60,194,188,6,269,130,139,216,85,131,53,45,8,715,5.757575757575758,22.65423406060606,82.20022463636361
145047,STATE - UTTAR PRADESH,Retail sale of textiles in specialized stores,142,140,2,74,74,0,68,66,2,39,35,4,13,13,0,26,22,4,181,70,22.65423406060606,82.20022463636361
145048,STATE - UTTAR PRADESH,"Retail sale of hardware, paints and glass in specialized stores",177,115,62,117,59,58,60,56,4,198,65,133,181,52,129,17,13,4,375,1.8548387096774197,22.65423406060606,82.20022463636361
145049,STATE - UTTAR PRADESH,"Retail sale of carpets, rugs, wall and floor coverings in specialized",4,4,0,0,0,0,4,4,0,0,0,0,0,0,0,0,0,0,4,4,22.65423406060606,82.20022463636361
145050,STATE - UTTAR PRADESH,"Retail sale of electrical household appliances, furniture, lighting",123,121,2,61,59,2,62,62,0,32,30,2,22,20,2,10,10,0,155,60.5,22.65423406060606,82.20022463636361
145051,STATE - UTTAR PRADESH,Retail sale of cultural and recreation goods in specialized stores,139,137,2,91,91,0,48,46,2,20,20,0,13,13,0,7,7,0,159,68.5,22.65423406060606,82.20022463636361
145052,STATE - UTTAR PRADESH,"Retail sale of books, newspapers and stationary in specialized stores",124,122,2,86,86,0,38,36,2,20,20,0,13,13,0,7,7,0,144,61,22.65423406060606,82.20022463636361
145053,STATE - UTTAR PRADESH,Retail sale of sporting equipment in specialized stores,6,6,0,0,0,0,6,6,0,0,0,0,0,0,0,0,0,0,6,6,22.65423406060606,82.20022463636361
145054,STATE - UTTAR PRADESH,Retail sale of games and toys in specialized stores,9,9,0,5,5,0,4,4,0,0,0,0,0,0,0,0,0,0,9,9,22.65423406060606,82.20022463636361
145055,STATE - UTTAR PRADESH,Retail sale of other goods in specialized stores,764,701,63,346,310,36,418,391,27,226,117,109,164,59,105,62,58,4,990,11.126984126984128,22.65423406060606,82.20022463636361
145056,STATE - UTTAR PRADESH,"Retail sale of clothing, footwear and leather articles in specialized",237,228,9,115,114,1,122,114,8,34,28,6,20,14,6,14,14,0,271,25.33333333333333,22.65423406060606,82.20022463636361
145057,STATE - UTTAR PRADESH,"Retail sale of pharmaceutical and medical goods, cosmetic and toilet",228,213,15,116,108,8,112,105,7,42,38,4,21,19,2,21,19,2,270,14.2,22.65423406060606,82.20022463636361
145058,STATE - UTTAR PRADESH,Other retail sale of new goods in specialized stores,299,260,39,115,88,27,184,172,12,150,51,99,123,26,97,27,25,2,449,6.666666666666667,22.65423406060606,82.20022463636361
145059,STATE - UTTAR PRADESH,Retail sale via stalls and markets,440,417,23,189,176,13,251,241,10,82,74,8,50,44,6,32,30,2,522,18.130434782608692,22.65423406060606,82.20022463636361
145060,STATE - UTTAR PRADESH,"Retail sale via stalls and markets of food, beverages and tobacco",73,72,1,44,43,1,29,29,0,22,21,1,17,16,1,5,5,0,95,72,22.65423406060606,82.20022463636361
145061,STATE - UTTAR PRADESH,"Retail sale via stalls and markets of textiles, clothing and footwear",165,163,2,77,77,0,88,86,2,33,32,1,24,23,1,9,9,0,198,81.5,22.65423406060606,82.20022463636361
145062,STATE - UTTAR PRADESH,Retail sale via stalls and markets of other goods,202,182,20,68,56,12,134,126,8,27,21,6,9,5,4,18,16,2,229,9.1,22.65423406060606,82.20022463636361
145063,STATE - UTTAR PRADESH,"Retail trade not in stores, stalls or markets",619,570,49,322,291,31,297,279,18,171,155,16,87,77,10,84,78,6,790,11.63265306122449,22.65423406060606,82.20022463636361
145064,STATE - UTTAR PRADESH,Retail sale via mail order houses or via Internet,0,0,0,0,0,0,0,0,0,2,2,0,2,2,0,0,0,0,2,0,22.65423406060606,82.20022463636361
145065,STATE - UTTAR PRADESH,"Other retail sale not in stores, stalls or markets",619,570,49,322,291,31,297,279,18,169,153,16,85,75,10,84,78,6,788,11.63265306122449,22.65423406060606,82.20022463636361
145066,STATE - UTTAR PRADESH,Land transport and transport via pipelines,4175,4037,138,2487,2447,40,1688,1590,98,994,953,41,728,713,15,266,240,26,5169,29.2536231884058,22.65423406060606,82.20022463636361
145067,STATE - UTTAR PRADESH,Transport via railways,1214,1141,73,445,435,10,769,706,63,43,35,8,23,21,2,20,14,6,1257,15.63013698630137,22.65423406060606,82.20022463636361
145068,STATE - UTTAR PRADESH,Passenger rail transport,1138,1076,62,425,418,7,713,658,55,42,35,7,22,21,1,20,14,6,1180,17.35483870967742,22.65423406060606,82.20022463636361
145069,STATE - UTTAR PRADESH,Freight rail transport,76,65,11,20,17,3,56,48,8,1,0,1,1,0,1,0,0,0,77,5.909090909090909,22.65423406060606,82.20022463636361
145070,STATE - UTTAR PRADESH,Other land transport,2961,2896,65,2042,2012,30,919,884,35,951,918,33,705,692,13,246,226,20,3912,44.55384615384615,22.65423406060606,82.20022463636361
145071,STATE - UTTAR PRADESH,Urban or suburban passenger land transport,97,95,2,42,41,1,55,54,1,29,27,2,17,17,0,12,10,2,126,47.5,22.65423406060606,82.20022463636361
145072,STATE - UTTAR PRADESH,Other passenger land transport,1607,1567,40,1008,992,16,599,575,24,500,478,22,346,338,8,154,140,14,2107,39.175,22.65423406060606,82.20022463636361
145073,STATE - UTTAR PRADESH,Freight transport by road,1257,1234,23,992,979,13,265,255,10,422,413,9,342,337,5,80,76,4,1679,53.65217391304348,22.65423406060606,82.20022463636361
145074,STATE - UTTAR PRADESH,Water transport,9,9,0,5,5,0,4,4,0,2,2,0,2,2,0,0,0,0,11,9,22.65423406060606,82.20022463636361
145075,STATE - UTTAR PRADESH,Sea and coastal water transport,3,3,0,1,1,0,2,2,0,0,0,0,0,0,0,0,0,0,3,3,22.65423406060606,82.20022463636361
145076,STATE - UTTAR PRADESH,Sea and coastal passenger water transport,1,1,0,1,1,0,0,0,0,0,0,0,0,0,0,0,0,0,1,1,22.65423406060606,82.20022463636361
145077,STATE - UTTAR PRADESH,Sea and coastal freight water transport,2,2,0,0,0,0,2,2,0,0,0,0,0,0,0,0,0,0,2,2,22.65423406060606,82.20022463636361
145078,STATE - UTTAR PRADESH,Inland water transport,6,6,0,4,4,0,2,2,0,2,2,0,2,2,0,0,0,0,8,6,22.65423406060606,82.20022463636361
145079,STATE - UTTAR PRADESH,Inland passenger water transport,6,6,0,4,4,0,2,2,0,2,2,0,2,2,0,0,0,0,8,6,22.65423406060606,82.20022463636361
145080,STATE - UTTAR PRADESH,Air transport,8,7,1,6,5,1,2,2,0,0,0,0,0,0,0,0,0,0,8,7,22.65423406060606,82.20022463636361
145081,STATE - UTTAR PRADESH,Passenger air transport,6,5,1,6,5,1,0,0,0,0,0,0,0,0,0,0,0,0,6,5,22.65423406060606,82.20022463636361
145082,STATE - UTTAR PRADESH,Passenger air transport,6,5,1,6,5,1,0,0,0,0,0,0,0,0,0,0,0,0,6,5,22.65423406060606,82.20022463636361
145083,STATE - UTTAR PRADESH,Freight air transport,2,2,0,0,0,0,2,2,0,0,0,0,0,0,0,0,0,0,2,2,22.65423406060606,82.20022463636361
145084,STATE - UTTAR PRADESH,Freight air transport,2,2,0,0,0,0,2,2,0,0,0,0,0,0,0,0,0,0,2,2,22.65423406060606,82.20022463636361
145085,STATE - UTTAR PRADESH,Warehousing and support activities for transportation,967,920,47,583,552,31,384,368,16,897,823,74,769,708,61,128,115,13,1864,19.574468085106385,22.65423406060606,82.20022463636361
145086,STATE - UTTAR PRADESH,Warehousing and storage,61,61,0,31,31,0,30,30,0,14,13,1,14,13,1,0,0,0,75,61,22.65423406060606,82.20022463636361
145087,STATE - UTTAR PRADESH,Warehousing and storage,61,61,0,31,31,0,30,30,0,14,13,1,14,13,1,0,0,0,75,61,22.65423406060606,82.20022463636361
145088,STATE - UTTAR PRADESH,Support activities for transportation,906,859,47,552,521,31,354,338,16,883,810,73,755,695,60,128,115,13,1789,18.27659574468085,22.65423406060606,82.20022463636361
145089,STATE - UTTAR PRADESH,Service activities incidental to land transportation,869,822,47,538,507,31,331,315,16,877,804,73,751,691,60,126,113,13,1746,17.48936170212766,22.65423406060606,82.20022463636361
145090,STATE - UTTAR PRADESH,Service activities incidental to air transportation,6,6,0,4,4,0,2,2,0,0,0,0,0,0,0,0,0,0,6,6,22.65423406060606,82.20022463636361
145091,STATE - UTTAR PRADESH,Cargo handling,21,21,0,6,6,0,15,15,0,4,4,0,4,4,0,0,0,0,25,21,22.65423406060606,82.20022463636361
145092,STATE - UTTAR PRADESH,Other transportation support activities,10,10,0,4,4,0,6,6,0,2,2,0,0,0,0,2,2,0,12,10,22.65423406060606,82.20022463636361
145093,STATE - UTTAR PRADESH,Postal and courier activities,243,224,19,175,168,7,68,56,12,17,17,0,11,11,0,6,6,0,260,11.789473684210526,22.65423406060606,82.20022463636361
145094,STATE - UTTAR PRADESH,Postal activities,234,217,17,174,167,7,60,50,10,16,16,0,10,10,0,6,6,0,250,12.764705882352942,22.65423406060606,82.20022463636361
145095,STATE - UTTAR PRADESH,Postal activities,234,217,17,174,167,7,60,50,10,16,16,0,10,10,0,6,6,0,250,12.764705882352942,22.65423406060606,82.20022463636361
145096,STATE - UTTAR PRADESH,Courier activities,9,7,2,1,1,0,8,6,2,1,1,0,1,1,0,0,0,0,10,3.5,22.65423406060606,82.20022463636361
145097,STATE - UTTAR PRADESH,Courier activities,9,7,2,1,1,0,8,6,2,1,1,0,1,1,0,0,0,0,10,3.5,22.65423406060606,82.20022463636361
145098,STATE - UTTAR PRADESH,Accommodation,263,245,18,171,156,15,92,89,3,71,68,3,54,51,3,17,17,0,334,13.61111111111111,22.65423406060606,82.20022463636361
145099,STATE - UTTAR PRADESH,Short term accommodation activities,257,239,18,167,152,15,90,87,3,69,66,3,52,49,3,17,17,0,326,13.27777777777778,22.65423406060606,82.20022463636361
145100,STATE - UTTAR PRADESH,Short term accommodation activities,257,239,18,167,152,15,90,87,3,69,66,3,52,49,3,17,17,0,326,13.27777777777778,22.65423406060606,82.20022463636361
145101,STATE - UTTAR PRADESH,Other accommodation,6,6,0,4,4,0,2,2,0,2,2,0,2,2,0,0,0,0,8,6,22.65423406060606,82.20022463636361
145102,STATE - UTTAR PRADESH,Other accommodation,6,6,0,4,4,0,2,2,0,2,2,0,2,2,0,0,0,0,8,6,22.65423406060606,82.20022463636361
145103,STATE - UTTAR PRADESH,Food and beverage service activities,797,730,67,562,509,53,235,221,14,243,216,27,176,150,26,67,66,1,1040,10.8955223880597,22.65423406060606,82.20022463636361
145104,STATE - UTTAR PRADESH,Restaurants and mobile food service activities,84,81,3,46,43,3,38,38,0,39,32,7,22,15,7,17,17,0,123,27,22.65423406060606,82.20022463636361
145105,STATE - UTTAR PRADESH,Restaurants and mobile food service activities,84,81,3,46,43,3,38,38,0,39,32,7,22,15,7,17,17,0,123,27,22.65423406060606,82.20022463636361
145106,STATE - UTTAR PRADESH,Event catering and other food service activities,32,30,2,12,12,0,20,18,2,46,44,2,31,29,2,15,15,0,78,15,22.65423406060606,82.20022463636361
145107,STATE - UTTAR PRADESH,Event catering,19,17,2,5,5,0,14,12,2,44,42,2,29,27,2,15,15,0,63,8.5,22.65423406060606,82.20022463636361
145108,STATE - UTTAR PRADESH,Other food service activities,13,13,0,7,7,0,6,6,0,2,2,0,2,2,0,0,0,0,15,13,22.65423406060606,82.20022463636361
145109,STATE - UTTAR PRADESH,Beverage serving activities,681,619,62,504,454,50,177,165,12,158,140,18,123,106,17,35,34,1,839,9.983870967741936,22.65423406060606,82.20022463636361
145110,STATE - UTTAR PRADESH,Beverage serving activities,681,619,62,504,454,50,177,165,12,158,140,18,123,106,17,35,34,1,839,9.983870967741936,22.65423406060606,82.20022463636361
145111,STATE - UTTAR PRADESH,Publishing activities,10,10,0,2,2,0,8,8,0,0,0,0,0,0,0,0,0,0,10,10,22.65423406060606,82.20022463636361
145112,STATE - UTTAR PRADESH,"Publishing of books, periodicals and other publishing activities",6,6,0,2,2,0,4,4,0,0,0,0,0,0,0,0,0,0,6,6,22.65423406060606,82.20022463636361
145113,STATE - UTTAR PRADESH,"Publishing of newspapers, journals and periodicals",4,4,0,2,2,0,2,2,0,0,0,0,0,0,0,0,0,0,4,4,22.65423406060606,82.20022463636361
145114,STATE - UTTAR PRADESH,Other publishing activities,2,2,0,0,0,0,2,2,0,0,0,0,0,0,0,0,0,0,2,2,22.65423406060606,82.20022463636361
145115,STATE - UTTAR PRADESH,Software publishing,4,4,0,0,0,0,4,4,0,0,0,0,0,0,0,0,0,0,4,4,22.65423406060606,82.20022463636361
145116,STATE - UTTAR PRADESH,Software publishing,4,4,0,0,0,0,4,4,0,0,0,0,0,0,0,0,0,0,4,4,22.65423406060606,82.20022463636361
145117,STATE - UTTAR PRADESH,"Motion picture, video and television programme production, sound recording",12,12,0,6,6,0,6,6,0,14,12,2,12,12,0,2,0,2,26,12,22.65423406060606,82.20022463636361
145118,STATE - UTTAR PRADESH,"Motion picture, video and television programme activities",12,12,0,6,6,0,6,6,0,12,10,2,10,10,0,2,0,2,24,12,22.65423406060606,82.20022463636361
145119,STATE - UTTAR PRADESH,"Motion picture, video and television programme production activities",2,2,0,0,0,0,2,2,0,6,6,0,6,6,0,0,0,0,8,2,22.65423406060606,82.20022463636361
145120,STATE - UTTAR PRADESH,"Motion picture, video and television programme distribution activities",4,4,0,2,2,0,2,2,0,0,0,0,0,0,0,0,0,0,4,4,22.65423406060606,82.20022463636361
145121,STATE - UTTAR PRADESH,Motion picture projection activities,6,6,0,4,4,0,2,2,0,6,4,2,4,4,0,2,0,2,12,6,22.65423406060606,82.20022463636361
145122,STATE - UTTAR PRADESH,Sound recording and music publishing activities,0,0,0,0,0,0,0,0,0,2,2,0,2,2,0,0,0,0,2,0,22.65423406060606,82.20022463636361
145123,STATE - UTTAR PRADESH,Sound recording and music publishing activitiesT,0,0,0,0,0,0,0,0,0,2,2,0,2,2,0,0,0,0,2,0,22.65423406060606,82.20022463636361
145124,STATE - UTTAR PRADESH,Broadcasting and programming activities,9,7,2,3,3,0,6,4,2,0,0,0,0,0,0,0,0,0,9,3.5,22.65423406060606,82.20022463636361
145125,STATE - UTTAR PRADESH,Radio broadcasting,2,2,0,0,0,0,2,2,0,0,0,0,0,0,0,0,0,0,2,2,22.65423406060606,82.20022463636361
145126,STATE - UTTAR PRADESH,Radio broadcasting,2,2,0,0,0,0,2,2,0,0,0,0,0,0,0,0,0,0,2,2,22.65423406060606,82.20022463636361
145127,STATE - UTTAR PRADESH,Television programming and broadcasting activities,7,5,2,3,3,0,4,2,2,0,0,0,0,0,0,0,0,0,7,2.5,22.65423406060606,82.20022463636361
145128,STATE - UTTAR PRADESH,Television programming and broadcasting activities,7,5,2,3,3,0,4,2,2,0,0,0,0,0,0,0,0,0,7,2.5,22.65423406060606,82.20022463636361
145129,STATE - UTTAR PRADESH,Telecommunications,129,119,10,65,63,2,64,56,8,13,13,0,6,6,0,7,7,0,142,11.9,22.65423406060606,82.20022463636361
145130,STATE - UTTAR PRADESH,Wired telecommunications activities,42,42,0,20,20,0,22,22,0,2,2,0,0,0,0,2,2,0,44,42,22.65423406060606,82.20022463636361
145131,STATE - UTTAR PRADESH,Wired telecommunications activities,42,42,0,20,20,0,22,22,0,2,2,0,0,0,0,2,2,0,44,42,22.65423406060606,82.20022463636361
145132,STATE - UTTAR PRADESH,Wireless telecommunications activities,7,7,0,5,5,0,2,2,0,1,1,0,1,1,0,0,0,0,8,7,22.65423406060606,82.20022463636361
145133,STATE - UTTAR PRADESH,Wireless telecommunications activities,7,7,0,5,5,0,2,2,0,1,1,0,1,1,0,0,0,0,8,7,22.65423406060606,82.20022463636361
145134,STATE - UTTAR PRADESH,Satellite telecommunications activities,6,6,0,6,6,0,0,0,0,0,0,0,0,0,0,0,0,0,6,6,22.65423406060606,82.20022463636361
145135,STATE - UTTAR PRADESH,Satellite telecommunications activities,6,6,0,6,6,0,0,0,0,0,0,0,0,0,0,0,0,0,6,6,22.65423406060606,82.20022463636361
145136,STATE - UTTAR PRADESH,Other telecommunications activities,74,64,10,34,32,2,40,32,8,10,10,0,5,5,0,5,5,0,84,6.4,22.65423406060606,82.20022463636361
145137,STATE - UTTAR PRADESH,Other telecommunications activities,74,64,10,34,32,2,40,32,8,10,10,0,5,5,0,5,5,0,84,6.4,22.65423406060606,82.20022463636361
145138,STATE - UTTAR PRADESH,"Computer programming, consultancy and related activities",37,37,0,13,13,0,24,24,0,6,6,0,0,0,0,6,6,0,43,37,22.65423406060606,82.20022463636361
145139,STATE - UTTAR PRADESH,"Computer programming, consultancy and related activities",37,37,0,13,13,0,24,24,0,6,6,0,0,0,0,6,6,0,43,37,22.65423406060606,82.20022463636361
145140,STATE - UTTAR PRADESH,Computer programming activities,4,4,0,0,0,0,4,4,0,2,2,0,0,0,0,2,2,0,6,4,22.65423406060606,82.20022463636361
145141,STATE - UTTAR PRADESH,Computer consultancy and computer facilities management activities,8,8,0,0,0,0,8,8,0,0,0,0,0,0,0,0,0,0,8,8,22.65423406060606,82.20022463636361
145142,STATE - UTTAR PRADESH,Other information technology and computer service activities,25,25,0,13,13,0,12,12,0,4,4,0,0,0,0,4,4,0,29,25,22.65423406060606,82.20022463636361
145143,STATE - UTTAR PRADESH,Information service activities,36,34,2,22,20,2,14,14,0,4,2,2,0,0,0,4,2,2,40,17,22.65423406060606,82.20022463636361
145144,STATE - UTTAR PRADESH,"Data processing, hosting and related activities; web portals",2,2,0,0,0,0,2,2,0,0,0,0,0,0,0,0,0,0,2,2,22.65423406060606,82.20022463636361
145145,STATE - UTTAR PRADESH,"Data processing, hosting and related activities",2,2,0,0,0,0,2,2,0,0,0,0,0,0,0,0,0,0,2,2,22.65423406060606,82.20022463636361
145146,STATE - UTTAR PRADESH,Other information service activities,34,32,2,22,20,2,12,12,0,4,2,2,0,0,0,4,2,2,38,16,22.65423406060606,82.20022463636361
145147,STATE - UTTAR PRADESH,News agency activities,6,6,0,4,4,0,2,2,0,0,0,0,0,0,0,0,0,0,6,6,22.65423406060606,82.20022463636361
145148,STATE - UTTAR PRADESH,Other information service activities n.e.c.,28,26,2,18,16,2,10,10,0,4,2,2,0,0,0,4,2,2,32,13,22.65423406060606,82.20022463636361
145149,STATE - UTTAR PRADESH,"Financial service activities, except insurance and pension funding",388,363,25,176,171,5,212,192,20,33,26,7,13,8,5,20,18,2,421,14.52,22.65423406060606,82.20022463636361
145150,STATE - UTTAR PRADESH,Monetary intermediation,380,355,25,172,167,5,208,188,20,30,24,6,12,8,4,18,16,2,410,14.2,22.65423406060606,82.20022463636361
145151,STATE - UTTAR PRADESH,Central banking,97,90,7,48,48,0,49,42,7,11,9,2,3,3,0,8,6,2,108,12.857142857142858,22.65423406060606,82.20022463636361
145152,STATE - UTTAR PRADESH,Other monetary intermediation,283,265,18,124,119,5,159,146,13,19,15,4,9,5,4,10,10,0,302,14.72222222222222,22.65423406060606,82.20022463636361
145153,STATE - UTTAR PRADESH,"Other financial service activities, except insurance and pension funding",8,8,0,4,4,0,4,4,0,3,2,1,1,0,1,2,2,0,11,8,22.65423406060606,82.20022463636361
145154,STATE - UTTAR PRADESH,"Other financial service activities, except insurance and pension funding",8,8,0,4,4,0,4,4,0,3,2,1,1,0,1,2,2,0,11,8,22.65423406060606,82.20022463636361
145155,STATE - UTTAR PRADESH,"Insurance, reinsurance and pension funding, except compulsory social",133,126,7,87,84,3,46,42,4,17,17,0,15,15,0,2,2,0,150,18,22.65423406060606,82.20022463636361
145156,STATE - UTTAR PRADESH,Insurance,133,126,7,87,84,3,46,42,4,17,17,0,15,15,0,2,2,0,150,18,22.65423406060606,82.20022463636361
145157,STATE - UTTAR PRADESH,Life insurance,123,116,7,81,78,3,42,38,4,16,16,0,14,14,0,2,2,0,139,16.571428571428573,22.65423406060606,82.20022463636361
145158,STATE - UTTAR PRADESH,Non-life insurance,10,10,0,6,6,0,4,4,0,1,1,0,1,1,0,0,0,0,11,10,22.65423406060606,82.20022463636361
145159,STATE - UTTAR PRADESH,Other financial activities,38,36,2,30,30,0,8,6,2,4,4,0,4,4,0,0,0,0,42,18,22.65423406060606,82.20022463636361
145160,STATE - UTTAR PRADESH,"Activities auxiliary to financial service activities, except insurance and",10,10,0,6,6,0,4,4,0,2,2,0,2,2,0,0,0,0,12,10,22.65423406060606,82.20022463636361
145161,STATE - UTTAR PRADESH,Administration of financial markets,4,4,0,2,2,0,2,2,0,0,0,0,0,0,0,0,0,0,4,4,22.65423406060606,82.20022463636361
145162,STATE - UTTAR PRADESH,Activities auxiliary to financial service activities n.e.c.,6,6,0,4,4,0,2,2,0,2,2,0,2,2,0,0,0,0,8,6,22.65423406060606,82.20022463636361
145163,STATE - UTTAR PRADESH,Activities auxiliary to insurance and pension funding,25,23,2,21,21,0,4,2,2,2,2,0,2,2,0,0,0,0,27,11.5,22.65423406060606,82.20022463636361
145164,STATE - UTTAR PRADESH,Activities of insurance agents and brokers,22,22,0,20,20,0,2,2,0,1,1,0,1,1,0,0,0,0,23,22,22.65423406060606,82.20022463636361
145165,STATE - UTTAR PRADESH,Other activities auxiliary to insurance and pension funding,3,1,2,1,1,0,2,0,2,1,1,0,1,1,0,0,0,0,4,0.5,22.65423406060606,82.20022463636361
145166,STATE - UTTAR PRADESH,Fund management activities,3,3,0,3,3,0,0,0,0,0,0,0,0,0,0,0,0,0,3,3,22.65423406060606,82.20022463636361
145167,STATE - UTTAR PRADESH,Fund management activities,3,3,0,3,3,0,0,0,0,0,0,0,0,0,0,0,0,0,3,3,22.65423406060606,82.20022463636361
145168,STATE - UTTAR PRADESH,Real estate activities,20,20,0,9,9,0,11,11,0,12,10,2,0,0,0,12,10,2,32,20,22.65423406060606,82.20022463636361
145169,STATE - UTTAR PRADESH,Real estate activities with own or leased property,14,14,0,5,5,0,9,9,0,8,8,0,0,0,0,8,8,0,22,14,22.65423406060606,82.20022463636361
145170,STATE - UTTAR PRADESH,Real estate activities with own or leased property,14,14,0,5,5,0,9,9,0,8,8,0,0,0,0,8,8,0,22,14,22.65423406060606,82.20022463636361
145171,STATE - UTTAR PRADESH,Real estate activities on a fee or contract basis,6,6,0,4,4,0,2,2,0,4,2,2,0,0,0,4,2,2,10,6,22.65423406060606,82.20022463636361
145172,STATE - UTTAR PRADESH,Real estate activities on a fee or contract basis,6,6,0,4,4,0,2,2,0,4,2,2,0,0,0,4,2,2,10,6,22.65423406060606,82.20022463636361
145173,STATE - UTTAR PRADESH,Legal and accounting activities,143,140,3,68,67,1,75,73,2,17,17,0,9,9,0,8,8,0,160,46.66666666666666,22.65423406060606,82.20022463636361
145174,STATE - UTTAR PRADESH,Legal activities,117,114,3,56,55,1,61,59,2,12,12,0,4,4,0,8,8,0,129,38,22.65423406060606,82.20022463636361
145175,STATE - UTTAR PRADESH,Legal activities,117,114,3,56,55,1,61,59,2,12,12,0,4,4,0,8,8,0,129,38,22.65423406060606,82.20022463636361
145176,STATE - UTTAR PRADESH,"Accounting, bookkeeping and auditing activities; tax consultancy",26,26,0,12,12,0,14,14,0,5,5,0,5,5,0,0,0,0,31,26,22.65423406060606,82.20022463636361
145177,STATE - UTTAR PRADESH,"Accounting, bookkeeping and auditing activities; tax consultancy",26,26,0,12,12,0,14,14,0,5,5,0,5,5,0,0,0,0,31,26,22.65423406060606,82.20022463636361
145178,STATE - UTTAR PRADESH,Architecture and engineering activities; technical testing and analysis,13,11,2,7,5,2,6,6,0,2,2,0,0,0,0,2,2,0,15,5.5,22.65423406060606,82.20022463636361
145179,STATE - UTTAR PRADESH,Architectural and engineering activities and related technical consultancy,13,11,2,7,5,2,6,6,0,2,2,0,0,0,0,2,2,0,15,5.5,22.65423406060606,82.20022463636361
145180,STATE - UTTAR PRADESH,Architectural and engineering activities and related technical,13,11,2,7,5,2,6,6,0,2,2,0,0,0,0,2,2,0,15,5.5,22.65423406060606,82.20022463636361
145181,STATE - UTTAR PRADESH,Scientific research and development,4,4,0,0,0,0,4,4,0,0,0,0,0,0,0,0,0,0,4,4,22.65423406060606,82.20022463636361
145182,STATE - UTTAR PRADESH,Research and experimental development on natural sciences and,4,4,0,0,0,0,4,4,0,0,0,0,0,0,0,0,0,0,4,4,22.65423406060606,82.20022463636361
145183,STATE - UTTAR PRADESH,Research and experimental development on natural sciences and,4,4,0,0,0,0,4,4,0,0,0,0,0,0,0,0,0,0,4,4,22.65423406060606,82.20022463636361
145184,STATE - UTTAR PRADESH,Advertising and market research,7,7,0,1,1,0,6,6,0,0,0,0,0,0,0,0,0,0,7,7,22.65423406060606,82.20022463636361
145185,STATE - UTTAR PRADESH,Advertising,3,3,0,1,1,0,2,2,0,0,0,0,0,0,0,0,0,0,3,3,22.65423406060606,82.20022463636361
145186,STATE - UTTAR PRADESH,Advertising,3,3,0,1,1,0,2,2,0,0,0,0,0,0,0,0,0,0,3,3,22.65423406060606,82.20022463636361
145187,STATE - UTTAR PRADESH,Market research and public opinion polling,4,4,0,0,0,0,4,4,0,0,0,0,0,0,0,0,0,0,4,4,22.65423406060606,82.20022463636361
145188,STATE - UTTAR PRADESH,Market research and public opinion polling,4,4,0,0,0,0,4,4,0,0,0,0,0,0,0,0,0,0,4,4,22.65423406060606,82.20022463636361
145189,STATE - UTTAR PRADESH,"Other professional, scientific and technical activities",80,78,2,37,35,2,43,43,0,16,16,0,11,11,0,5,5,0,96,39,22.65423406060606,82.20022463636361
145190,STATE - UTTAR PRADESH,Specialized design activities,16,16,0,4,4,0,12,12,0,5,5,0,2,2,0,3,3,0,21,16,22.65423406060606,82.20022463636361
145191,STATE - UTTAR PRADESH,Specialized design activities,16,16,0,4,4,0,12,12,0,5,5,0,2,2,0,3,3,0,21,16,22.65423406060606,82.20022463636361
145192,STATE - UTTAR PRADESH,Photographic activities,40,40,0,19,19,0,21,21,0,11,11,0,9,9,0,2,2,0,51,40,22.65423406060606,82.20022463636361
145193,STATE - UTTAR PRADESH,Photographic activities,40,40,0,19,19,0,21,21,0,11,11,0,9,9,0,2,2,0,51,40,22.65423406060606,82.20022463636361
145194,STATE - UTTAR PRADESH,"Other professional, scientific and technical activities n.e.c.",24,22,2,14,12,2,10,10,0,0,0,0,0,0,0,0,0,0,24,11,22.65423406060606,82.20022463636361
145195,STATE - UTTAR PRADESH,"Other professional, scientific and technical activities n.e.c.",24,22,2,14,12,2,10,10,0,0,0,0,0,0,0,0,0,0,24,11,22.65423406060606,82.20022463636361
145196,STATE - UTTAR PRADESH,Veterinary activities,33,32,1,28,27,1,5,5,0,2,2,0,2,2,0,0,0,0,35,32,22.65423406060606,82.20022463636361
145197,STATE - UTTAR PRADESH,Veterinary activities,33,32,1,28,27,1,5,5,0,2,2,0,2,2,0,0,0,0,35,32,22.65423406060606,82.20022463636361
145198,STATE - UTTAR PRADESH,Veterinary activities,33,32,1,28,27,1,5,5,0,2,2,0,2,2,0,0,0,0,35,32,22.65423406060606,82.20022463636361
145199,STATE - UTTAR PRADESH,Rental and leasing activities,88,86,2,41,41,0,47,45,2,34,33,1,20,19,1,14,14,0,122,43,22.65423406060606,82.20022463636361
145200,STATE - UTTAR PRADESH,Renting and leasing of motor vehicles,1,1,0,1,1,0,0,0,0,2,2,0,2,2,0,0,0,0,3,1,22.65423406060606,82.20022463636361
145201,STATE - UTTAR PRADESH,Renting and leasing of motor vehicles,1,1,0,1,1,0,0,0,0,2,2,0,2,2,0,0,0,0,3,1,22.65423406060606,82.20022463636361
145202,STATE - UTTAR PRADESH,Renting and leasing of personal and household goods,73,71,2,34,34,0,39,37,2,32,31,1,18,17,1,14,14,0,105,35.5,22.65423406060606,82.20022463636361
145203,STATE - UTTAR PRADESH,Renting and leasing of other personal and household goods n.e.c.,73,71,2,34,34,0,39,37,2,32,31,1,18,17,1,14,14,0,105,35.5,22.65423406060606,82.20022463636361
145204,STATE - UTTAR PRADESH,"Renting and leasing of other machinery, equipment and tangible goods",14,14,0,6,6,0,8,8,0,0,0,0,0,0,0,0,0,0,14,14,22.65423406060606,82.20022463636361
145205,STATE - UTTAR PRADESH,"Renting and leasing of other machinery, equipment and tangible goods",14,14,0,6,6,0,8,8,0,0,0,0,0,0,0,0,0,0,14,14,22.65423406060606,82.20022463636361
145206,STATE - UTTAR PRADESH,Employment activities,1,0,1,1,0,1,0,0,0,0,0,0,0,0,0,0,0,0,1,0,22.65423406060606,82.20022463636361
145207,STATE - UTTAR PRADESH,Human resources provision and management of human resources functions,1,0,1,1,0,1,0,0,0,0,0,0,0,0,0,0,0,0,1,0,22.65423406060606,82.20022463636361
145208,STATE - UTTAR PRADESH,Human resources provision and management of human resources,1,0,1,1,0,1,0,0,0,0,0,0,0,0,0,0,0,0,1,0,22.65423406060606,82.20022463636361
145209,STATE - UTTAR PRADESH,"Travel agency, tour operator and other reservation service activities",2,2,0,0,0,0,2,2,0,0,0,0,0,0,0,0,0,0,2,2,22.65423406060606,82.20022463636361
145210,STATE - UTTAR PRADESH,Travel agency and tour operator activities,2,2,0,0,0,0,2,2,0,0,0,0,0,0,0,0,0,0,2,2,22.65423406060606,82.20022463636361
145211,STATE - UTTAR PRADESH,Travel agency activities,2,2,0,0,0,0,2,2,0,0,0,0,0,0,0,0,0,0,2,2,22.65423406060606,82.20022463636361
145212,STATE - UTTAR PRADESH,Security and investigation activities,110,107,3,74,71,3,36,36,0,28,28,0,12,12,0,16,16,0,138,35.666666666666664,22.65423406060606,82.20022463636361
145213,STATE - UTTAR PRADESH,Private security activities,103,100,3,71,68,3,32,32,0,20,20,0,10,10,0,10,10,0,123,33.333333333333336,22.65423406060606,82.20022463636361
145214,STATE - UTTAR PRADESH,Private security activities,103,100,3,71,68,3,32,32,0,20,20,0,10,10,0,10,10,0,123,33.333333333333336,22.65423406060606,82.20022463636361
145215,STATE - UTTAR PRADESH,Security systems service activities,7,7,0,3,3,0,4,4,0,6,6,0,2,2,0,4,4,0,13,7,22.65423406060606,82.20022463636361
145216,STATE - UTTAR PRADESH,Security systems service activities,7,7,0,3,3,0,4,4,0,6,6,0,2,2,0,4,4,0,13,7,22.65423406060606,82.20022463636361
145217,STATE - UTTAR PRADESH,Investigation activities,0,0,0,0,0,0,0,0,0,2,2,0,0,0,0,2,2,0,2,0,22.65423406060606,82.20022463636361
145218,STATE - UTTAR PRADESH,Investigation activities,0,0,0,0,0,0,0,0,0,2,2,0,0,0,0,2,2,0,2,0,22.65423406060606,82.20022463636361
145219,STATE - UTTAR PRADESH,Services to buildings and landscape activities,436,378,58,363,319,44,73,59,14,42,36,6,34,30,4,8,6,2,478,6.517241379310345,22.65423406060606,82.20022463636361
145220,STATE - UTTAR PRADESH,Combined facilities support activities,43,39,4,39,37,2,4,2,2,6,6,0,6,6,0,0,0,0,49,9.75,22.65423406060606,82.20022463636361
145221,STATE - UTTAR PRADESH,Combined facilities support activities,43,39,4,39,37,2,4,2,2,6,6,0,6,6,0,0,0,0,49,9.75,22.65423406060606,82.20022463636361
145222,STATE - UTTAR PRADESH,Cleaning activities,310,268,42,251,221,30,59,47,12,22,20,2,18,16,2,4,4,0,332,6.380952380952381,22.65423406060606,82.20022463636361
145223,STATE - UTTAR PRADESH,General cleaning of buildings,27,22,5,25,20,5,2,2,0,0,0,0,0,0,0,0,0,0,27,4.4,22.65423406060606,82.20022463636361
145224,STATE - UTTAR PRADESH,Other building and industrial cleaning activities,283,246,37,226,201,25,57,45,12,22,20,2,18,16,2,4,4,0,305,6.648648648648648,22.65423406060606,82.20022463636361
145225,STATE - UTTAR PRADESH,Landscape care and maintenance service activities,83,71,12,73,61,12,10,10,0,14,10,4,10,8,2,4,2,2,97,5.916666666666667,22.65423406060606,82.20022463636361
145226,STATE - UTTAR PRADESH,Landscape care and maintenance service activities,83,71,12,73,61,12,10,10,0,14,10,4,10,8,2,4,2,2,97,5.916666666666667,22.65423406060606,82.20022463636361
145227,STATE - UTTAR PRADESH,"Office administrative, office support and other business support activities",912,858,54,508,486,22,404,372,32,121,114,7,79,78,1,42,36,6,1033,15.88888888888889,22.65423406060606,82.20022463636361
145228,STATE - UTTAR PRADESH,Office administrative and support activities,561,526,35,339,322,17,222,204,18,51,51,0,37,37,0,14,14,0,612,15.028571428571428,22.65423406060606,82.20022463636361
145229,STATE - UTTAR PRADESH,Combined office administrative service activities,483,451,32,290,276,14,193,175,18,47,47,0,35,35,0,12,12,0,530,14.09375,22.65423406060606,82.20022463636361
145230,STATE - UTTAR PRADESH,"Photocopying, document preparation and other specialized office",78,75,3,49,46,3,29,29,0,4,4,0,2,2,0,2,2,0,82,25,22.65423406060606,82.20022463636361
145231,STATE - UTTAR PRADESH,Activities of call centres,7,7,0,1,1,0,6,6,0,0,0,0,0,0,0,0,0,0,7,7,22.65423406060606,82.20022463636361
145232,STATE - UTTAR PRADESH,Activities of call centres,7,7,0,1,1,0,6,6,0,0,0,0,0,0,0,0,0,0,7,7,22.65423406060606,82.20022463636361
145233,STATE - UTTAR PRADESH,Business support service activities n.e.c.,344,325,19,168,163,5,176,162,14,70,63,7,42,41,1,28,22,6,414,17.105263157894736,22.65423406060606,82.20022463636361
145234,STATE - UTTAR PRADESH,Activities of collection agencies and credit bureaus,3,3,0,1,1,0,2,2,0,0,0,0,0,0,0,0,0,0,3,3,22.65423406060606,82.20022463636361
145235,STATE - UTTAR PRADESH,Packaging activities,6,6,0,4,4,0,2,2,0,0,0,0,0,0,0,0,0,0,6,6,22.65423406060606,82.20022463636361
145236,STATE - UTTAR PRADESH,Other business support service activities n.e.c.,335,316,19,163,158,5,172,158,14,70,63,7,42,41,1,28,22,6,405,16.63157894736842,22.65423406060606,82.20022463636361
145237,STATE - UTTAR PRADESH,Public administration and defence; compulsory social security,3348,3132,216,1853,1740,113,1495,1392,103,246,203,43,157,130,27,89,73,16,3594,14.5,22.65423406060606,82.20022463636361
145238,STATE - UTTAR PRADESH,Administration of the State and the economic and social policy of the,2004,1839,165,1105,1015,90,899,824,75,152,119,33,92,67,25,60,52,8,2156,11.145454545454545,22.65423406060606,82.20022463636361
145239,STATE - UTTAR PRADESH,General public administration activities,1999,1835,164,1102,1013,89,897,822,75,149,116,33,91,66,25,58,50,8,2148,11.189024390243905,22.65423406060606,82.20022463636361
145240,STATE - UTTAR PRADESH,"Regulation of the activities of providing health care, education, cultural",5,4,1,3,2,1,2,2,0,3,3,0,1,1,0,2,2,0,8,4,22.65423406060606,82.20022463636361
145241,STATE - UTTAR PRADESH,Provision of services to the community as a whole,1295,1246,49,727,706,21,568,540,28,92,82,10,63,61,2,29,21,8,1387,25.428571428571427,22.65423406060606,82.20022463636361
145242,STATE - UTTAR PRADESH,Foreign affairs,3,3,0,3,3,0,0,0,0,0,0,0,0,0,0,0,0,0,3,3,22.65423406060606,82.20022463636361
145243,STATE - UTTAR PRADESH,Defence activities,651,633,18,280,274,6,371,359,12,27,21,6,11,11,0,16,10,6,678,35.166666666666664,22.65423406060606,82.20022463636361
145244,STATE - UTTAR PRADESH,Public order and safety activities,641,610,31,444,429,15,197,181,16,65,61,4,52,50,2,13,11,2,706,19.677419354838708,22.65423406060606,82.20022463636361
145245,STATE - UTTAR PRADESH,Compulsory social security activities,49,47,2,21,19,2,28,28,0,2,2,0,2,2,0,0,0,0,51,23.5,22.65423406060606,82.20022463636361
145246,STATE - UTTAR PRADESH,Compulsory social security activities,49,47,2,21,19,2,28,28,0,2,2,0,2,2,0,0,0,0,51,23.5,22.65423406060606,82.20022463636361
145247,STATE - UTTAR PRADESH,Education,4799,2381,2418,4018,1867,2151,781,514,267,595,267,328,502,210,292,93,57,36,5394,0.9846980976013234,22.65423406060606,82.20022463636361
145248,STATE - UTTAR PRADESH,Primary education,2347,1266,1081,1988,1059,929,359,207,152,278,133,145,242,113,129,36,20,16,2625,1.1711378353376505,22.65423406060606,82.20022463636361
145249,STATE - UTTAR PRADESH,Primary education,2347,1266,1081,1988,1059,929,359,207,152,278,133,145,242,113,129,36,20,16,2625,1.1711378353376505,22.65423406060606,82.20022463636361
145250,STATE - UTTAR PRADESH,Secondary education,366,318,48,280,253,27,86,65,21,31,25,6,19,17,2,12,8,4,397,6.625,22.65423406060606,82.20022463636361
145251,STATE - UTTAR PRADESH,General secondary education,363,315,48,279,252,27,84,63,21,31,25,6,19,17,2,12,8,4,394,6.5625,22.65423406060606,82.20022463636361
145252,STATE - UTTAR PRADESH,Technical and vocational secondary education,3,3,0,1,1,0,2,2,0,0,0,0,0,0,0,0,0,0,3,3,22.65423406060606,82.20022463636361
145253,STATE - UTTAR PRADESH,Higher education,137,112,25,61,56,5,76,56,20,15,12,3,7,6,1,8,6,2,152,4.48,22.65423406060606,82.20022463636361
145254,STATE - UTTAR PRADESH,Higher education,137,112,25,61,56,5,76,56,20,15,12,3,7,6,1,8,6,2,152,4.48,22.65423406060606,82.20022463636361
145255,STATE - UTTAR PRADESH,Other education,267,156,111,206,118,88,61,38,23,57,39,18,45,33,12,12,6,6,324,1.4054054054054057,22.65423406060606,82.20022463636361
145256,STATE - UTTAR PRADESH,Other education n.e.c.,267,156,111,206,118,88,61,38,23,57,39,18,45,33,12,12,6,6,324,1.4054054054054057,22.65423406060606,82.20022463636361
145257,STATE - UTTAR PRADESH,Educational support services,1682,529,1153,1483,381,1102,199,148,51,214,58,156,189,41,148,25,17,8,1896,0.4588031222896791,22.65423406060606,82.20022463636361
145258,STATE - UTTAR PRADESH,Educational support services,1682,529,1153,1483,381,1102,199,148,51,214,58,156,189,41,148,25,17,8,1896,0.4588031222896791,22.65423406060606,82.20022463636361
145259,STATE - UTTAR PRADESH,Human health activities,1503,581,922,1106,331,775,397,250,147,171,59,112,124,33,91,47,26,21,1674,0.6301518438177874,22.65423406060606,82.20022463636361
145260,STATE - UTTAR PRADESH,Hospital activities,136,109,27,59,51,8,77,58,19,15,10,5,5,2,3,10,8,2,151,4.037037037037037,22.65423406060606,82.20022463636361
145261,STATE - UTTAR PRADESH,Hospital activities,136,109,27,59,51,8,77,58,19,15,10,5,5,2,3,10,8,2,151,4.037037037037037,22.65423406060606,82.20022463636361
145262,STATE - UTTAR PRADESH,Medical and dental practice activities,123,103,20,61,55,6,62,48,14,14,14,0,10,10,0,4,4,0,137,5.15,22.65423406060606,82.20022463636361
145263,STATE - UTTAR PRADESH,Medical and dental practice activities,123,103,20,61,55,6,62,48,14,14,14,0,10,10,0,4,4,0,137,5.15,22.65423406060606,82.20022463636361
145264,STATE - UTTAR PRADESH,Other human health activities,1244,369,875,986,225,761,258,144,114,142,35,107,109,21,88,33,14,19,1386,0.4217142857142857,22.65423406060606,82.20022463636361
145265,STATE - UTTAR PRADESH,Other human health activities,1244,369,875,986,225,761,258,144,114,142,35,107,109,21,88,33,14,19,1386,0.4217142857142857,22.65423406060606,82.20022463636361
145266,STATE - UTTAR PRADESH,Residential care activities,2,2,0,2,2,0,0,0,0,2,2,0,2,2,0,0,0,0,4,2,22.65423406060606,82.20022463636361
145267,STATE - UTTAR PRADESH,Nursing care facilities,2,2,0,2,2,0,0,0,0,2,2,0,2,2,0,0,0,0,4,2,22.65423406060606,82.20022463636361
145268,STATE - UTTAR PRADESH,Nursing care facilities,2,2,0,2,2,0,0,0,0,2,2,0,2,2,0,0,0,0,4,2,22.65423406060606,82.20022463636361
145269,STATE - UTTAR PRADESH,Social work activities without accommodation,22,9,13,20,7,13,2,2,0,1,0,1,1,0,1,0,0,0,23,0.6923076923076923,22.65423406060606,82.20022463636361
145270,STATE - UTTAR PRADESH,Social work activities without accommodation for the elderly and disabled,7,2,5,7,2,5,0,0,0,1,0,1,1,0,1,0,0,0,8,0.4,22.65423406060606,82.20022463636361
145271,STATE - UTTAR PRADESH,Social work activities without accommodation for the elderly and,7,2,5,7,2,5,0,0,0,1,0,1,1,0,1,0,0,0,8,0.4,22.65423406060606,82.20022463636361
145272,STATE - UTTAR PRADESH,Other social work activities without accommodation n.e.c.,15,7,8,13,5,8,2,2,0,0,0,0,0,0,0,0,0,0,15,0.875,22.65423406060606,82.20022463636361
145273,STATE - UTTAR PRADESH,Other social work activities without accommodation n.e.c.,15,7,8,13,5,8,2,2,0,0,0,0,0,0,0,0,0,0,15,0.875,22.65423406060606,82.20022463636361
145274,STATE - UTTAR PRADESH,"Creative, arts and entertainment activities",211,184,27,155,134,21,56,50,6,82,73,9,62,53,9,20,20,0,293,6.814814814814815,22.65423406060606,82.20022463636361
145275,STATE - UTTAR PRADESH,"Creative, arts and entertainment activities",211,184,27,155,134,21,56,50,6,82,73,9,62,53,9,20,20,0,293,6.814814814814815,22.65423406060606,82.20022463636361
145276,STATE - UTTAR PRADESH,"Dramatic arts, music and other arts activities",211,184,27,155,134,21,56,50,6,82,73,9,62,53,9,20,20,0,293,6.814814814814815,22.65423406060606,82.20022463636361
145277,STATE - UTTAR PRADESH,"Libraries, archives, museums and other cultural activities",6,6,0,2,2,0,4,4,0,0,0,0,0,0,0,0,0,0,6,6,22.65423406060606,82.20022463636361
145278,STATE - UTTAR PRADESH,"Libraries, archives, museums and other cultural activities",6,6,0,2,2,0,4,4,0,0,0,0,0,0,0,0,0,0,6,6,22.65423406060606,82.20022463636361
145279,STATE - UTTAR PRADESH,Library and archives activities,2,2,0,0,0,0,2,2,0,0,0,0,0,0,0,0,0,0,2,2,22.65423406060606,82.20022463636361
145280,STATE - UTTAR PRADESH,Museums activities and operation of historical sites and buildings,1,1,0,1,1,0,0,0,0,0,0,0,0,0,0,0,0,0,1,1,22.65423406060606,82.20022463636361
145281,STATE - UTTAR PRADESH,Botanical and zoological gardens and nature reserves activities,3,3,0,1,1,0,2,2,0,0,0,0,0,0,0,0,0,0,3,3,22.65423406060606,82.20022463636361
145282,STATE - UTTAR PRADESH,Gambling and betting activities,2,2,0,0,0,0,2,2,0,0,0,0,0,0,0,0,0,0,2,2,22.65423406060606,82.20022463636361
145283,STATE - UTTAR PRADESH,Gambling and betting activities,2,2,0,0,0,0,2,2,0,0,0,0,0,0,0,0,0,0,2,2,22.65423406060606,82.20022463636361
145284,STATE - UTTAR PRADESH,Gambling and betting activities,2,2,0,0,0,0,2,2,0,0,0,0,0,0,0,0,0,0,2,2,22.65423406060606,82.20022463636361
145285,STATE - UTTAR PRADESH,Sports activities and amusement and recreation activities,32,32,0,10,10,0,22,22,0,19,14,5,11,10,1,8,4,4,51,32,22.65423406060606,82.20022463636361
145286,STATE - UTTAR PRADESH,Sports activities,4,4,0,0,0,0,4,4,0,0,0,0,0,0,0,0,0,0,4,4,22.65423406060606,82.20022463636361
145287,STATE - UTTAR PRADESH,Other sports activities,4,4,0,0,0,0,4,4,0,0,0,0,0,0,0,0,0,0,4,4,22.65423406060606,82.20022463636361
145288,STATE - UTTAR PRADESH,Other amusement and recreation activities,28,28,0,10,10,0,18,18,0,19,14,5,11,10,1,8,4,4,47,28,22.65423406060606,82.20022463636361
145289,STATE - UTTAR PRADESH,Other amusement and recreation activities n.e.c.,28,28,0,10,10,0,18,18,0,19,14,5,11,10,1,8,4,4,47,28,22.65423406060606,82.20022463636361
145290,STATE - UTTAR PRADESH,Activities of membership organizations,253,227,26,100,89,11,153,138,15,39,34,5,29,24,5,10,10,0,292,8.73076923076923,22.65423406060606,82.20022463636361
145291,STATE - UTTAR PRADESH,"Activities of business, employers and professional membership",173,158,15,49,46,3,124,112,12,17,17,0,9,9,0,8,8,0,190,10.533333333333331,22.65423406060606,82.20022463636361
145292,STATE - UTTAR PRADESH,Activities of business and employers membership organizations,172,157,15,48,45,3,124,112,12,16,16,0,8,8,0,8,8,0,188,10.466666666666669,22.65423406060606,82.20022463636361
145293,STATE - UTTAR PRADESH,Activities of professional membership organizations,1,1,0,1,1,0,0,0,0,1,1,0,1,1,0,0,0,0,2,1,22.65423406060606,82.20022463636361
145294,STATE - UTTAR PRADESH,Activities of trade unions,0,0,0,0,0,0,0,0,0,2,2,0,0,0,0,2,2,0,2,0,22.65423406060606,82.20022463636361
145295,STATE - UTTAR PRADESH,Activities of trade unions,0,0,0,0,0,0,0,0,0,2,2,0,0,0,0,2,2,0,2,0,22.65423406060606,82.20022463636361
145296,STATE - UTTAR PRADESH,Activities of other membership organizations,80,69,11,51,43,8,29,26,3,20,15,5,20,15,5,0,0,0,100,6.2727272727272725,22.65423406060606,82.20022463636361
145297,STATE - UTTAR PRADESH,Activities of religious organizations,38,34,4,21,19,2,17,15,2,16,11,5,16,11,5,0,0,0,54,8.5,22.65423406060606,82.20022463636361
145298,STATE - UTTAR PRADESH,Activities of political organizations,28,22,6,24,19,5,4,3,1,3,3,0,3,3,0,0,0,0,31,3.6666666666666665,22.65423406060606,82.20022463636361
145299,STATE - UTTAR PRADESH,Activities of other membership organizations n.e.c.,14,13,1,6,5,1,8,8,0,1,1,0,1,1,0,0,0,0,15,13,22.65423406060606,82.20022463636361
145300,STATE - UTTAR PRADESH,Repair of computers and personal and household goods,683,631,52,441,425,16,242,206,36,173,151,22,132,117,15,41,34,7,856,12.134615384615383,22.65423406060606,82.20022463636361
145301,STATE - UTTAR PRADESH,Repair of computers and communication equipment,44,42,2,24,24,0,20,18,2,4,4,0,4,4,0,0,0,0,48,21,22.65423406060606,82.20022463636361
145302,STATE - UTTAR PRADESH,Repair of computers and peripheral equipment,12,12,0,11,11,0,1,1,0,2,2,0,2,2,0,0,0,0,14,12,22.65423406060606,82.20022463636361
145303,STATE - UTTAR PRADESH,Repair of communication equipment,32,30,2,13,13,0,19,17,2,2,2,0,2,2,0,0,0,0,34,15,22.65423406060606,82.20022463636361
145304,STATE - UTTAR PRADESH,Repair of personal and household goods,639,589,50,417,401,16,222,188,34,169,147,22,128,113,15,41,34,7,808,11.78,22.65423406060606,82.20022463636361
145305,STATE - UTTAR PRADESH,Repair of consumer electronics,94,62,32,39,39,0,55,23,32,31,22,9,16,12,4,15,10,5,125,1.9375,22.65423406060606,82.20022463636361
145306,STATE - UTTAR PRADESH,Repair of household appliances and home and garden equipment,42,37,5,26,23,3,16,14,2,4,2,2,4,2,2,0,0,0,46,7.4,22.65423406060606,82.20022463636361
145307,STATE - UTTAR PRADESH,Repair of footwear and leather goods,41,41,0,11,11,0,30,30,0,10,10,0,4,4,0,6,6,0,51,41,22.65423406060606,82.20022463636361
145308,STATE - UTTAR PRADESH,Repair of furniture and home furnishings,1,1,0,1,1,0,0,0,0,0,0,0,0,0,0,0,0,0,1,1,22.65423406060606,82.20022463636361
145309,STATE - UTTAR PRADESH,"Repair of personal and household goods, n.e.c.",461,448,13,340,327,13,121,121,0,124,113,11,104,95,9,20,18,2,585,34.46153846153846,22.65423406060606,82.20022463636361
145310,STATE - UTTAR PRADESH,Other personal service activities,265,171,94,127,85,42,138,86,52,94,67,27,48,33,15,46,34,12,359,1.819148936170213,22.65423406060606,82.20022463636361
145311,STATE - UTTAR PRADESH,Other personal service activities,265,171,94,127,85,42,138,86,52,94,67,27,48,33,15,46,34,12,359,1.819148936170213,22.65423406060606,82.20022463636361
145312,STATE - UTTAR PRADESH,Washing and (dry-) cleaning of textile and fur products,83,53,30,33,21,12,50,32,18,26,15,11,16,5,11,10,10,0,109,1.7666666666666666,22.65423406060606,82.20022463636361
145313,STATE - UTTAR PRADESH,Hairdressing and other beauty treatment,84,65,19,50,39,11,34,26,8,22,20,2,6,6,0,16,14,2,106,3.421052631578948,22.65423406060606,82.20022463636361
145314,STATE - UTTAR PRADESH,Other personal service activities n.e.c.,98,53,45,44,25,19,54,28,26,46,32,14,26,22,4,20,10,10,144,1.1777777777777778,22.65423406060606,82.20022463636361
145315,STATE - UTTAR PRADESH,Activities of households as employers of domestic personnel,2662,185,2477,2288,127,2161,374,58,316,3647,233,3414,3294,207,3087,353,26,327,6309,0.0746871215179652,22.65423406060606,82.20022463636361
145316,STATE - UTTAR PRADESH,Activities of households as employers of domestic personnel,2662,185,2477,2288,127,2161,374,58,316,3647,233,3414,3294,207,3087,353,26,327,6309,0.0746871215179652,22.65423406060606,82.20022463636361
145317,STATE - UTTAR PRADESH,Activities of households as employers of domestic personnel,2662,185,2477,2288,127,2161,374,58,316,3647,233,3414,3294,207,3087,353,26,327,6309,0.0746871215179652,22.65423406060606,82.20022463636361
145318,STATE - UTTAR PRADESH,Undifferentiated goods- and services-producing activities of private,2,2,0,2,2,0,0,0,0,10,5,5,8,3,5,2,2,0,12,2,22.65423406060606,82.20022463636361
145319,STATE - UTTAR PRADESH,Undifferentiated goods-producing activities of private households for own,1,1,0,1,1,0,0,0,0,0,0,0,0,0,0,0,0,0,1,1,22.65423406060606,82.20022463636361
145320,STATE - UTTAR PRADESH,Undifferentiated goods-producing activities of private households for own,1,1,0,1,1,0,0,0,0,0,0,0,0,0,0,0,0,0,1,1,22.65423406060606,82.20022463636361
145321,STATE - UTTAR PRADESH,Undifferentiated service-producing activities of private households for own,1,1,0,1,1,0,0,0,0,10,5,5,8,3,5,2,2,0,11,1,22.65423406060606,82.20022463636361
145322,STATE - UTTAR PRADESH,Undifferentiated service-producing activities of private households for own,1,1,0,1,1,0,0,0,0,10,5,5,8,3,5,2,2,0,11,1,22.65423406060606,82.20022463636361
145323,STATE - UTTAR PRADESH,Activities of extraterritorial organizations and bodies,10165,6042,4123,7711,4511,3200,2454,1531,923,15674,7040,8634,12947,5708,7239,2727,1332,1395,25839,1.4654377880184333,22.65423406060606,82.20022463636361
145324,STATE - UTTAR PRADESH,Blank,6471,4186,2285,4978,3242,1736,1493,944,549,9299,4580,4719,7907,3815,4092,1392,765,627,15770,1.8319474835886211,22.65423406060606,82.20022463636361
145325,STATE - UTTAR PRADESH,Blank,6471,4186,2285,4978,3242,1736,1493,944,549,9299,4580,4719,7907,3815,4092,1392,765,627,15770,1.8319474835886211,22.65423406060606,82.20022463636361
145326,STATE - UTTAR PRADESH,Incomplete description/ Wrongly Classifed,3694,1856,1838,2733,1269,1464,961,587,374,6375,2460,3915,5040,1893,3147,1335,567,768,10069,1.0097932535364529,22.65423406060606,82.20022463636361
145327,STATE - UTTAR PRADESH,Incomplete description/ Wrongly Classifed,3694,1856,1838,2733,1269,1464,961,587,374,6375,2460,3915,5040,1893,3147,1335,567,768,10069,1.0097932535364529,22.65423406060606,82.20022463636361
