,IndiaStates,NIC_Name,Main_Workers__Total___Persons,Main_Workers__Total__Males,Main_Workers__Total__Females,Main_Workers__Rural___Persons,Main_Workers__Rural__Males,Main_Workers__Rural__Females,Main_Workers__Urban___Persons,Main_Workers__Urban__Males,Main_Workers__Urban__Females,Marginal_Workers__Total___Persons,Marginal_Workers__Total__Males,Marginal_Workers__Total__Females,Marginal_Workers__Rural___Persons,Marginal_Workers__Rural__Males,Marginal_Workers__Rural__Females,Marginal_Workers__Urban___Persons,Marginal_Workers__Urban__Males,Marginal_Workers__Urban__Females,TotalWorkers,MaleFemaleRatio,Latitude,Longitude
35560,STATE - WEST BENGAL,Growing of non-perennial crops,40461,36655,3806,25015,22419,2596,15446,14236,1210,19833,13894,5939,16156,10863,5293,3677,3031,646,60294,9.630846032580136,27.100399,93.616601
35561,STATE - WEST BENGAL,"Growing of cereals (except rice), leguminous crops and oil seeds",10571,9549,1022,6500,5781,719,4071,3768,303,5133,3393,1740,4238,2713,1525,895,680,215,15704,9.34344422700587,26.749981,94.216667
35562,STATE - WEST BENGAL,Growing of rice,26974,24571,2403,16853,15210,1643,10121,9361,760,13629,9767,3862,11078,7621,3457,2551,2146,405,40603,10.225135247607158,25.785414,87.479973
35563,STATE - WEST BENGAL,"Growing of vegetables and melons, roots and tubers",2145,1867,278,1204,1029,175,941,838,103,889,610,279,694,439,255,195,171,24,3034,6.715827338129497,30.719997,76.780006
35564,STATE - WEST BENGAL,Growing of sugar cane,15,15,0,3,3,0,12,12,0,5,5,0,5,5,0,0,0,0,20,15,22.09042,82.159987
35565,STATE - WEST BENGAL,Growing of tobacco,34,34,0,26,26,0,8,8,0,0,0,0,0,0,0,0,0,0,34,34,20.266578,73.016618
35566,STATE - WEST BENGAL,Growing of fibre crops,236,193,43,136,102,34,100,91,9,53,42,11,48,37,11,5,5,0,289,4.488372093023256,28.669993,77.230004
35567,STATE - WEST BENGAL,Growing of other non-perennial crop,486,426,60,293,268,25,193,158,35,124,77,47,93,48,45,31,29,2,610,7.1,15.491997,73.818001
35568,STATE - WEST BENGAL,Growing of tropical and subtropical fruits,784,728,56,769,713,56,15,15,0,75,60,15,70,55,15,5,5,0,859,13,31.100025,77.166597
35569,STATE - WEST BENGAL,Growing of citrus fruits,23,23,0,9,9,0,14,14,0,18,18,0,18,18,0,0,0,0,41,23,34.299959,74.466658
35570,STATE - WEST BENGAL,Growing of pome fruits and stone fruits,11,11,0,2,2,0,9,9,0,0,0,0,0,0,0,0,0,0,11,11,23.800393,86.419986
35571,STATE - WEST BENGAL,Growing of other tree and bush fruits and nuts,793,593,200,612,425,187,181,168,13,401,172,229,329,137,192,72,35,37,1194,2.965,12.570381,76.919997
35572,STATE - WEST BENGAL,Growing of oleaginous fruits,133,130,3,98,95,3,35,35,0,32,32,0,29,29,0,3,3,0,165,43.333333333333336,8.900373,76.569993
35573,STATE - WEST BENGAL,"Growing of spices, aromatic, drug and pharmaceutical crops",2683,1829,854,2615,1774,841,68,55,13,121,74,47,119,72,47,2,2,0,2804,2.141686182669789,21.300391,76.130019
35574,STATE - WEST BENGAL,Growing of other perennial crops,1321,1171,150,903,781,122,418,390,28,443,297,146,355,231,124,88,66,22,1764,7.806666666666667,19.250232,73.160175
35575,STATE - WEST BENGAL,Plant propagation,8597,7748,849,5683,5048,635,2914,2700,214,3691,2558,1133,3102,2151,951,589,407,182,12288,9.12603062426384,24.799971,93.950017
35576,STATE - WEST BENGAL,Plant propagation,8597,7748,849,5683,5048,635,2914,2700,214,3691,2558,1133,3102,2151,951,589,407,182,12288,9.12603062426384,25.570492,91.880014
35577,STATE - WEST BENGAL,Raising of horses and other equines,26,15,11,21,10,11,5,5,0,9,6,3,3,0,3,6,6,0,35,1.3636363636363635,19.82043,85.900017
35578,STATE - WEST BENGAL,Raising and breeding of camels and camelids,28,13,15,23,11,12,5,2,3,31,11,20,31,11,20,0,0,0,59,0.8666666666666667,11.934994,79.83
35579,STATE - WEST BENGAL,Raising of sheep and goats,3590,1472,2118,3094,1113,1981,496,359,137,6531,1272,5259,6343,1205,5138,188,67,121,10121,0.6949952785646837,31.519974,75.980003
35580,STATE - WEST BENGAL,Raising of swine/pigs,296,238,58,192,142,50,104,96,8,277,79,198,253,71,182,24,8,16,573,4.103448275862069,26.449999,74.639981
35581,STATE - WEST BENGAL,Raising of poultry,10160,8029,2131,7834,5891,1943,2326,2138,188,7637,1374,6263,7298,1207,6091,339,167,172,17797,3.767714687939934,27.33333,88.616647
35582,STATE - WEST BENGAL,Raising of other animals,4660,3821,839,3774,3060,714,886,761,125,3695,1646,2049,3469,1496,1973,226,150,76,8355,4.554231227651966,12.920386,79.150042
35583,STATE - WEST BENGAL,Mixed farming,445,306,139,346,228,118,99,78,21,473,111,362,413,101,312,60,10,50,918,2.2014388489208634,23.835404,91.279999
35584,STATE - WEST BENGAL,Mixed farming,445,306,139,346,228,118,99,78,21,473,111,362,413,101,312,60,10,50,918,2.2014388489208634,27.599981,78.050006
35585,STATE - WEST BENGAL,Support activities to agriculture and post-harvest crop activities,25314,22587,2727,16992,15077,1915,8322,7510,812,12853,8377,4476,10932,6850,4082,1921,1527,394,38167,8.282728272827283,30.320409,78.050006
35586,STATE - WEST BENGAL,Support activities for crop production,22796,20577,2219,15383,13767,1616,7413,6810,603,11343,7878,3465,9617,6413,3204,1726,1465,261,34139,9.273095989184318,22.58039,88.329947
35587,STATE - WEST BENGAL,Support activities for animal production,134,110,24,95,81,14,39,29,10,85,13,72,80,10,70,5,3,2,219,4.583333333333333,22.65423406060606,82.20022463636361
35588,STATE - WEST BENGAL,Post-harvest crop activities,2225,1790,435,1465,1184,281,760,606,154,1268,443,825,1157,393,764,111,50,61,3493,4.114942528735632,22.65423406060606,82.20022463636361
35589,STATE - WEST BENGAL,Seed processing for propagation,159,110,49,49,45,4,110,65,45,157,43,114,78,34,44,79,9,70,316,2.2448979591836733,22.65423406060606,82.20022463636361
35590,STATE - WEST BENGAL,"Hunting, trapping and related service activities",166,159,7,121,116,5,45,43,2,85,46,39,73,36,37,12,10,2,251,22.714285714285715,22.65423406060606,82.20022463636361
35591,STATE - WEST BENGAL,"Hunting, trapping and related service activities",166,159,7,121,116,5,45,43,2,85,46,39,73,36,37,12,10,2,251,22.714285714285715,22.65423406060606,82.20022463636361
35592,STATE - WEST BENGAL,Forestry and logging,18607,15418,3189,13649,11191,2458,4958,4227,731,11383,5019,6364,10350,4392,5958,1033,627,406,29990,4.834744433991847,22.65423406060606,82.20022463636361
35593,STATE - WEST BENGAL,Silviculture and other forestry activities,2958,2569,389,2080,1792,288,878,777,101,1109,599,510,947,493,454,162,106,56,4067,6.604113110539846,22.65423406060606,82.20022463636361
35594,STATE - WEST BENGAL,Silviculture and other forestry activities,2958,2569,389,2080,1792,288,878,777,101,1109,599,510,947,493,454,162,106,56,4067,6.604113110539846,22.65423406060606,82.20022463636361
35595,STATE - WEST BENGAL,Logging,8695,7284,1411,6636,5464,1172,2059,1820,239,6406,2873,3533,5776,2513,3263,630,360,270,15101,5.162296243798724,22.65423406060606,82.20022463636361
35596,STATE - WEST BENGAL,Logging,8695,7284,1411,6636,5464,1172,2059,1820,239,6406,2873,3533,5776,2513,3263,630,360,270,15101,5.162296243798724,22.65423406060606,82.20022463636361
35597,STATE - WEST BENGAL,Gathering of non-wood forest products,2879,1926,953,2389,1589,800,490,337,153,3311,1172,2139,3148,1083,2065,163,89,74,6190,2.0209863588667365,22.65423406060606,82.20022463636361
35598,STATE - WEST BENGAL,Gathering of non-wood forest products,2879,1926,953,2389,1589,800,490,337,153,3311,1172,2139,3148,1083,2065,163,89,74,6190,2.0209863588667365,22.65423406060606,82.20022463636361
35599,STATE - WEST BENGAL,Support services to forestry,4075,3639,436,2544,2346,198,1531,1293,238,557,375,182,479,303,176,78,72,6,4632,8.346330275229358,22.65423406060606,82.20022463636361
35600,STATE - WEST BENGAL,Support services to forestry,4075,3639,436,2544,2346,198,1531,1293,238,557,375,182,479,303,176,78,72,6,4632,8.346330275229358,22.65423406060606,82.20022463636361
35601,STATE - WEST BENGAL,Marine fishing,39436,37669,1767,33383,31843,1540,6053,5826,227,10930,8959,1971,10109,8213,1896,821,746,75,50366,21.318053197509904,22.65423406060606,82.20022463636361
35602,STATE - WEST BENGAL,Freash water fishing,48900,47374,1526,39149,37872,1277,9751,9502,249,11223,9611,1612,10002,8452,1550,1221,1159,62,60123,31.044560943643518,22.65423406060606,82.20022463636361
35603,STATE - WEST BENGAL,Aquaculture,31373,29901,1472,24495,23357,1138,6878,6544,334,7745,6411,1334,7051,5801,1250,694,610,84,39118,20.31317934782609,22.65423406060606,82.20022463636361
35604,STATE - WEST BENGAL,Marine aquaculture,26512,25232,1280,21463,20411,1052,5049,4821,228,6958,5726,1232,6416,5259,1157,542,467,75,33470,19.7125,22.65423406060606,82.20022463636361
35605,STATE - WEST BENGAL,Freshwater aquaculture,4861,4669,192,3032,2946,86,1829,1723,106,787,685,102,635,542,93,152,143,9,5648,24.31770833333333,22.65423406060606,82.20022463636361
35606,STATE - WEST BENGAL,Mining of coal and lignite,70294,64336,5958,15896,14328,1568,54398,50008,4390,3569,3023,546,1041,814,227,2528,2209,319,73863,10.798254447801275,22.65423406060606,82.20022463636361
35607,STATE - WEST BENGAL,Mining of hard coal,69019,63439,5580,14861,13644,1217,54158,49795,4363,3399,2920,479,887,716,171,2512,2204,308,72418,11.36899641577061,22.65423406060606,82.20022463636361
35608,STATE - WEST BENGAL,Mining of hard coal,69019,63439,5580,14861,13644,1217,54158,49795,4363,3399,2920,479,887,716,171,2512,2204,308,72418,11.36899641577061,22.65423406060606,82.20022463636361
35609,STATE - WEST BENGAL,Mining of lignite,1275,897,378,1035,684,351,240,213,27,170,103,67,154,98,56,16,5,11,1445,2.373015873015873,22.65423406060606,82.20022463636361
35610,STATE - WEST BENGAL,Mining of lignite,1275,897,378,1035,684,351,240,213,27,170,103,67,154,98,56,16,5,11,1445,2.373015873015873,22.65423406060606,82.20022463636361
35611,STATE - WEST BENGAL,Extraction of crude petroleum and natural gas,6909,6010,899,4751,4067,684,2158,1943,215,1896,1403,493,1746,1261,485,150,142,8,8805,6.685205784204672,22.65423406060606,82.20022463636361
35612,STATE - WEST BENGAL,Extraction of crude petroleum,6706,5818,888,4670,3994,676,2036,1824,212,1871,1378,493,1731,1246,485,140,132,8,8577,6.551801801801802,22.65423406060606,82.20022463636361
35613,STATE - WEST BENGAL,Extraction of crude petroleum,6706,5818,888,4670,3994,676,2036,1824,212,1871,1378,493,1731,1246,485,140,132,8,8577,6.551801801801802,22.65423406060606,82.20022463636361
35614,STATE - WEST BENGAL,Extraction of natural gas,203,192,11,81,73,8,122,119,3,25,25,0,15,15,0,10,10,0,228,17.454545454545453,22.65423406060606,82.20022463636361
35615,STATE - WEST BENGAL,Extraction of natural gas,203,192,11,81,73,8,122,119,3,25,25,0,15,15,0,10,10,0,228,17.454545454545453,22.65423406060606,82.20022463636361
35616,STATE - WEST BENGAL,Mining of metal ores,365,342,23,222,212,10,143,130,13,60,56,4,42,38,4,18,18,0,425,14.869565217391305,22.65423406060606,82.20022463636361
35617,STATE - WEST BENGAL,Mining of iron ores,152,144,8,94,91,3,58,53,5,30,28,2,18,16,2,12,12,0,182,18,22.65423406060606,82.20022463636361
35618,STATE - WEST BENGAL,Mining of iron ores,152,144,8,94,91,3,58,53,5,30,28,2,18,16,2,12,12,0,182,18,22.65423406060606,82.20022463636361
35619,STATE - WEST BENGAL,Mining of non-ferrous metal ores,213,198,15,128,121,7,85,77,8,30,28,2,24,22,2,6,6,0,243,13.2,22.65423406060606,82.20022463636361
35620,STATE - WEST BENGAL,Mining of other non-ferrous metal ores,213,198,15,128,121,7,85,77,8,30,28,2,24,22,2,6,6,0,243,13.2,22.65423406060606,82.20022463636361
35621,STATE - WEST BENGAL,Other mining and quarrying,53917,45548,8369,44290,37711,6579,9627,7837,1790,17098,12066,5032,14666,10581,4085,2432,1485,947,71015,5.4424662444736525,22.65423406060606,82.20022463636361
35622,STATE - WEST BENGAL,"Quarrying of stone, sand and clay",39353,32906,6447,32021,27203,4818,7332,5703,1629,13052,9169,3883,11094,8019,3075,1958,1150,808,52405,5.104079416783,22.65423406060606,82.20022463636361
35623,STATE - WEST BENGAL,"Quarrying of stone, sand and clay",39353,32906,6447,32021,27203,4818,7332,5703,1629,13052,9169,3883,11094,8019,3075,1958,1150,808,52405,5.104079416783,22.65423406060606,82.20022463636361
35624,STATE - WEST BENGAL,Mining and quarrying n.e.c.,14564,12642,1922,12269,10508,1761,2295,2134,161,4046,2897,1149,3572,2562,1010,474,335,139,18610,6.577523413111343,22.65423406060606,82.20022463636361
35625,STATE - WEST BENGAL,Mining of chemical and fertilizer minerals,75,72,3,66,66,0,9,6,3,9,9,0,9,9,0,0,0,0,84,24,22.65423406060606,82.20022463636361
35626,STATE - WEST BENGAL,Extraction and agglomeration of peat,6251,5491,760,5124,4420,704,1127,1071,56,1749,1293,456,1656,1210,446,93,83,10,8000,7.225,22.65423406060606,82.20022463636361
35627,STATE - WEST BENGAL,Extraction of salt,665,585,80,614,536,78,51,49,2,230,129,101,228,129,99,2,0,2,895,7.3125,22.65423406060606,82.20022463636361
35628,STATE - WEST BENGAL,Other mining and quarrying n.e.c.,7573,6494,1079,6465,5486,979,1108,1008,100,2058,1466,592,1679,1214,465,379,252,127,9631,6.018535681186283,22.65423406060606,82.20022463636361
35629,STATE - WEST BENGAL,Mining support service activities,968,884,84,467,417,50,501,467,34,174,152,22,130,111,19,44,41,3,1142,10.523809523809524,22.65423406060606,82.20022463636361
35630,STATE - WEST BENGAL,Support activities for petroleum and natural gas mining,798,748,50,324,308,16,474,440,34,116,111,5,84,82,2,32,29,3,914,14.96,22.65423406060606,82.20022463636361
35631,STATE - WEST BENGAL,Support activities for petroleum and natural gas mining,798,748,50,324,308,16,474,440,34,116,111,5,84,82,2,32,29,3,914,14.96,22.65423406060606,82.20022463636361
35632,STATE - WEST BENGAL,Support activities for other mining and quarrying,170,136,34,143,109,34,27,27,0,58,41,17,46,29,17,12,12,0,228,4,22.65423406060606,82.20022463636361
35633,STATE - WEST BENGAL,Support activities for other mining and quarrying,170,136,34,143,109,34,27,27,0,58,41,17,46,29,17,12,12,0,228,4,22.65423406060606,82.20022463636361
35634,STATE - WEST BENGAL,Processing and preserving of meat,2959,2337,622,1822,1295,527,1137,1042,95,2874,604,2270,2640,468,2172,234,136,98,5833,3.757234726688103,22.65423406060606,82.20022463636361
35635,STATE - WEST BENGAL,Processing and preserving of meat,2959,2337,622,1822,1295,527,1137,1042,95,2874,604,2270,2640,468,2172,234,136,98,5833,3.757234726688103,22.65423406060606,82.20022463636361
35636,STATE - WEST BENGAL,"Processing and preserving of fish, crustaceans and molluscs",2433,2179,254,1716,1534,182,717,645,72,1463,882,581,1313,760,553,150,122,28,3896,8.578740157480315,22.65423406060606,82.20022463636361
35637,STATE - WEST BENGAL,"Processing and preserving of fish, crustaceans and molluscs and",2433,2179,254,1716,1534,182,717,645,72,1463,882,581,1313,760,553,150,122,28,3896,8.578740157480315,22.65423406060606,82.20022463636361
35638,STATE - WEST BENGAL,Processing and preserving of fruit and vegetables,8364,6905,1459,3053,2564,489,5311,4341,970,3045,1554,1491,1861,846,1015,1184,708,476,11409,4.732693625771076,22.65423406060606,82.20022463636361
35639,STATE - WEST BENGAL,Processing and preserving of fruit and vegetables,8364,6905,1459,3053,2564,489,5311,4341,970,3045,1554,1491,1861,846,1015,1184,708,476,11409,4.732693625771076,22.65423406060606,82.20022463636361
35640,STATE - WEST BENGAL,Manufacture of vegetable and animal oils and fats,6359,5753,606,3201,2824,377,3158,2929,229,862,448,414,658,320,338,204,128,76,7221,9.493399339933994,22.65423406060606,82.20022463636361
35641,STATE - WEST BENGAL,Manufacture of vegetable and animal oils and fats,6359,5753,606,3201,2824,377,3158,2929,229,862,448,414,658,320,338,204,128,76,7221,9.493399339933994,22.65423406060606,82.20022463636361
35642,STATE - WEST BENGAL,"Manufacture of grain mill products, starches and starch products",74619,61284,13335,49046,39863,9183,25573,21421,4152,22042,9874,12168,18886,8140,10746,3156,1734,1422,96661,4.595725534308212,22.65423406060606,82.20022463636361
35643,STATE - WEST BENGAL,Manufacture of grain mill products,73202,59956,13246,48354,39207,9147,24848,20749,4099,21826,9738,12088,18740,8064,10676,3086,1674,1412,95028,4.526347576626907,22.65423406060606,82.20022463636361
35644,STATE - WEST BENGAL,Manufacture of starches and starch products,1417,1328,89,692,656,36,725,672,53,216,136,80,146,76,70,70,60,10,1633,14.92134831460674,22.65423406060606,82.20022463636361
35645,STATE - WEST BENGAL,Manufacture of bakery products,30651,29248,1403,16416,15785,631,14235,13463,772,3796,3302,494,2691,2357,334,1105,945,160,34447,20.846756949394155,22.65423406060606,82.20022463636361
35646,STATE - WEST BENGAL,Manufacture of sugar,2266,2086,180,935,859,76,1331,1227,104,657,445,212,509,329,180,148,116,32,2923,11.588888888888889,22.65423406060606,82.20022463636361
35647,STATE - WEST BENGAL,"Manufacture of cocoa, chocolate and sugar confectionery",26726,25568,1158,17325,16637,688,9401,8931,470,3880,3064,816,2958,2381,577,922,683,239,30606,22.07944732297064,22.65423406060606,82.20022463636361
35648,STATE - WEST BENGAL,"Manufacture of macaroni, noodles, couscous and similar farinaceous",1192,853,339,479,305,174,713,548,165,207,73,134,105,36,69,102,37,65,1399,2.5162241887905603,22.65423406060606,82.20022463636361
35649,STATE - WEST BENGAL,Manufacture of prepared meals and dishes,20989,18269,2720,11689,10110,1579,9300,8159,1141,5252,3237,2015,3472,1960,1512,1780,1277,503,26241,6.716544117647059,22.65423406060606,82.20022463636361
35650,STATE - WEST BENGAL,Manufacture of other food products n.e.c.,29345,20869,8476,16786,11952,4834,12559,8917,3642,10264,3819,6445,7140,2816,4324,3124,1003,2121,39609,2.4621283624351107,22.65423406060606,82.20022463636361
35651,STATE - WEST BENGAL,Manufacture of prepared animal feeds,388,329,59,232,187,45,156,142,14,208,56,152,191,50,141,17,6,11,596,5.576271186440678,22.65423406060606,82.20022463636361
35652,STATE - WEST BENGAL,Manufacture of prepared animal feeds,388,329,59,232,187,45,156,142,14,208,56,152,191,50,141,17,6,11,596,5.576271186440678,22.65423406060606,82.20022463636361
35653,STATE - WEST BENGAL,Manufacture of beverages,4497,4157,340,1455,1286,169,3042,2871,171,655,472,183,391,274,117,264,198,66,5152,12.226470588235294,22.65423406060606,82.20022463636361
35654,STATE - WEST BENGAL,Manufacture of beverages,4497,4157,340,1455,1286,169,3042,2871,171,655,472,183,391,274,117,264,198,66,5152,12.226470588235294,22.65423406060606,82.20022463636361
35655,STATE - WEST BENGAL,"Distilling, rectifying and blending of spirits; ethyl alcohol production",815,738,77,223,190,33,592,548,44,127,71,56,64,26,38,63,45,18,942,9.584415584415584,22.65423406060606,82.20022463636361
35656,STATE - WEST BENGAL,Manufacture of wines,671,576,95,229,140,89,442,436,6,95,46,49,68,31,37,27,15,12,766,6.063157894736842,22.65423406060606,82.20022463636361
35657,STATE - WEST BENGAL,Manufacture of malt liquors and malt,311,300,11,87,85,2,224,215,9,38,27,11,24,18,6,14,9,5,349,27.272727272727277,22.65423406060606,82.20022463636361
35658,STATE - WEST BENGAL,Manufacture of soft drinks; production of mineral waters and other,2700,2543,157,916,871,45,1784,1672,112,395,328,67,235,199,36,160,129,31,3095,16.197452229299362,22.65423406060606,82.20022463636361
35659,STATE - WEST BENGAL,Manufacture of knitted and crocheted fabrics,931,669,262,511,358,153,420,311,109,491,79,412,411,57,354,80,22,58,1422,2.553435114503817,22.65423406060606,82.20022463636361
35660,STATE - WEST BENGAL,"Manufacture of made-up textile articles, except apparel",8180,6900,1280,3927,3179,748,4253,3721,532,3347,1195,2152,2495,770,1725,852,425,427,11527,5.390625,22.65423406060606,82.20022463636361
35661,STATE - WEST BENGAL,Manufacture of carpets and rugs,11732,10546,1186,2817,2259,558,8915,8287,628,2154,1070,1084,1432,596,836,722,474,248,13886,8.892074198988196,22.65423406060606,82.20022463636361
35662,STATE - WEST BENGAL,"Manufacture of cordage, rope, twine and netting",12859,10334,2525,4426,2728,1698,8433,7606,827,8130,1732,6398,7020,1222,5798,1110,510,600,20989,4.092673267326733,22.65423406060606,82.20022463636361
35663,STATE - WEST BENGAL,Manufacture of articles of fur,23643,19396,4247,8338,6898,1440,15305,12498,2807,6910,3426,3484,3658,1806,1852,3252,1620,1632,30553,4.566988462444078,22.65423406060606,82.20022463636361
35664,STATE - WEST BENGAL,Manufacture of articles of fur,23643,19396,4247,8338,6898,1440,15305,12498,2807,6910,3426,3484,3658,1806,1852,3252,1620,1632,30553,4.566988462444078,22.65423406060606,82.20022463636361
35665,STATE - WEST BENGAL,Manufacture of knitted and crocheted apparel,26852,24086,2766,10250,9600,650,16602,14486,2116,3990,2903,1087,2449,1825,624,1541,1078,463,30842,8.707881417208966,22.65423406060606,82.20022463636361
35666,STATE - WEST BENGAL,Manufacture of knitted and crocheted apparel,26852,24086,2766,10250,9600,650,16602,14486,2116,3990,2903,1087,2449,1825,624,1541,1078,463,30842,8.707881417208966,22.65423406060606,82.20022463636361
35667,STATE - WEST BENGAL,Manufacture of leather and related products,61373,56338,5035,17123,16037,1086,44250,40301,3949,8944,6904,2040,4081,3163,918,4863,3741,1122,70317,11.18927507447865,22.65423406060606,82.20022463636361
35668,STATE - WEST BENGAL,"Tanning and dressing of leather; manufacture of luggage, handbags, saddlery",28310,25610,2700,10584,9932,652,17726,15678,2048,4696,3615,1081,2707,2162,545,1989,1453,536,33006,9.485185185185186,22.65423406060606,82.20022463636361
35669,STATE - WEST BENGAL,Tanning and dressing of leather; dressing and dyeing of fur,5264,4852,412,1489,1378,111,3775,3474,301,776,557,219,442,300,142,334,257,77,6040,11.776699029126211,22.65423406060606,82.20022463636361
35670,STATE - WEST BENGAL,"Manufacture of luggage, handbags and the like, saddlery and harness",23046,20758,2288,9095,8554,541,13951,12204,1747,3920,3058,862,2265,1862,403,1655,1196,459,26966,9.072552447552448,22.65423406060606,82.20022463636361
35671,STATE - WEST BENGAL,Manufacture of footwear,33063,30728,2335,6539,6105,434,26524,24623,1901,4248,3289,959,1374,1001,373,2874,2288,586,37311,13.159743040685225,22.65423406060606,82.20022463636361
35672,STATE - WEST BENGAL,Manufacture of footwear,33063,30728,2335,6539,6105,434,26524,24623,1901,4248,3289,959,1374,1001,373,2874,2288,586,37311,13.159743040685225,22.65423406060606,82.20022463636361
35673,STATE - WEST BENGAL,Sawmilling and planing of wood,16202,15756,446,10138,9892,246,6064,5864,200,2132,1894,238,1570,1393,177,562,501,61,18334,35.327354260089685,22.65423406060606,82.20022463636361
35674,STATE - WEST BENGAL,Saw milling and planing of wood,16202,15756,446,10138,9892,246,6064,5864,200,2132,1894,238,1570,1393,177,562,501,61,18334,35.327354260089685,22.65423406060606,82.20022463636361
35675,STATE - WEST BENGAL,"Manufacture of veneer sheets; manufacture of plywood, laminboard,",9814,9308,506,6425,6155,270,3389,3153,236,1661,1341,320,1318,1078,240,343,263,80,11475,18.395256916996047,22.65423406060606,82.20022463636361
35676,STATE - WEST BENGAL,Manufacture of builders carpentry and joinery,13444,13258,186,9158,9018,140,4286,4240,46,2100,1957,143,1642,1514,128,458,443,15,15544,71.27956989247312,22.65423406060606,82.20022463636361
35677,STATE - WEST BENGAL,Manufacture of wooden containers,22111,15482,6629,18485,12522,5963,3626,2960,666,14017,4202,9815,13359,3881,9478,658,321,337,36128,2.3354955498566903,22.65423406060606,82.20022463636361
35678,STATE - WEST BENGAL,Manufacture of paper and paper products,22588,16331,6257,6502,4753,1749,16086,11578,4508,7155,2178,4977,3580,1050,2530,3575,1128,2447,29743,2.6100367588301103,22.65423406060606,82.20022463636361
35679,STATE - WEST BENGAL,Manufacture of paper and paper products,22588,16331,6257,6502,4753,1749,16086,11578,4508,7155,2178,4977,3580,1050,2530,3575,1128,2447,29743,2.6100367588301103,22.65423406060606,82.20022463636361
35680,STATE - WEST BENGAL,"Manufacture of pulp, paper and paperboard",7451,5694,1757,2169,1699,470,5282,3995,1287,2020,642,1378,1018,283,735,1002,359,643,9471,3.240751280591918,22.65423406060606,82.20022463636361
35681,STATE - WEST BENGAL,Manufacture of corrugated paper and paperboard and containers of,5331,3369,1962,1321,811,510,4010,2558,1452,2116,506,1610,954,193,761,1162,313,849,7447,1.717125382262997,22.65423406060606,82.20022463636361
35682,STATE - WEST BENGAL,Manufacture of other articles of paper and paperboard,9806,7268,2538,3012,2243,769,6794,5025,1769,3019,1030,1989,1608,574,1034,1411,456,955,12825,2.863672182821119,22.65423406060606,82.20022463636361
35683,STATE - WEST BENGAL,Printing and reproduction of recorded media,29360,27690,1670,7876,7609,267,21484,20081,1403,2794,2397,397,1289,1157,132,1505,1240,265,32154,16.580838323353294,22.65423406060606,82.20022463636361
35684,STATE - WEST BENGAL,Printing and service activities related to printing,29316,27652,1664,7858,7591,267,21458,20061,1397,2794,2397,397,1289,1157,132,1505,1240,265,32110,16.61778846153846,22.65423406060606,82.20022463636361
35685,STATE - WEST BENGAL,Printing,15004,14203,801,4102,3955,147,10902,10248,654,1322,1169,153,564,517,47,758,652,106,16326,17.73158551810237,22.65423406060606,82.20022463636361
35686,STATE - WEST BENGAL,Service activities related to printing,14312,13449,863,3756,3636,120,10556,9813,743,1472,1228,244,725,640,85,747,588,159,15784,15.584009269988412,22.65423406060606,82.20022463636361
35687,STATE - WEST BENGAL,Reproduction of recorded media,44,38,6,18,18,0,26,20,6,0,0,0,0,0,0,0,0,0,44,6.333333333333333,22.65423406060606,82.20022463636361
35688,STATE - WEST BENGAL,Reproduction of recorded media,44,38,6,18,18,0,26,20,6,0,0,0,0,0,0,0,0,0,44,6.333333333333333,22.65423406060606,82.20022463636361
35689,STATE - WEST BENGAL,Manufacture of coke and refined petroleum products,7149,6682,467,2033,1872,161,5116,4810,306,825,490,335,521,267,254,304,223,81,7974,14.308351177730191,22.65423406060606,82.20022463636361
35690,STATE - WEST BENGAL,Manufacture of coke oven products,2165,1936,229,816,718,98,1349,1218,131,413,185,228,290,111,179,123,74,49,2578,8.45414847161572,22.65423406060606,82.20022463636361
35691,STATE - WEST BENGAL,Manufacture of coke oven products,2165,1936,229,816,718,98,1349,1218,131,413,185,228,290,111,179,123,74,49,2578,8.45414847161572,22.65423406060606,82.20022463636361
35692,STATE - WEST BENGAL,Manufacture of refined petroleum products,4984,4746,238,1217,1154,63,3767,3592,175,412,305,107,231,156,75,181,149,32,5396,19.94117647058824,22.65423406060606,82.20022463636361
35693,STATE - WEST BENGAL,Manufacture of refined petroleum products,4984,4746,238,1217,1154,63,3767,3592,175,412,305,107,231,156,75,181,149,32,5396,19.94117647058824,22.65423406060606,82.20022463636361
35694,STATE - WEST BENGAL,Manufacture of chemicals and chemical products,28312,24137,4175,9768,7842,1926,18544,16295,2249,8217,2724,5493,5471,1445,4026,2746,1279,1467,36529,5.781317365269461,22.65423406060606,82.20022463636361
35695,STATE - WEST BENGAL,"Manufacture of basic chemicals, fertilizer and nitrogen compounds, plastics",4297,4066,231,1501,1417,84,2796,2649,147,414,315,99,225,171,54,189,144,45,4711,17.6017316017316,22.65423406060606,82.20022463636361
35696,STATE - WEST BENGAL,Manufacture of basic chemicals,2677,2531,146,724,693,31,1953,1838,115,163,130,33,51,44,7,112,86,26,2840,17.335616438356166,22.65423406060606,82.20022463636361
35697,STATE - WEST BENGAL,Manufacture of fertilizers and nitrogen compounds,1391,1325,66,688,645,43,703,680,23,203,160,43,153,116,37,50,44,6,1594,20.07575757575757,22.65423406060606,82.20022463636361
35698,STATE - WEST BENGAL,Manufacture of plastics and synthetic rubber in primary forms,229,210,19,89,79,10,140,131,9,48,25,23,21,11,10,27,14,13,277,11.052631578947368,22.65423406060606,82.20022463636361
35699,STATE - WEST BENGAL,Manufacture of other chemical products,23897,19955,3942,8235,6393,1842,15662,13562,2100,7783,2389,5394,5234,1262,3972,2549,1127,1422,31680,5.062151192288178,22.65423406060606,82.20022463636361
35700,STATE - WEST BENGAL,Manufacture of pesticides and other agrochemical products,225,208,17,73,65,8,152,143,9,34,30,4,25,21,4,9,9,0,259,12.235294117647058,22.65423406060606,82.20022463636361
35701,STATE - WEST BENGAL,"Manufacture of paints, varnishes and similar coatings, printing ink and",7338,6953,385,2184,2040,144,5154,4913,241,975,822,153,487,389,98,488,433,55,8313,18.05974025974026,22.65423406060606,82.20022463636361
35702,STATE - WEST BENGAL,"Manufacture of soap and detergents, cleaning and polishing preparations,",13460,10255,3205,5163,3571,1592,8297,6684,1613,6336,1326,5010,4464,715,3749,1872,611,1261,19796,3.199687987519501,22.65423406060606,82.20022463636361
35703,STATE - WEST BENGAL,Manufacture of other chemical products n.e.c.,2874,2539,335,815,717,98,2059,1822,237,438,211,227,258,137,121,180,74,106,3312,7.57910447761194,22.65423406060606,82.20022463636361
35704,STATE - WEST BENGAL,Manufacture of man-made fibres,118,116,2,32,32,0,86,84,2,20,20,0,12,12,0,8,8,0,138,58,22.65423406060606,82.20022463636361
35705,STATE - WEST BENGAL,Manufacture of man-made fibres,53,53,0,17,17,0,36,36,0,8,8,0,6,6,0,2,2,0,61,53,22.65423406060606,82.20022463636361
35706,STATE - WEST BENGAL,Manufacture of anti-sprouting products,65,63,2,15,15,0,50,48,2,12,12,0,6,6,0,6,6,0,77,31.5,22.65423406060606,82.20022463636361
35707,STATE - WEST BENGAL,"Manufacture of pharmaceuticals, medicinal chemical and botanical products",10616,9904,712,2200,2098,102,8416,7806,610,692,588,104,315,270,45,377,318,59,11308,13.910112359550562,22.65423406060606,82.20022463636361
35708,STATE - WEST BENGAL,"Manufacture of pharmaceuticals, medicinal chemical and botanical products",10616,9904,712,2200,2098,102,8416,7806,610,692,588,104,315,270,45,377,318,59,11308,13.910112359550562,22.65423406060606,82.20022463636361
35709,STATE - WEST BENGAL,"Manufacture of pharmaceuticals, medicinal chemical and botanical",10616,9904,712,2200,2098,102,8416,7806,610,692,588,104,315,270,45,377,318,59,11308,13.910112359550562,22.65423406060606,82.20022463636361
35710,STATE - WEST BENGAL,Manufacture of rubber and plastics products,22258,19386,2872,6427,5769,658,15831,13617,2214,3238,1977,1261,1634,993,641,1604,984,620,25496,6.75,22.65423406060606,82.20022463636361
35711,STATE - WEST BENGAL,Manufacture of rubber products,5868,5512,356,1383,1314,69,4485,4198,287,629,409,220,233,145,88,396,264,132,6497,15.48314606741573,22.65423406060606,82.20022463636361
35712,STATE - WEST BENGAL,Manufacture of rubber tyres and tubes; retreading and rebuilding of,2536,2413,123,693,670,23,1843,1743,100,189,135,54,84,55,29,105,80,25,2725,19.617886178861788,22.65423406060606,82.20022463636361
35713,STATE - WEST BENGAL,Manufacture of other rubber products,3332,3099,233,690,644,46,2642,2455,187,440,274,166,149,90,59,291,184,107,3772,13.300429184549357,22.65423406060606,82.20022463636361
35714,STATE - WEST BENGAL,Manufacture of plastics products,16390,13874,2516,5044,4455,589,11346,9419,1927,2609,1568,1041,1401,848,553,1208,720,488,18999,5.514308426073132,22.65423406060606,82.20022463636361
35715,STATE - WEST BENGAL,Manufacture of plastics products,16390,13874,2516,5044,4455,589,11346,9419,1927,2609,1568,1041,1401,848,553,1208,720,488,18999,5.514308426073132,22.65423406060606,82.20022463636361
35716,STATE - WEST BENGAL,Manufacture of glass and glass products,9555,7006,2549,4868,2841,2027,4687,4165,522,8611,1066,7545,8162,764,7398,449,302,147,18166,2.7485288348371912,22.65423406060606,82.20022463636361
35717,STATE - WEST BENGAL,Manufacture of glass and glass products,9555,7006,2549,4868,2841,2027,4687,4165,522,8611,1066,7545,8162,764,7398,449,302,147,18166,2.7485288348371912,22.65423406060606,82.20022463636361
35718,STATE - WEST BENGAL,Manufacture of refractory products,13305,11275,2030,9860,8340,1520,3445,2935,510,5787,4113,1674,4595,3326,1269,1192,787,405,19092,5.554187192118227,22.65423406060606,82.20022463636361
35719,STATE - WEST BENGAL,Manufacture of other porcelain and ceramic products,42998,35634,7364,25721,21390,4331,17277,14244,3033,15434,8951,6483,12697,7192,5505,2737,1759,978,58432,4.838946224877784,22.65423406060606,82.20022463636361
35720,STATE - WEST BENGAL,"Manufacture of cement, lime and plaster",6544,6269,275,2567,2453,114,3977,3816,161,900,776,124,442,361,81,458,415,43,7444,22.79636363636364,22.65423406060606,82.20022463636361
35721,STATE - WEST BENGAL,"Manufacture of articles of concrete, cement and plaster",4425,4115,310,3080,2870,210,1345,1245,100,1022,794,228,811,621,190,211,173,38,5447,13.274193548387096,22.65423406060606,82.20022463636361
35722,STATE - WEST BENGAL,"Cutting, shaping and finishing of stone",2530,2072,458,1339,1054,285,1191,1018,173,762,507,255,544,380,164,218,127,91,3292,4.524017467248909,22.65423406060606,82.20022463636361
35723,STATE - WEST BENGAL,Manufacture of other non-metallic mineral products n.e.c.,1332,1202,130,763,650,113,569,552,17,257,208,49,203,166,37,54,42,12,1589,9.246153846153844,22.65423406060606,82.20022463636361
35724,STATE - WEST BENGAL,Manufacture of basic iron and steel,89557,86292,3265,21985,21380,605,67572,64912,2660,7818,7249,569,2654,2444,210,5164,4805,359,97375,26.429402756508424,22.65423406060606,82.20022463636361
35725,STATE - WEST BENGAL,Manufacture of basic iron and steel,89557,86292,3265,21985,21380,605,67572,64912,2660,7818,7249,569,2654,2444,210,5164,4805,359,97375,26.429402756508424,22.65423406060606,82.20022463636361
35726,STATE - WEST BENGAL,Manufacture of basic precious and other non-ferrous metals,9422,8877,545,3591,3400,191,5831,5477,354,1096,926,170,605,535,70,491,391,100,10518,16.288073394495413,22.65423406060606,82.20022463636361
35727,STATE - WEST BENGAL,Manufacture of basic precious and other non-ferrous metals,9422,8877,545,3591,3400,191,5831,5477,354,1096,926,170,605,535,70,491,391,100,10518,16.288073394495413,22.65423406060606,82.20022463636361
35728,STATE - WEST BENGAL,Casting of non-ferrous metals,5339,4999,340,2861,2708,153,2478,2291,187,1066,720,346,872,592,280,194,128,66,6405,14.702941176470588,22.65423406060606,82.20022463636361
35729,STATE - WEST BENGAL,"Manufacture of fabricated metal products, except machinery and equipment",83087,80573,2514,39781,38665,1116,43306,41908,1398,10360,9080,1280,7075,6109,966,3285,2971,314,93447,32.0497215592681,22.65423406060606,82.20022463636361
35730,STATE - WEST BENGAL,"Manufacture of structural metal products, tanks, reservoirs and steam",26971,26204,767,11626,11361,265,15345,14843,502,3289,3072,217,2001,1866,135,1288,1206,82,30260,34.164276401564535,22.65423406060606,82.20022463636361
35731,STATE - WEST BENGAL,Manufacture of structural metal products,24413,23816,597,10749,10554,195,13664,13262,402,2956,2849,107,1830,1762,68,1126,1087,39,27369,39.892797319933,22.65423406060606,82.20022463636361
35732,STATE - WEST BENGAL,"Manufacture of tanks, reservoirs and containers of metal",2333,2176,157,773,711,62,1560,1465,95,316,214,102,163,104,59,153,110,43,2649,13.859872611464969,22.65423406060606,82.20022463636361
35733,STATE - WEST BENGAL,"Manufacture of steam generators, except central heating hot water",225,212,13,104,96,8,121,116,5,17,9,8,8,0,8,9,9,0,242,16.307692307692307,22.65423406060606,82.20022463636361
35734,STATE - WEST BENGAL,Manufacture of weapons and ammunition,2169,2004,165,157,148,9,2012,1856,156,79,55,24,27,9,18,52,46,6,2248,12.145454545454545,22.65423406060606,82.20022463636361
35735,STATE - WEST BENGAL,Manufacture of weapons and ammunition,2169,2004,165,157,148,9,2012,1856,156,79,55,24,27,9,18,52,46,6,2248,12.145454545454545,22.65423406060606,82.20022463636361
35736,STATE - WEST BENGAL,Manufacture of other fabricated metal products; metalworking service,53947,52365,1582,27998,27156,842,25949,25209,740,6992,5953,1039,5047,4234,813,1945,1719,226,60939,33.10050568900127,22.65423406060606,82.20022463636361
35737,STATE - WEST BENGAL,"Forging, pressing, stamping and roll-forming of metal; powder",245,236,9,69,64,5,176,172,4,33,24,9,30,24,6,3,0,3,278,26.22222222222222,22.65423406060606,82.20022463636361
35738,STATE - WEST BENGAL,Machining; treatment and coating of metals,82,82,0,27,27,0,55,55,0,3,3,0,3,3,0,0,0,0,85,82,22.65423406060606,82.20022463636361
35739,STATE - WEST BENGAL,"Manufacture of cutlery, hand tools and general hardware",39848,38762,1086,22247,21602,645,17601,17160,441,5299,4552,747,3977,3333,644,1322,1219,103,45147,35.69244935543278,22.65423406060606,82.20022463636361
35740,STATE - WEST BENGAL,Manufacture of other fabricated metal products n.e.c.,13772,13285,487,5655,5463,192,8117,7822,295,1657,1374,283,1037,874,163,620,500,120,15429,27.279260780287476,22.65423406060606,82.20022463636361
35741,STATE - WEST BENGAL,"Manufacture of computer, electronic and optical products",7430,6942,488,3117,2993,124,4313,3949,364,815,730,85,486,436,50,329,294,35,8245,14.225409836065571,22.65423406060606,82.20022463636361
35742,STATE - WEST BENGAL,Manufacture of electronic components,814,749,65,304,270,34,510,479,31,73,65,8,38,35,3,35,30,5,887,11.523076923076925,22.65423406060606,82.20022463636361
35743,STATE - WEST BENGAL,Manufacture of electronic components,814,749,65,304,270,34,510,479,31,73,65,8,38,35,3,35,30,5,887,11.523076923076925,22.65423406060606,82.20022463636361
35744,STATE - WEST BENGAL,Manufacture of computers and peripheral equipment,1383,1225,158,298,269,29,1085,956,129,77,68,9,30,24,6,47,44,3,1460,7.753164556962025,22.65423406060606,82.20022463636361
35745,STATE - WEST BENGAL,Manufacture of computers and peripheral equipment,1383,1225,158,298,269,29,1085,956,129,77,68,9,30,24,6,47,44,3,1460,7.753164556962025,22.65423406060606,82.20022463636361
35746,STATE - WEST BENGAL,Manufacture of communication equipment,1222,1155,67,442,433,9,780,722,58,166,155,11,78,67,11,88,88,0,1388,17.238805970149254,22.65423406060606,82.20022463636361
35747,STATE - WEST BENGAL,Manufacture of communication equipment,1222,1155,67,442,433,9,780,722,58,166,155,11,78,67,11,88,88,0,1388,17.238805970149254,22.65423406060606,82.20022463636361
35748,STATE - WEST BENGAL,Manufacture of consumer electronics,1182,1113,69,439,434,5,743,679,64,140,118,22,68,59,9,72,59,13,1322,16.130434782608695,22.65423406060606,82.20022463636361
35749,STATE - WEST BENGAL,Manufacture of consumer electronics,1182,1113,69,439,434,5,743,679,64,140,118,22,68,59,9,72,59,13,1322,16.130434782608695,22.65423406060606,82.20022463636361
35750,STATE - WEST BENGAL,"Manufacture of measuring, testing, navigating and control equipment;",597,542,55,223,201,22,374,341,33,56,45,11,33,30,3,23,15,8,653,9.854545454545455,22.65423406060606,82.20022463636361
35751,STATE - WEST BENGAL,"Manufacture of measuring, testing, navigating and control equipment",174,162,12,78,74,4,96,88,8,24,21,3,24,21,3,0,0,0,198,13.5,22.65423406060606,82.20022463636361
35752,STATE - WEST BENGAL,Manufacture of watches and clocks,423,380,43,145,127,18,278,253,25,32,24,8,9,9,0,23,15,8,455,8.837209302325581,22.65423406060606,82.20022463636361
35753,STATE - WEST BENGAL,"Manufacture of irradiation, electromedical and electrotherapeutic",11,11,0,0,0,0,11,11,0,0,0,0,0,0,0,0,0,0,11,11,22.65423406060606,82.20022463636361
35754,STATE - WEST BENGAL,"Manufacture of irradiation, electromedical and electrotherapeutic",11,11,0,0,0,0,11,11,0,0,0,0,0,0,0,0,0,0,11,11,22.65423406060606,82.20022463636361
35755,STATE - WEST BENGAL,Manufacture of optical instruments and equipment,2114,2047,67,1373,1348,25,741,699,42,296,272,24,239,221,18,57,51,6,2410,30.55223880597015,22.65423406060606,82.20022463636361
35756,STATE - WEST BENGAL,Manufacture of optical instruments and equipment,2114,2047,67,1373,1348,25,741,699,42,296,272,24,239,221,18,57,51,6,2410,30.55223880597015,22.65423406060606,82.20022463636361
35757,STATE - WEST BENGAL,Manufacture of magnetic and optical media,107,100,7,38,38,0,69,62,7,7,7,0,0,0,0,7,7,0,114,14.285714285714286,22.65423406060606,82.20022463636361
35758,STATE - WEST BENGAL,Manufacture of magnetic and optical media,107,100,7,38,38,0,69,62,7,7,7,0,0,0,0,7,7,0,114,14.285714285714286,22.65423406060606,82.20022463636361
35759,STATE - WEST BENGAL,Manufacture of electrical equipment,17052,15811,1241,5985,5594,391,11067,10217,850,1850,1595,255,1011,860,151,839,735,104,18902,12.740531829170024,22.65423406060606,82.20022463636361
35760,STATE - WEST BENGAL,"Manufacture of electric motors, generators, transformers and electricity",5329,5201,128,2100,2067,33,3229,3134,95,582,572,10,323,318,5,259,254,5,5911,40.6328125,22.65423406060606,82.20022463636361
35761,STATE - WEST BENGAL,"Manufacture of electric motors, generators, transformers and electricity",5329,5201,128,2100,2067,33,3229,3134,95,582,572,10,323,318,5,259,254,5,5911,40.6328125,22.65423406060606,82.20022463636361
35762,STATE - WEST BENGAL,Manufacture of batteries and accumulators,3558,3438,120,1018,989,29,2540,2449,91,266,243,23,151,135,16,115,108,7,3824,28.65,22.65423406060606,82.20022463636361
35763,STATE - WEST BENGAL,Manufacture of batteries and accumulators,3558,3438,120,1018,989,29,2540,2449,91,266,243,23,151,135,16,115,108,7,3824,28.65,22.65423406060606,82.20022463636361
35764,STATE - WEST BENGAL,Manufacture of wiring and wiring devices,1844,1624,220,586,527,59,1258,1097,161,187,145,42,104,73,31,83,72,11,2031,7.381818181818182,22.65423406060606,82.20022463636361
35765,STATE - WEST BENGAL,Manufacture of fibre optic cables for data transmission or live,233,195,38,86,71,15,147,124,23,35,15,20,32,12,20,3,3,0,268,5.131578947368421,22.65423406060606,82.20022463636361
35766,STATE - WEST BENGAL,Manufacture of other electronic and electric wires and cables,823,790,33,201,199,2,622,591,31,53,50,3,19,16,3,34,34,0,876,23.939393939393938,22.65423406060606,82.20022463636361
35767,STATE - WEST BENGAL,Manufacture of wiring devices,788,639,149,299,257,42,489,382,107,99,80,19,53,45,8,46,35,11,887,4.2885906040268456,22.65423406060606,82.20022463636361
35768,STATE - WEST BENGAL,Manufacture of electric lighting equipment,2108,1848,260,646,603,43,1462,1245,217,192,172,20,107,99,8,85,73,12,2300,7.107692307692307,22.65423406060606,82.20022463636361
35769,STATE - WEST BENGAL,Manufacture of electric lighting equipment,2108,1848,260,646,603,43,1462,1245,217,192,172,20,107,99,8,85,73,12,2300,7.107692307692307,22.65423406060606,82.20022463636361
35770,STATE - WEST BENGAL,Manufacture of domestic appliances,3911,3426,485,1557,1333,224,2354,2093,261,600,448,152,321,233,88,279,215,64,4511,7.063917525773196,22.65423406060606,82.20022463636361
35771,STATE - WEST BENGAL,Manufacture of domestic appliances,3911,3426,485,1557,1333,224,2354,2093,261,600,448,152,321,233,88,279,215,64,4511,7.063917525773196,22.65423406060606,82.20022463636361
35772,STATE - WEST BENGAL,Manufacture of other electrical equipment,302,274,28,78,75,3,224,199,25,23,15,8,5,2,3,18,13,5,325,9.785714285714286,22.65423406060606,82.20022463636361
35773,STATE - WEST BENGAL,Manufacture of other electrical equipment,302,274,28,78,75,3,224,199,25,23,15,8,5,2,3,18,13,5,325,9.785714285714286,22.65423406060606,82.20022463636361
35774,STATE - WEST BENGAL,Manufacture of machinery and equipment n.e.c.,17865,16692,1173,7464,6965,499,10401,9727,674,2130,1611,519,1398,1060,338,732,551,181,19995,14.230179028132993,22.65423406060606,82.20022463636361
35775,STATE - WEST BENGAL,Manufacture of general purpose machinery,4608,4359,249,2006,1915,91,2602,2444,158,510,413,97,362,299,63,148,114,34,5118,17.50602409638554,22.65423406060606,82.20022463636361
35776,STATE - WEST BENGAL,"Manufacture of engines and turbines, except aircraft, vehicle and cycle",242,234,8,71,71,0,171,163,8,32,30,2,26,24,2,6,6,0,274,29.25,22.65423406060606,82.20022463636361
35777,STATE - WEST BENGAL,Manufacture of fluid power equipment,77,71,6,27,27,0,50,44,6,5,0,5,0,0,0,5,0,5,82,11.833333333333334,22.65423406060606,82.20022463636361
35778,STATE - WEST BENGAL,"Manufacture of other pumps, compressors, taps and valves",246,219,27,110,101,9,136,118,18,35,32,3,24,24,0,11,8,3,281,8.11111111111111,22.65423406060606,82.20022463636361
35779,STATE - WEST BENGAL,"Manufacture of bearings, gears, gearing and driving elements",1395,1328,67,462,443,19,933,885,48,129,110,19,57,49,8,72,61,11,1524,19.82089552238806,22.65423406060606,82.20022463636361
35780,STATE - WEST BENGAL,"Manufacture of ovens, furnaces and furnace burners",131,116,15,47,44,3,84,72,12,35,15,20,21,9,12,14,6,8,166,7.733333333333333,22.65423406060606,82.20022463636361
35781,STATE - WEST BENGAL,Manufacture of lifting and handling equipment,300,278,22,129,124,5,171,154,17,33,17,16,27,11,16,6,6,0,333,12.636363636363637,22.65423406060606,82.20022463636361
35782,STATE - WEST BENGAL,Manufacture of office machinery and equipment,214,203,11,116,111,5,98,92,6,36,31,5,29,26,3,7,5,2,250,18.454545454545453,22.65423406060606,82.20022463636361
35783,STATE - WEST BENGAL,Manufacture of power-driven hand tools,103,95,8,44,39,5,59,56,3,3,3,0,0,0,0,3,3,0,106,11.875,22.65423406060606,82.20022463636361
35784,STATE - WEST BENGAL,Manufacture of other general-purpose machinery,1900,1815,85,1000,955,45,900,860,40,202,175,27,178,156,22,24,19,5,2102,21.352941176470587,22.65423406060606,82.20022463636361
35785,STATE - WEST BENGAL,Manufacture of special-purpose machinery,13257,12333,924,5458,5050,408,7799,7283,516,1620,1198,422,1036,761,275,584,437,147,14877,13.347402597402596,22.65423406060606,82.20022463636361
35786,STATE - WEST BENGAL,Manufacture of agricultural and forestry machinery,437,382,55,189,159,30,248,223,25,143,91,52,117,71,46,26,20,6,580,6.945454545454545,22.65423406060606,82.20022463636361
35787,STATE - WEST BENGAL,Manufacture of metal-forming machinery and machine tools,7332,7196,136,2834,2778,56,4498,4418,80,480,434,46,276,248,28,204,186,18,7812,52.91176470588236,22.65423406060606,82.20022463636361
35788,STATE - WEST BENGAL,Manufacture of machinery for metallurgy,340,326,14,157,145,12,183,181,2,46,32,14,37,27,10,9,5,4,386,23.285714285714285,22.65423406060606,82.20022463636361
35789,STATE - WEST BENGAL,"Manufacture of machinery for mining, quarrying and construction",504,486,18,236,229,7,268,257,11,91,79,12,51,43,8,40,36,4,595,27,22.65423406060606,82.20022463636361
35790,STATE - WEST BENGAL,"Manufacture of machinery for food, beverage and tobacco processing",1395,1146,249,803,615,188,592,531,61,250,150,100,174,94,80,76,56,20,1645,4.602409638554217,22.65423406060606,82.20022463636361
35791,STATE - WEST BENGAL,"Manufacture of machinery for textile, apparel and leather production",1756,1491,265,786,698,88,970,793,177,328,202,126,225,145,80,103,57,46,2084,5.626415094339623,22.65423406060606,82.20022463636361
35792,STATE - WEST BENGAL,Manufacture of other special-purpose machinery,1493,1306,187,453,426,27,1040,880,160,282,210,72,156,133,23,126,77,49,1775,6.983957219251337,22.65423406060606,82.20022463636361
35793,STATE - WEST BENGAL,"Manufacture of motor vehicles, trailers and semi-trailers",3599,3505,94,903,877,26,2696,2628,68,191,179,12,88,83,5,103,96,7,3790,37.2872340425532,22.65423406060606,82.20022463636361
35794,STATE - WEST BENGAL,Manufacture of motor vehicles,1214,1191,23,172,169,3,1042,1022,20,45,45,0,18,18,0,27,27,0,1259,51.78260869565217,22.65423406060606,82.20022463636361
35795,STATE - WEST BENGAL,Manufacture of motor vehicles,1214,1191,23,172,169,3,1042,1022,20,45,45,0,18,18,0,27,27,0,1259,51.78260869565217,22.65423406060606,82.20022463636361
35796,STATE - WEST BENGAL,Manufacture of bodies (coachwork) for motor vehicles; manufacture of,1395,1368,27,447,440,7,948,928,20,76,70,6,44,42,2,32,28,4,1471,50.66666666666666,22.65423406060606,82.20022463636361
35797,STATE - WEST BENGAL,Manufacture of bodies (coachwork) for motor vehicles; manufacture of trailers and semi-trailers,1395,1368,27,447,440,7,948,928,20,76,70,6,44,42,2,32,28,4,1471,50.66666666666666,22.65423406060606,82.20022463636361
35798,STATE - WEST BENGAL,Manufacture of parts and accessories for motor vehicles,990,946,44,284,268,16,706,678,28,70,64,6,26,23,3,44,41,3,1060,21.5,22.65423406060606,82.20022463636361
35799,STATE - WEST BENGAL,Manufacture of parts and accessories for motor vehicles,990,946,44,284,268,16,706,678,28,70,64,6,26,23,3,44,41,3,1060,21.5,22.65423406060606,82.20022463636361
35800,STATE - WEST BENGAL,Manufacture of other transport equipment,65497,63509,1988,34354,33438,916,31143,30071,1072,10293,9155,1138,6963,6144,819,3330,3011,319,75790,31.946177062374247,22.65423406060606,82.20022463636361
35801,STATE - WEST BENGAL,Building of ships and boats,46793,45529,1264,26745,26068,677,20048,19461,587,6783,6056,727,4931,4374,557,1852,1682,170,53576,36.01977848101266,22.65423406060606,82.20022463636361
35802,STATE - WEST BENGAL,Building of ships and floating structures,46775,45511,1264,26739,26062,677,20036,19449,587,6783,6056,727,4931,4374,557,1852,1682,170,53558,36.00553797468354,22.65423406060606,82.20022463636361
35803,STATE - WEST BENGAL,Building of pleasure and sporting boats,18,18,0,6,6,0,12,12,0,0,0,0,0,0,0,0,0,0,18,18,22.65423406060606,82.20022463636361
35804,STATE - WEST BENGAL,Manufacture of railway locomotives and rolling stock,6030,5753,277,889,854,35,5141,4899,242,470,372,98,276,217,59,194,155,39,6500,20.768953068592054,22.65423406060606,82.20022463636361
35805,STATE - WEST BENGAL,Manufacture of railway locomotives and rolling stock,6030,5753,277,889,854,35,5141,4899,242,470,372,98,276,217,59,194,155,39,6500,20.768953068592054,22.65423406060606,82.20022463636361
35806,STATE - WEST BENGAL,Manufacture of air and spacecraft and related machinery,116,105,11,51,45,6,65,60,5,32,32,0,21,21,0,11,11,0,148,9.545454545454543,22.65423406060606,82.20022463636361
35807,STATE - WEST BENGAL,Manufacture of air and spacecraft and related machinery,116,105,11,51,45,6,65,60,5,32,32,0,21,21,0,11,11,0,148,9.545454545454543,22.65423406060606,82.20022463636361
35808,STATE - WEST BENGAL,Manufacture of military fighting vehicles,510,465,45,94,71,23,416,394,22,34,20,14,11,5,6,23,15,8,544,10.333333333333334,22.65423406060606,82.20022463636361
35809,STATE - WEST BENGAL,Manufacture of weapons and ammunition,510,465,45,94,71,23,416,394,22,34,20,14,11,5,6,23,15,8,544,10.333333333333334,22.65423406060606,82.20022463636361
35810,STATE - WEST BENGAL,Manufacture of transport equipment n.e.c.,12048,11657,391,6575,6400,175,5473,5257,216,2974,2675,299,1724,1527,197,1250,1148,102,15022,29.81329923273657,22.65423406060606,82.20022463636361
35811,STATE - WEST BENGAL,Manufacture of motorcycles,211,205,6,69,66,3,142,139,3,12,10,2,8,8,0,4,2,2,223,34.166666666666664,22.65423406060606,82.20022463636361
35812,STATE - WEST BENGAL,Manufacture of bicycles and invalid carriages,490,462,28,189,181,8,301,281,20,77,57,20,38,23,15,39,34,5,567,16.5,22.65423406060606,82.20022463636361
35813,STATE - WEST BENGAL,Manufacture of other transport equipment n.e.c.,11347,10990,357,6317,6153,164,5030,4837,193,2885,2608,277,1678,1496,182,1207,1112,95,14232,30.7843137254902,22.65423406060606,82.20022463636361
35814,STATE - WEST BENGAL,Manufacture of imitation jewellery and related articles,9941,8682,1259,6573,5824,749,3368,2858,510,1977,1005,972,1398,737,661,579,268,311,11918,6.895949166004765,22.65423406060606,82.20022463636361
35815,STATE - WEST BENGAL,Manufacture of musical instruments,2313,2241,72,1383,1336,47,930,905,25,372,338,34,275,247,28,97,91,6,2685,31.125,22.65423406060606,82.20022463636361
35816,STATE - WEST BENGAL,Manufacture of musical instruments,2313,2241,72,1383,1336,47,930,905,25,372,338,34,275,247,28,97,91,6,2685,31.125,22.65423406060606,82.20022463636361
35817,STATE - WEST BENGAL,Manufacture of sports goods,387,339,48,82,74,8,305,265,40,60,32,28,25,18,7,35,14,21,447,7.0625,22.65423406060606,82.20022463636361
35818,STATE - WEST BENGAL,Manufacture of sports goods,387,339,48,82,74,8,305,265,40,60,32,28,25,18,7,35,14,21,447,7.0625,22.65423406060606,82.20022463636361
35819,STATE - WEST BENGAL,Manufacture of games and toys,2893,2065,828,1019,844,175,1874,1221,653,875,352,523,436,210,226,439,142,297,3768,2.493961352657005,22.65423406060606,82.20022463636361
35820,STATE - WEST BENGAL,Manufacture of games and toys,2893,2065,828,1019,844,175,1874,1221,653,875,352,523,436,210,226,439,142,297,3768,2.493961352657005,22.65423406060606,82.20022463636361
35821,STATE - WEST BENGAL,Manufacture of medical and dental instruments and supplies,685,658,27,233,229,4,452,429,23,92,81,11,66,58,8,26,23,3,777,24.37037037037037,22.65423406060606,82.20022463636361
35822,STATE - WEST BENGAL,Manufacture of medical and dental instruments and supplies,685,658,27,233,229,4,452,429,23,92,81,11,66,58,8,26,23,3,777,24.37037037037037,22.65423406060606,82.20022463636361
35823,STATE - WEST BENGAL,Other manufacturing n.e.c.,66332,59085,7247,21381,18136,3245,44951,40949,4002,17724,8499,9225,11721,4605,7116,6003,3894,2109,84056,8.153028839519802,22.65423406060606,82.20022463636361
35824,STATE - WEST BENGAL,Other manufacturing n.e.c.,66332,59085,7247,21381,18136,3245,44951,40949,4002,17724,8499,9225,11721,4605,7116,6003,3894,2109,84056,8.153028839519802,22.65423406060606,82.20022463636361
35825,STATE - WEST BENGAL,Repair and installation of machinery and equipment,41969,41280,689,17522,17338,184,24447,23942,505,6129,5902,227,3537,3425,112,2592,2477,115,48098,59.91291727140784,22.65423406060606,82.20022463636361
35826,STATE - WEST BENGAL,"Repair of fabricated metal products, machinery and equipment",37791,37186,605,16096,15923,173,21695,21263,432,5636,5427,209,3258,3152,106,2378,2275,103,43427,61.46446280991736,22.65423406060606,82.20022463636361
35827,STATE - WEST BENGAL,Repair of fabricated metal products,3653,3608,45,1608,1598,10,2045,2010,35,527,511,16,371,357,14,156,154,2,4180,80.17777777777778,22.65423406060606,82.20022463636361
35828,STATE - WEST BENGAL,Repair of machinery,4456,4409,47,2503,2485,18,1953,1924,29,696,648,48,486,460,26,210,188,22,5152,93.80851063829788,22.65423406060606,82.20022463636361
35829,STATE - WEST BENGAL,Repair of electronic and optical equipment,4328,4236,92,1545,1525,20,2783,2711,72,508,494,14,266,260,6,242,234,8,4836,46.04347826086956,22.65423406060606,82.20022463636361
35830,STATE - WEST BENGAL,Repair of electrical equipment,19582,19274,308,7947,7857,90,11635,11417,218,3196,3096,100,1680,1638,42,1516,1458,58,22778,62.57792207792208,22.65423406060606,82.20022463636361
35831,STATE - WEST BENGAL,"Repair of transport equipment, except motor vehicles",2956,2901,55,1381,1359,22,1575,1542,33,301,292,9,212,203,9,89,89,0,3257,52.74545454545454,22.65423406060606,82.20022463636361
35832,STATE - WEST BENGAL,Repair of other equipment,2816,2758,58,1112,1099,13,1704,1659,45,408,386,22,243,234,9,165,152,13,3224,47.55172413793103,22.65423406060606,82.20022463636361
35833,STATE - WEST BENGAL,Installation of industrial machinery and equipment,4178,4094,84,1426,1415,11,2752,2679,73,493,475,18,279,273,6,214,202,12,4671,48.73809523809524,22.65423406060606,82.20022463636361
35834,STATE - WEST BENGAL,Installation of industrial machinery and equipment,4178,4094,84,1426,1415,11,2752,2679,73,493,475,18,279,273,6,214,202,12,4671,48.73809523809524,22.65423406060606,82.20022463636361
35835,STATE - WEST BENGAL,"Electricity, gas, steam and air conditioning supply",59512,56427,3085,22234,21331,903,37278,35096,2182,4666,4338,328,2846,2621,225,1820,1717,103,64178,18.290761750405185,22.65423406060606,82.20022463636361
35836,STATE - WEST BENGAL,"Electric power generation, transmission and distribution",56199,53287,2912,21117,20273,844,35082,33014,2068,4406,4078,328,2736,2511,225,1670,1567,103,60605,18.299107142857142,22.65423406060606,82.20022463636361
35837,STATE - WEST BENGAL,"Electric power generation, transmission and distribution",56199,53287,2912,21117,20273,844,35082,33014,2068,4406,4078,328,2736,2511,225,1670,1567,103,60605,18.299107142857142,22.65423406060606,82.20022463636361
35838,STATE - WEST BENGAL,Manufacture of gas; distribution of gaseous fuels through mains,2475,2378,97,752,719,33,1723,1659,64,195,195,0,69,69,0,126,126,0,2670,24.51546391752577,22.65423406060606,82.20022463636361
35839,STATE - WEST BENGAL,Manufacture of gas; distribution of gaseous fuels through mains,2475,2378,97,752,719,33,1723,1659,64,195,195,0,69,69,0,126,126,0,2670,24.51546391752577,22.65423406060606,82.20022463636361
35840,STATE - WEST BENGAL,Steam and air conditioning supply,838,762,76,365,339,26,473,423,50,65,65,0,41,41,0,24,24,0,903,10.026315789473683,22.65423406060606,82.20022463636361
35841,STATE - WEST BENGAL,Steam and air conditioning supply,838,762,76,365,339,26,473,423,50,65,65,0,41,41,0,24,24,0,903,10.026315789473683,22.65423406060606,82.20022463636361
35842,STATE - WEST BENGAL,"Water collection, treatment and supply",7263,6896,367,2963,2838,125,4300,4058,242,481,428,53,256,220,36,225,208,17,7744,18.79019073569482,22.65423406060606,82.20022463636361
35843,STATE - WEST BENGAL,"Water collection, treatment and supply",7263,6896,367,2963,2838,125,4300,4058,242,481,428,53,256,220,36,225,208,17,7744,18.79019073569482,22.65423406060606,82.20022463636361
35844,STATE - WEST BENGAL,"Water collection, treatment and supply",7263,6896,367,2963,2838,125,4300,4058,242,481,428,53,256,220,36,225,208,17,7744,18.79019073569482,22.65423406060606,82.20022463636361
35845,STATE - WEST BENGAL,Sewerage,829,664,165,161,132,29,668,532,136,172,117,55,57,36,21,115,81,34,1001,4.024242424242424,22.65423406060606,82.20022463636361
35846,STATE - WEST BENGAL,Sewerage,829,664,165,161,132,29,668,532,136,172,117,55,57,36,21,115,81,34,1001,4.024242424242424,22.65423406060606,82.20022463636361
35847,STATE - WEST BENGAL,Sewerage,829,664,165,161,132,29,668,532,136,172,117,55,57,36,21,115,81,34,1001,4.024242424242424,22.65423406060606,82.20022463636361
35848,STATE - WEST BENGAL,"Waste collection, treatment and disposal activities; materials recovery",13305,10811,2494,4454,3916,538,8851,6895,1956,3798,2557,1241,1944,1388,556,1854,1169,685,17103,4.334803528468324,22.65423406060606,82.20022463636361
35849,STATE - WEST BENGAL,Waste collection,12595,10218,2377,4345,3815,530,8250,6403,1847,3653,2457,1196,1910,1368,542,1743,1089,654,16248,4.298695835086243,22.65423406060606,82.20022463636361
35850,STATE - WEST BENGAL,Collection of non-hazardous waste,3673,2975,698,1402,1216,186,2271,1759,512,1305,881,424,697,489,208,608,392,216,4978,4.262177650429799,22.65423406060606,82.20022463636361
35851,STATE - WEST BENGAL,Collection of hazardous waste,8922,7243,1679,2943,2599,344,5979,4644,1335,2348,1576,772,1213,879,334,1135,697,438,11270,4.3138773079213815,22.65423406060606,82.20022463636361
35852,STATE - WEST BENGAL,Waste treatment and disposal,696,579,117,101,93,8,595,486,109,136,100,36,25,20,5,111,80,31,832,4.948717948717949,22.65423406060606,82.20022463636361
35853,STATE - WEST BENGAL,Treatment and disposal of non-hazardous waste,51,39,12,15,15,0,36,24,12,8,5,3,2,2,0,6,3,3,59,3.25,22.65423406060606,82.20022463636361
35854,STATE - WEST BENGAL,Treatment and disposal of hazardous waste,645,540,105,86,78,8,559,462,97,128,95,33,23,18,5,105,77,28,773,5.142857142857143,22.65423406060606,82.20022463636361
35855,STATE - WEST BENGAL,Materials recovery,14,14,0,8,8,0,6,6,0,9,0,9,9,0,9,0,0,0,23,14,22.65423406060606,82.20022463636361
35856,STATE - WEST BENGAL,Materials recovery,14,14,0,8,8,0,6,6,0,9,0,9,9,0,9,0,0,0,23,14,22.65423406060606,82.20022463636361
35857,STATE - WEST BENGAL,Remediation activities and other waste management services,359,329,30,105,99,6,254,230,24,62,47,15,18,12,6,44,35,9,421,10.966666666666669,22.65423406060606,82.20022463636361
35858,STATE - WEST BENGAL,Remediation activities and other waste management services,359,329,30,105,99,6,254,230,24,62,47,15,18,12,6,44,35,9,421,10.966666666666669,22.65423406060606,82.20022463636361
35859,STATE - WEST BENGAL,Remediation activities and other waste management services,359,329,30,105,99,6,254,230,24,62,47,15,18,12,6,44,35,9,421,10.966666666666669,22.65423406060606,82.20022463636361
35860,STATE - WEST BENGAL,Construction of utility projects,20255,19708,547,9401,9181,220,10854,10527,327,4297,3836,461,2677,2295,382,1620,1541,79,24552,36.0292504570384,22.65423406060606,82.20022463636361
35861,STATE - WEST BENGAL,Construction of utility projects,20255,19708,547,9401,9181,220,10854,10527,327,4297,3836,461,2677,2295,382,1620,1541,79,24552,36.0292504570384,22.65423406060606,82.20022463636361
35862,STATE - WEST BENGAL,Construction of other civil engineering projects,16166,14946,1220,5074,4642,432,11092,10304,788,5479,4380,1099,2693,1910,783,2786,2470,316,21645,12.250819672131149,22.65423406060606,82.20022463636361
35863,STATE - WEST BENGAL,Construction of other civil engineering projects,16166,14946,1220,5074,4642,432,11092,10304,788,5479,4380,1099,2693,1910,783,2786,2470,316,21645,12.250819672131149,22.65423406060606,82.20022463636361
35864,STATE - WEST BENGAL,Demolition,923,872,51,662,640,22,261,232,29,475,442,33,433,404,29,42,38,4,1398,17.098039215686274,22.65423406060606,82.20022463636361
35865,STATE - WEST BENGAL,Electrical installation,44844,43951,893,14801,14561,240,30043,29390,653,6834,6626,208,3423,3328,95,3411,3298,113,51678,49.21724524076148,22.65423406060606,82.20022463636361
35866,STATE - WEST BENGAL,"Plumbing, heat and air-conditioning installation",21804,21478,326,9985,9892,93,11819,11586,233,3648,3555,93,2312,2277,35,1336,1278,58,25452,65.88343558282209,22.65423406060606,82.20022463636361
35867,STATE - WEST BENGAL,Other specialized construction activities,2213,2014,199,1017,924,93,1196,1090,106,540,433,107,316,249,67,224,184,40,2753,10.120603015075377,22.65423406060606,82.20022463636361
35868,STATE - WEST BENGAL,Other specialized construction activities,2213,2014,199,1017,924,93,1196,1090,106,540,433,107,316,249,67,224,184,40,2753,10.120603015075377,22.65423406060606,82.20022463636361
35869,STATE - WEST BENGAL,Sale of motor vehicles,5780,5540,240,1159,1130,29,4621,4410,211,312,290,22,117,114,3,195,176,19,6092,23.08333333333333,22.65423406060606,82.20022463636361
35870,STATE - WEST BENGAL,Sale of motor vehicles,5780,5540,240,1159,1130,29,4621,4410,211,312,290,22,117,114,3,195,176,19,6092,23.08333333333333,22.65423406060606,82.20022463636361
35871,STATE - WEST BENGAL,Maintenance and repair of motor vehicles,79905,78522,1383,27946,27644,302,51959,50878,1081,8800,8451,349,4006,3836,170,4794,4615,179,88705,56.7765726681128,22.65423406060606,82.20022463636361
35872,STATE - WEST BENGAL,Maintenance and repair of motor vehicles,79905,78522,1383,27946,27644,302,51959,50878,1081,8800,8451,349,4006,3836,170,4794,4615,179,88705,56.7765726681128,22.65423406060606,82.20022463636361
35873,STATE - WEST BENGAL,Sale of motor vehicle parts and accessories,14022,13627,395,2036,2000,36,11986,11627,359,736,714,22,196,193,3,540,521,19,14758,34.49873417721519,22.65423406060606,82.20022463636361
35874,STATE - WEST BENGAL,Sale of motor vehicle parts and accessories,14022,13627,395,2036,2000,36,11986,11627,359,736,714,22,196,193,3,540,521,19,14758,34.49873417721519,22.65423406060606,82.20022463636361
35875,STATE - WEST BENGAL,"Sale, maintenance and repair of motorcycles and related parts and",14758,14460,298,5879,5781,98,8879,8679,200,1593,1554,39,853,843,10,740,711,29,16351,48.52348993288591,22.65423406060606,82.20022463636361
35876,STATE - WEST BENGAL,"Sale, maintenance and repair of motorcycles and related parts and",14758,14460,298,5879,5781,98,8879,8679,200,1593,1554,39,853,843,10,740,711,29,16351,48.52348993288591,22.65423406060606,82.20022463636361
35877,STATE - WEST BENGAL,Wholesale on a fee or contract basis,13969,12581,1388,5630,5112,518,8339,7469,870,2030,1330,700,1324,794,530,706,536,170,15999,9.064121037463975,22.65423406060606,82.20022463636361
35878,STATE - WEST BENGAL,Wholesale on a fee or contract basis,13969,12581,1388,5630,5112,518,8339,7469,870,2030,1330,700,1324,794,530,706,536,170,15999,9.064121037463975,22.65423406060606,82.20022463636361
35879,STATE - WEST BENGAL,Wholesale of agricultural raw materials and live animals,60993,58838,2155,39388,38056,1332,21605,20782,823,7096,5963,1133,5742,4722,1020,1354,1241,113,68089,27.303016241299304,22.65423406060606,82.20022463636361
35880,STATE - WEST BENGAL,Wholesale of agricultural raw materials and live animals,60993,58838,2155,39388,38056,1332,21605,20782,823,7096,5963,1133,5742,4722,1020,1354,1241,113,68089,27.303016241299304,22.65423406060606,82.20022463636361
35881,STATE - WEST BENGAL,"Wholesale of food, beverages and tobacco",52569,49942,2627,25222,24022,1200,27347,25920,1427,4717,3582,1135,3023,2165,858,1694,1417,277,57286,19.011039208222307,22.65423406060606,82.20022463636361
35882,STATE - WEST BENGAL,"Wholesale of food, beverages and tobacco",52569,49942,2627,25222,24022,1200,27347,25920,1427,4717,3582,1135,3023,2165,858,1694,1417,277,57286,19.011039208222307,22.65423406060606,82.20022463636361
35883,STATE - WEST BENGAL,Wholesale of household goods,22833,21921,912,6074,5927,147,16759,15994,765,1255,1160,95,549,518,31,706,642,64,24088,24.036184210526315,22.65423406060606,82.20022463636361
35884,STATE - WEST BENGAL,"Wholesale of textiles, clothing and footwear",5780,5467,313,1167,1115,52,4613,4352,261,369,329,40,128,120,8,241,209,32,6149,17.466453674121407,22.65423406060606,82.20022463636361
35885,STATE - WEST BENGAL,Wholesale of other household goods,17053,16454,599,4907,4812,95,12146,11642,504,886,831,55,421,398,23,465,433,32,17939,27.46911519198665,22.65423406060606,82.20022463636361
35886,STATE - WEST BENGAL,"Wholesale of machinery, equipment and supplies",11507,11166,341,4067,4015,52,7440,7151,289,816,780,36,474,447,27,342,333,9,12323,32.74486803519061,22.65423406060606,82.20022463636361
35887,STATE - WEST BENGAL,"Wholesale of computers, computer peripheral equipment and software",215,207,8,24,24,0,191,183,8,25,25,0,6,6,0,19,19,0,240,25.875,22.65423406060606,82.20022463636361
35888,STATE - WEST BENGAL,Wholesale of electronic and telecommunications equipment and parts,4660,4531,129,1909,1886,23,2751,2645,106,372,367,5,231,226,5,141,141,0,5032,35.12403100775194,22.65423406060606,82.20022463636361
35889,STATE - WEST BENGAL,"Wholesale of agricultural machinery, equipment and supplies",1360,1321,39,554,541,13,806,780,26,108,96,12,62,50,12,46,46,0,1468,33.87179487179487,22.65423406060606,82.20022463636361
35890,STATE - WEST BENGAL,Wholesale of other machinery and equipment,5272,5107,165,1580,1564,16,3692,3543,149,311,292,19,175,165,10,136,127,9,5583,30.951515151515157,22.65423406060606,82.20022463636361
35891,STATE - WEST BENGAL,Other specialized wholesale,23554,22623,931,9074,8765,309,14480,13858,622,2880,2451,429,1835,1577,258,1045,874,171,26434,24.299677765843175,22.65423406060606,82.20022463636361
35892,STATE - WEST BENGAL,"Wholesale of solid, liquid and gaseous fuels and related products",1000,930,70,290,271,19,710,659,51,97,82,15,38,32,6,59,50,9,1097,13.285714285714286,22.65423406060606,82.20022463636361
35893,STATE - WEST BENGAL,Wholesale of metals and metal ores,168,160,8,64,64,0,104,96,8,9,9,0,0,0,0,9,9,0,177,20,22.65423406060606,82.20022463636361
35894,STATE - WEST BENGAL,"Wholesale of construction materials, hardware, plumbing and heating",9843,9613,230,3436,3374,62,6407,6239,168,797,748,49,429,409,20,368,339,29,10640,41.79565217391304,22.65423406060606,82.20022463636361
35895,STATE - WEST BENGAL,Wholesale of waste and scrap and other products n.e.c.,12543,11920,623,5284,5056,228,7259,6864,395,1977,1612,365,1368,1136,232,609,476,133,14520,19.13322632423756,22.65423406060606,82.20022463636361
35896,STATE - WEST BENGAL,Non-specialized wholesale trade,45604,43840,1764,16570,15944,626,29034,27896,1138,4204,3671,533,2566,2259,307,1638,1412,226,49808,24.85260770975057,22.65423406060606,82.20022463636361
35897,STATE - WEST BENGAL,Non-specialized wholesale trade,45604,43840,1764,16570,15944,626,29034,27896,1138,4204,3671,533,2566,2259,307,1638,1412,226,49808,24.85260770975057,22.65423406060606,82.20022463636361
35898,STATE - WEST BENGAL,"Retail sale in non-specialized stores with food, beverages or tobacco",56797,53578,3219,20532,19453,1079,36265,34125,2140,5021,4303,718,2491,2092,399,2530,2211,319,61818,16.644299471885677,22.65423406060606,82.20022463636361
35899,STATE - WEST BENGAL,Retail sale of beverages in specialized stores,9120,8544,576,3085,2857,228,6035,5687,348,983,852,131,465,405,60,518,447,71,10103,14.833333333333334,22.65423406060606,82.20022463636361
35900,STATE - WEST BENGAL,Retail sale of tobacco products in specialized stores,11901,11288,613,3817,3621,196,8084,7667,417,923,793,130,432,353,79,491,440,51,12824,18.41435562805873,22.65423406060606,82.20022463636361
35901,STATE - WEST BENGAL,Retail sale of automotive fuel in specialized stores,9122,8811,311,3420,3323,97,5702,5488,214,609,577,32,320,302,18,289,275,14,9731,28.33118971061093,22.65423406060606,82.20022463636361
35902,STATE - WEST BENGAL,Retail sale of automotive fuel in specialized stores,9122,8811,311,3420,3323,97,5702,5488,214,609,577,32,320,302,18,289,275,14,9731,28.33118971061093,22.65423406060606,82.20022463636361
35903,STATE - WEST BENGAL,Retail sale of information and communications equipment in specialized,31891,30626,1265,8734,8536,198,23157,22090,1067,3011,2819,192,1272,1217,55,1739,1602,137,34902,24.210276679841897,22.65423406060606,82.20022463636361
35904,STATE - WEST BENGAL,"Retail sale of computers, peripheral units, software and",25408,24344,1064,7075,6915,160,18333,17429,904,2449,2301,148,1075,1039,36,1374,1262,112,27857,22.8796992481203,22.65423406060606,82.20022463636361
35905,STATE - WEST BENGAL,Retail sale of audio and video equipment in specialized stores,6483,6282,201,1659,1621,38,4824,4661,163,562,518,44,197,178,19,365,340,25,7045,31.253731343283583,22.65423406060606,82.20022463636361
35906,STATE - WEST BENGAL,Retail sale of textiles in specialized stores,11465,10737,728,2115,2037,78,9350,8700,650,724,589,135,215,191,24,509,398,111,12189,14.748626373626374,22.65423406060606,82.20022463636361
35907,STATE - WEST BENGAL,"Retail sale of carpets, rugs, wall and floor coverings in specialized",2285,2171,114,766,746,20,1519,1425,94,256,243,13,146,141,5,110,102,8,2541,19.04385964912281,22.65423406060606,82.20022463636361
35908,STATE - WEST BENGAL,"Retail sale of electrical household appliances, furniture, lighting",59067,57120,1947,17214,16816,398,41853,40304,1549,3669,3358,311,1554,1428,126,2115,1930,185,62736,29.337442218798152,22.65423406060606,82.20022463636361
35909,STATE - WEST BENGAL,Retail sale of cultural and recreation goods in specialized stores,69718,66846,2872,23477,22661,816,46241,44185,2056,5545,5041,504,2824,2558,266,2721,2483,238,75263,23.275069637883007,22.65423406060606,82.20022463636361
35910,STATE - WEST BENGAL,"Retail sale of books, newspapers and stationary in specialized stores",64587,61996,2591,22416,21645,771,42171,40351,1820,4986,4547,439,2593,2364,229,2393,2183,210,69573,23.92744114241605,22.65423406060606,82.20022463636361
35911,STATE - WEST BENGAL,Retail sale of music and video recordings in specialized stores,1463,1399,64,387,380,7,1076,1019,57,151,139,12,68,61,7,83,78,5,1614,21.859375,22.65423406060606,82.20022463636361
35912,STATE - WEST BENGAL,Retail sale of sporting equipment in specialized stores,793,762,31,177,170,7,616,592,24,62,52,10,28,24,4,34,28,6,855,24.580645161290324,22.65423406060606,82.20022463636361
35913,STATE - WEST BENGAL,Retail sale of games and toys in specialized stores,2875,2689,186,497,466,31,2378,2223,155,346,303,43,135,109,26,211,194,17,3221,14.456989247311828,22.65423406060606,82.20022463636361
35914,STATE - WEST BENGAL,"Retail sale of pharmaceutical and medical goods, cosmetic and toilet",87470,83726,3744,29813,28997,816,57657,54729,2928,5687,5177,510,2592,2430,162,3095,2747,348,93157,22.36271367521368,22.65423406060606,82.20022463636361
35915,STATE - WEST BENGAL,Retail sale of second-hand goods,2269,2127,142,556,504,52,1713,1623,90,331,266,65,85,70,15,246,196,50,2600,14.97887323943662,22.65423406060606,82.20022463636361
35916,STATE - WEST BENGAL,"Retail sale via stalls and markets of food, beverages and tobacco",4688,4357,331,1887,1731,156,2801,2626,175,428,372,56,246,208,38,182,164,18,5116,13.163141993957703,22.65423406060606,82.20022463636361
35917,STATE - WEST BENGAL,Retail sale via mail order houses or via Internet,6650,6345,305,2410,2309,101,4240,4036,204,900,820,80,424,393,31,476,427,49,7550,20.80327868852459,22.65423406060606,82.20022463636361
35918,STATE - WEST BENGAL,Passenger rail transport,84864,78378,6486,17398,16474,924,67466,61904,5562,2338,2054,284,603,554,49,1735,1500,235,87202,12.08418131359852,22.65423406060606,82.20022463636361
35919,STATE - WEST BENGAL,Freight rail transport,56488,51998,4490,11206,10632,574,45282,41366,3916,1588,1374,214,508,471,37,1080,903,177,58076,11.580846325167036,22.65423406060606,82.20022463636361
35920,STATE - WEST BENGAL,Urban or suburban passenger land transport,75690,74272,1418,25344,25060,284,50346,49212,1134,7592,7451,141,3749,3703,46,3843,3748,95,83282,52.37799717912553,22.65423406060606,82.20022463636361
35921,STATE - WEST BENGAL,Transport via pipeline,636,595,41,161,158,3,475,437,38,69,66,3,35,32,3,34,34,0,705,14.51219512195122,22.65423406060606,82.20022463636361
35922,STATE - WEST BENGAL,Transport via pipeline,636,595,41,161,158,3,475,437,38,69,66,3,35,32,3,34,34,0,705,14.51219512195122,22.65423406060606,82.20022463636361
35923,STATE - WEST BENGAL,Water transport,15698,15238,460,5299,5190,109,10399,10048,351,1371,1302,69,860,815,45,511,487,24,17069,33.12608695652174,22.65423406060606,82.20022463636361
35924,STATE - WEST BENGAL,Sea and coastal water transport,1632,1582,50,650,625,25,982,957,25,229,203,26,155,138,17,74,65,9,1861,31.64,22.65423406060606,82.20022463636361
35925,STATE - WEST BENGAL,Sea and coastal passenger water transport,1497,1449,48,597,572,25,900,877,23,218,195,23,152,138,14,66,57,9,1715,30.1875,22.65423406060606,82.20022463636361
35926,STATE - WEST BENGAL,Sea and coastal freight water transport,135,133,2,53,53,0,82,80,2,11,8,3,3,0,3,8,8,0,146,66.5,22.65423406060606,82.20022463636361
35927,STATE - WEST BENGAL,Inland water transport,14066,13656,410,4649,4565,84,9417,9091,326,1142,1099,43,705,677,28,437,422,15,15208,33.30731707317073,22.65423406060606,82.20022463636361
35928,STATE - WEST BENGAL,Inland passenger water transport,12021,11668,353,4095,4019,76,7926,7649,277,987,949,38,629,603,26,358,346,12,13008,33.053824362606235,22.65423406060606,82.20022463636361
35929,STATE - WEST BENGAL,Inland freight water transport,2045,1988,57,554,546,8,1491,1442,49,155,150,5,76,74,2,79,76,3,2200,34.87719298245614,22.65423406060606,82.20022463636361
35930,STATE - WEST BENGAL,Air transport,10405,9404,1001,3104,2986,118,7301,6418,883,1364,1227,137,928,835,93,436,392,44,11769,9.394605394605394,22.65423406060606,82.20022463636361
35931,STATE - WEST BENGAL,Passenger air transport,2524,2246,278,382,374,8,2142,1872,270,133,115,18,55,55,0,78,60,18,2657,8.079136690647482,22.65423406060606,82.20022463636361
35932,STATE - WEST BENGAL,Passenger air transport,2524,2246,278,382,374,8,2142,1872,270,133,115,18,55,55,0,78,60,18,2657,8.079136690647482,22.65423406060606,82.20022463636361
35933,STATE - WEST BENGAL,Freight air transport,7881,7158,723,2722,2612,110,5159,4546,613,1231,1112,119,873,780,93,358,332,26,9112,9.900414937759336,22.65423406060606,82.20022463636361
35934,STATE - WEST BENGAL,Freight air transport,7881,7158,723,2722,2612,110,5159,4546,613,1231,1112,119,873,780,93,358,332,26,9112,9.900414937759336,22.65423406060606,82.20022463636361
35935,STATE - WEST BENGAL,Support activities for transportation,35213,34021,1192,13484,13121,363,21729,20900,829,5196,4824,372,3237,2977,260,1959,1847,112,40409,28.541107382550337,22.65423406060606,82.20022463636361
35936,STATE - WEST BENGAL,Service activities incidental to land transportation,29158,28266,892,11306,11017,289,17852,17249,603,4264,3959,305,2741,2514,227,1523,1445,78,33422,31.68834080717489,22.65423406060606,82.20022463636361
35937,STATE - WEST BENGAL,Service activities incidental to water transportation,227,207,20,85,78,7,142,129,13,26,26,0,8,8,0,18,18,0,253,10.35,22.65423406060606,82.20022463636361
35938,STATE - WEST BENGAL,Service activities incidental to air transportation,404,384,20,199,192,7,205,192,13,23,12,11,11,9,2,12,3,9,427,19.2,22.65423406060606,82.20022463636361
35939,STATE - WEST BENGAL,Cargo handling,544,534,10,324,317,7,220,217,3,71,69,2,37,37,0,34,32,2,615,53.4,22.65423406060606,82.20022463636361
35940,STATE - WEST BENGAL,Other transportation support activities,4880,4630,250,1570,1517,53,3310,3113,197,812,758,54,440,409,31,372,349,23,5692,18.52,22.65423406060606,82.20022463636361
35941,STATE - WEST BENGAL,Postal and courier activities,34388,30011,4377,14540,13321,1219,19848,16690,3158,1159,914,245,405,321,84,754,593,161,35547,6.856522732465159,22.65423406060606,82.20022463636361
35942,STATE - WEST BENGAL,Postal activities,28003,23991,4012,13643,12456,1187,14360,11535,2825,780,579,201,337,255,82,443,324,119,28783,5.979810568295115,22.65423406060606,82.20022463636361
35943,STATE - WEST BENGAL,Postal activities,28003,23991,4012,13643,12456,1187,14360,11535,2825,780,579,201,337,255,82,443,324,119,28783,5.979810568295115,22.65423406060606,82.20022463636361
35944,STATE - WEST BENGAL,Courier activities,6385,6020,365,897,865,32,5488,5155,333,379,335,44,68,66,2,311,269,42,6764,16.493150684931507,22.65423406060606,82.20022463636361
35945,STATE - WEST BENGAL,Courier activities,6385,6020,365,897,865,32,5488,5155,333,379,335,44,68,66,2,311,269,42,6764,16.493150684931507,22.65423406060606,82.20022463636361
35946,STATE - WEST BENGAL,Accommodation,120648,106000,14648,46921,41664,5257,73727,64336,9391,15207,12358,2849,8851,7356,1495,6356,5002,1354,135855,7.236482796286182,22.65423406060606,82.20022463636361
35947,STATE - WEST BENGAL,Short term accommodation activities,70373,63828,6545,28183,26061,2122,42190,37767,4423,8855,7620,1235,5181,4585,596,3674,3035,639,79228,9.752177234530176,22.65423406060606,82.20022463636361
35948,STATE - WEST BENGAL,Short term accommodation activities,70373,63828,6545,28183,26061,2122,42190,37767,4423,8855,7620,1235,5181,4585,596,3674,3035,639,79228,9.752177234530176,22.65423406060606,82.20022463636361
35949,STATE - WEST BENGAL,"Camping grounds, recreational vehicle parks and trailer parks",241,205,36,75,61,14,166,144,22,27,19,8,12,6,6,15,13,2,268,5.694444444444445,22.65423406060606,82.20022463636361
35950,STATE - WEST BENGAL,"Camping grounds, recreational vehicle parks and trailer parks",241,205,36,75,61,14,166,144,22,27,19,8,12,6,6,15,13,2,268,5.694444444444445,22.65423406060606,82.20022463636361
35951,STATE - WEST BENGAL,Other accommodation,50034,41967,8067,18663,15542,3121,31371,26425,4946,6325,4719,1606,3658,2765,893,2667,1954,713,56359,5.202305689847527,22.65423406060606,82.20022463636361
35952,STATE - WEST BENGAL,Other accommodation,50034,41967,8067,18663,15542,3121,31371,26425,4946,6325,4719,1606,3658,2765,893,2667,1954,713,56359,5.202305689847527,22.65423406060606,82.20022463636361
35953,STATE - WEST BENGAL,Restaurants and mobile food service activities,36210,33005,3205,14124,12971,1153,22086,20034,2052,4666,3868,798,2788,2330,458,1878,1538,340,40876,10.297971918876756,22.65423406060606,82.20022463636361
35954,STATE - WEST BENGAL,Restaurants and mobile food service activities,36210,33005,3205,14124,12971,1153,22086,20034,2052,4666,3868,798,2788,2330,458,1878,1538,340,40876,10.297971918876756,22.65423406060606,82.20022463636361
35955,STATE - WEST BENGAL,Event catering and other food service activities,31706,25948,5758,9360,7607,1753,22346,18341,4005,6596,4913,1683,3004,2269,735,3592,2644,948,38302,4.506425842306356,22.65423406060606,82.20022463636361
35956,STATE - WEST BENGAL,Event catering,21993,17865,4128,6266,4953,1313,15727,12912,2815,5043,3756,1287,2174,1621,553,2869,2135,734,27036,4.327761627906977,22.65423406060606,82.20022463636361
35957,STATE - WEST BENGAL,Other food service activities,9713,8083,1630,3094,2654,440,6619,5429,1190,1553,1157,396,830,648,182,723,509,214,11266,4.958895705521472,22.65423406060606,82.20022463636361
35958,STATE - WEST BENGAL,Publishing activities,5926,5355,571,1166,1109,57,4760,4246,514,331,294,37,114,105,9,217,189,28,6257,9.378283712784588,22.65423406060606,82.20022463636361
35959,STATE - WEST BENGAL,"Publishing of books, periodicals and other publishing activities",5041,4580,461,1120,1065,55,3921,3515,406,302,270,32,114,105,9,188,165,23,5343,9.934924078091106,22.65423406060606,82.20022463636361
35960,STATE - WEST BENGAL,Book publishing,2307,2148,159,631,603,28,1676,1545,131,193,176,17,86,77,9,107,99,8,2500,13.50943396226415,22.65423406060606,82.20022463636361
35961,STATE - WEST BENGAL,Publishing of directories and mailing lists,78,70,8,8,8,0,70,62,8,3,3,0,0,0,0,3,3,0,81,8.75,22.65423406060606,82.20022463636361
35962,STATE - WEST BENGAL,"Publishing of newspapers, journals and periodicals",2094,1845,249,309,297,12,1785,1548,237,83,70,13,22,22,0,61,48,13,2177,7.409638554216867,22.65423406060606,82.20022463636361
35963,STATE - WEST BENGAL,Other publishing activities,562,517,45,172,157,15,390,360,30,23,21,2,6,6,0,17,15,2,585,11.488888888888887,22.65423406060606,82.20022463636361
35964,STATE - WEST BENGAL,Software publishing,885,775,110,46,44,2,839,731,108,29,24,5,0,0,0,29,24,5,914,7.045454545454546,22.65423406060606,82.20022463636361
35965,STATE - WEST BENGAL,Software publishing,885,775,110,46,44,2,839,731,108,29,24,5,0,0,0,29,24,5,914,7.045454545454546,22.65423406060606,82.20022463636361
35966,STATE - WEST BENGAL,"Motion picture, video and television programme production, sound recording",4672,4364,308,1038,1007,31,3634,3357,277,557,496,61,217,194,23,340,302,38,5229,14.168831168831169,22.65423406060606,82.20022463636361
35967,STATE - WEST BENGAL,"Motion picture, video and television programme activities",3970,3709,261,798,779,19,3172,2930,242,459,406,53,155,140,15,304,266,38,4429,14.21072796934866,22.65423406060606,82.20022463636361
35968,STATE - WEST BENGAL,"Motion picture, video and television programme production activities",1234,1137,97,268,259,9,966,878,88,206,173,33,80,67,13,126,106,20,1440,11.721649484536082,22.65423406060606,82.20022463636361
35969,STATE - WEST BENGAL,"Motion picture, video and television programme post-production",317,303,14,50,50,0,267,253,14,41,39,2,9,9,0,32,30,2,358,21.642857142857142,22.65423406060606,82.20022463636361
35970,STATE - WEST BENGAL,"Motion picture, video and television programme distribution activities",775,710,65,121,119,2,654,591,63,86,74,12,21,21,0,65,53,12,861,10.923076923076923,22.65423406060606,82.20022463636361
35971,STATE - WEST BENGAL,Motion picture projection activities,1644,1559,85,359,351,8,1285,1208,77,126,120,6,45,43,2,81,77,4,1770,18.341176470588238,22.65423406060606,82.20022463636361
35972,STATE - WEST BENGAL,Sound recording and music publishing activities,702,655,47,240,228,12,462,427,35,98,90,8,62,54,8,36,36,0,800,13.936170212765957,22.65423406060606,82.20022463636361
35973,STATE - WEST BENGAL,Sound recording and music publishing activitiesT,702,655,47,240,228,12,462,427,35,98,90,8,62,54,8,36,36,0,800,13.936170212765957,22.65423406060606,82.20022463636361
35974,STATE - WEST BENGAL,Broadcasting and programming activities,2450,2039,411,438,409,29,2012,1630,382,123,85,38,34,34,0,89,51,38,2573,4.961070559610706,22.65423406060606,82.20022463636361
35975,STATE - WEST BENGAL,Radio broadcasting,600,412,188,90,68,22,510,344,166,29,19,10,3,3,0,26,16,10,629,2.191489361702128,22.65423406060606,82.20022463636361
35976,STATE - WEST BENGAL,Radio broadcasting,600,412,188,90,68,22,510,344,166,29,19,10,3,3,0,26,16,10,629,2.191489361702128,22.65423406060606,82.20022463636361
35977,STATE - WEST BENGAL,Television programming and broadcasting activities,1850,1627,223,348,341,7,1502,1286,216,94,66,28,31,31,0,63,35,28,1944,7.295964125560538,22.65423406060606,82.20022463636361
35978,STATE - WEST BENGAL,Television programming and broadcasting activities,1850,1627,223,348,341,7,1502,1286,216,94,66,28,31,31,0,63,35,28,1944,7.295964125560538,22.65423406060606,82.20022463636361
35979,STATE - WEST BENGAL,Telecommunications,41844,38189,3655,10684,10262,422,31160,27927,3233,2986,2662,324,1174,1125,49,1812,1537,275,44830,10.4484268125855,22.65423406060606,82.20022463636361
35980,STATE - WEST BENGAL,Wired telecommunications activities,24152,22142,2010,6282,6078,204,17870,16064,1806,1959,1734,225,748,712,36,1211,1022,189,26111,11.01592039800995,22.65423406060606,82.20022463636361
35981,STATE - WEST BENGAL,Wired telecommunications activities,24152,22142,2010,6282,6078,204,17870,16064,1806,1959,1734,225,748,712,36,1211,1022,189,26111,11.01592039800995,22.65423406060606,82.20022463636361
35982,STATE - WEST BENGAL,Wireless telecommunications activities,7371,6677,694,1815,1728,87,5556,4949,607,416,373,43,175,167,8,241,206,35,7787,9.621037463976943,22.65423406060606,82.20022463636361
35983,STATE - WEST BENGAL,Wireless telecommunications activities,7371,6677,694,1815,1728,87,5556,4949,607,416,373,43,175,167,8,241,206,35,7787,9.621037463976943,22.65423406060606,82.20022463636361
35984,STATE - WEST BENGAL,Satellite telecommunications activities,1360,1273,87,449,422,27,911,851,60,70,70,0,47,47,0,23,23,0,1430,14.632183908045976,22.65423406060606,82.20022463636361
35985,STATE - WEST BENGAL,Satellite telecommunications activities,1360,1273,87,449,422,27,911,851,60,70,70,0,47,47,0,23,23,0,1430,14.632183908045976,22.65423406060606,82.20022463636361
35986,STATE - WEST BENGAL,Other telecommunications activities,8961,8097,864,2138,2034,104,6823,6063,760,541,485,56,204,199,5,337,286,51,9502,9.37152777777778,22.65423406060606,82.20022463636361
35987,STATE - WEST BENGAL,Other telecommunications activities,8961,8097,864,2138,2034,104,6823,6063,760,541,485,56,204,199,5,337,286,51,9502,9.37152777777778,22.65423406060606,82.20022463636361
35988,STATE - WEST BENGAL,"Computer programming, consultancy and related activities",33736,28145,5591,3578,3366,212,30158,24779,5379,1715,1407,308,364,353,11,1351,1054,297,35451,5.033983187265248,22.65423406060606,82.20022463636361
35989,STATE - WEST BENGAL,"Computer programming, consultancy and related activities",33736,28145,5591,3578,3366,212,30158,24779,5379,1715,1407,308,364,353,11,1351,1054,297,35451,5.033983187265248,22.65423406060606,82.20022463636361
35990,STATE - WEST BENGAL,Computer programming activities,849,728,121,106,103,3,743,625,118,77,71,6,26,26,0,51,45,6,926,6.016528925619835,22.65423406060606,82.20022463636361
35991,STATE - WEST BENGAL,Computer consultancy and computer facilities management activities,26656,22159,4497,2561,2422,139,24095,19737,4358,1324,1089,235,231,220,11,1093,869,224,27980,4.927507227040249,22.65423406060606,82.20022463636361
35992,STATE - WEST BENGAL,Other information technology and computer service activities,6231,5258,973,911,841,70,5320,4417,903,314,247,67,107,107,0,207,140,67,6545,5.4039054470709145,22.65423406060606,82.20022463636361
35993,STATE - WEST BENGAL,Information service activities,14328,12348,1980,2717,2580,137,11611,9768,1843,925,771,154,329,296,33,596,475,121,15253,6.236363636363636,22.65423406060606,82.20022463636361
35994,STATE - WEST BENGAL,"Data processing, hosting and related activities; web portals",1850,1567,283,416,387,29,1434,1180,254,208,170,38,88,74,14,120,96,24,2058,5.5371024734982335,22.65423406060606,82.20022463636361
35995,STATE - WEST BENGAL,"Data processing, hosting and related activities",1748,1486,262,385,356,29,1363,1130,233,193,161,32,85,71,14,108,90,18,1941,5.67175572519084,22.65423406060606,82.20022463636361
35996,STATE - WEST BENGAL,Web portals,102,81,21,31,31,0,71,50,21,15,9,6,3,3,0,12,6,6,117,3.857142857142857,22.65423406060606,82.20022463636361
35997,STATE - WEST BENGAL,Other information service activities,12478,10781,1697,2301,2193,108,10177,8588,1589,717,601,116,241,222,19,476,379,97,13195,6.352975839717148,22.65423406060606,82.20022463636361
35998,STATE - WEST BENGAL,News agency activities,529,408,121,66,60,6,463,348,115,12,9,3,3,0,3,9,9,0,541,3.371900826446281,22.65423406060606,82.20022463636361
35999,STATE - WEST BENGAL,Other information service activities n.e.c.,11949,10373,1576,2235,2133,102,9714,8240,1474,705,592,113,238,222,16,467,370,97,12654,6.581852791878172,22.65423406060606,82.20022463636361
36000,STATE - WEST BENGAL,"Financial service activities, except insurance and pension funding",88324,77951,10373,16239,14962,1277,72085,62989,9096,2687,2153,534,675,554,121,2012,1599,413,91011,7.514798033355827,22.65423406060606,82.20022463636361
36001,STATE - WEST BENGAL,Monetary intermediation,83259,73433,9826,14537,13370,1167,68722,60063,8659,2282,1824,458,479,400,79,1803,1424,379,85541,7.473336047221657,22.65423406060606,82.20022463636361
36002,STATE - WEST BENGAL,Central banking,18870,16499,2371,2335,2155,180,16535,14344,2191,538,426,112,58,53,5,480,373,107,19408,6.958667229017292,22.65423406060606,82.20022463636361
36003,STATE - WEST BENGAL,Other monetary intermediation,64389,56934,7455,12202,11215,987,52187,45719,6468,1744,1398,346,421,347,74,1323,1051,272,66133,7.637022132796781,22.65423406060606,82.20022463636361
36004,STATE - WEST BENGAL,Activities of holding companies,1899,1715,184,789,745,44,1110,970,140,175,157,18,100,87,13,75,70,5,2074,9.320652173913045,22.65423406060606,82.20022463636361
36005,STATE - WEST BENGAL,Activities of holding companies,1899,1715,184,789,745,44,1110,970,140,175,157,18,100,87,13,75,70,5,2074,9.320652173913045,22.65423406060606,82.20022463636361
36006,STATE - WEST BENGAL,"Trusts, funds and other financial vehicles",1127,1010,117,157,151,6,970,859,111,62,48,14,10,7,3,52,41,11,1189,8.632478632478632,22.65423406060606,82.20022463636361
36007,STATE - WEST BENGAL,"Trusts, funds and other financial vehicles",1127,1010,117,157,151,6,970,859,111,62,48,14,10,7,3,52,41,11,1189,8.632478632478632,22.65423406060606,82.20022463636361
36008,STATE - WEST BENGAL,"Other financial service activities, except insurance and pension funding",2039,1793,246,756,696,60,1283,1097,186,168,124,44,86,60,26,82,64,18,2207,7.288617886178862,22.65423406060606,82.20022463636361
36009,STATE - WEST BENGAL,Financial leasing,967,837,130,343,303,40,624,534,90,97,68,29,60,40,20,37,28,9,1064,6.438461538461539,22.65423406060606,82.20022463636361
36010,STATE - WEST BENGAL,Other credit granting,218,202,16,88,85,3,130,117,13,15,9,6,6,3,3,9,6,3,233,12.625,22.65423406060606,82.20022463636361
36011,STATE - WEST BENGAL,"Other financial service activities, except insurance and pension funding",854,754,100,325,308,17,529,446,83,56,47,9,20,17,3,36,30,6,910,7.54,22.65423406060606,82.20022463636361
36012,STATE - WEST BENGAL,"Insurance, reinsurance and pension funding, except compulsory social",57845,52226,5619,20369,19419,950,37476,32807,4669,4277,3614,663,2277,2088,189,2000,1526,474,62122,9.294536394376223,22.65423406060606,82.20022463636361
36013,STATE - WEST BENGAL,Insurance,57594,52007,5587,20316,19375,941,37278,32632,4646,4250,3600,650,2269,2083,186,1981,1517,464,61844,9.308573474136388,22.65423406060606,82.20022463636361
36014,STATE - WEST BENGAL,Life insurance,54153,48970,5183,19375,18499,876,34778,30471,4307,3908,3321,587,2122,1953,169,1786,1368,418,58061,9.448196025467876,22.65423406060606,82.20022463636361
36015,STATE - WEST BENGAL,Non-life insurance,3441,3037,404,941,876,65,2500,2161,339,342,279,63,147,130,17,195,149,46,3783,7.517326732673268,22.65423406060606,82.20022463636361
36016,STATE - WEST BENGAL,Reinsurance,219,196,23,32,32,0,187,164,23,22,12,10,6,3,3,16,9,7,241,8.521739130434783,22.65423406060606,82.20022463636361
36017,STATE - WEST BENGAL,Reinsurance,219,196,23,32,32,0,187,164,23,22,12,10,6,3,3,16,9,7,241,8.521739130434783,22.65423406060606,82.20022463636361
36018,STATE - WEST BENGAL,Pension funding,32,23,9,21,12,9,11,11,0,5,2,3,2,2,0,3,0,3,37,2.555555555555556,22.65423406060606,82.20022463636361
36019,STATE - WEST BENGAL,Pension funding,32,23,9,21,12,9,11,11,0,5,2,3,2,2,0,3,0,3,37,2.555555555555556,22.65423406060606,82.20022463636361
36020,STATE - WEST BENGAL,Other financial activities,57481,50955,6526,14295,13472,823,43186,37483,5703,3632,2876,756,1639,1445,194,1993,1431,562,61113,7.807998774134233,22.65423406060606,82.20022463636361
36021,STATE - WEST BENGAL,"Activities auxiliary to financial service activities, except insurance and",620,554,66,193,178,15,427,376,51,70,64,6,38,35,3,32,29,3,690,8.393939393939394,22.65423406060606,82.20022463636361
36022,STATE - WEST BENGAL,Administration of financial markets,323,288,35,108,95,13,215,193,22,41,35,6,30,27,3,11,8,3,364,8.228571428571428,22.65423406060606,82.20022463636361
36023,STATE - WEST BENGAL,Security and commodity contracts brokerage,153,147,6,44,42,2,109,105,4,14,14,0,2,2,0,12,12,0,167,24.5,22.65423406060606,82.20022463636361
36024,STATE - WEST BENGAL,Activities auxiliary to financial service activities n.e.c.,144,119,25,41,41,0,103,78,25,15,15,0,6,6,0,9,9,0,159,4.76,22.65423406060606,82.20022463636361
36025,STATE - WEST BENGAL,Activities auxiliary to insurance and pension funding,51848,45904,5944,12828,12112,716,39020,33792,5228,3175,2515,660,1451,1288,163,1724,1227,497,55023,7.722745625841184,22.65423406060606,82.20022463636361
36026,STATE - WEST BENGAL,Risk and damage evaluation,100,97,3,30,30,0,70,67,3,8,6,2,5,3,2,3,3,0,108,32.333333333333336,22.65423406060606,82.20022463636361
36027,STATE - WEST BENGAL,Activities of insurance agents and brokers,50188,44394,5794,12335,11650,685,37853,32744,5109,3032,2421,611,1388,1241,147,1644,1180,464,53220,7.662064204349327,22.65423406060606,82.20022463636361
36028,STATE - WEST BENGAL,Other activities auxiliary to insurance and pension funding,1560,1413,147,463,432,31,1097,981,116,135,88,47,58,44,14,77,44,33,1695,9.612244897959185,22.65423406060606,82.20022463636361
36029,STATE - WEST BENGAL,Fund management activities,5013,4497,516,1274,1182,92,3739,3315,424,387,297,90,150,122,28,237,175,62,5400,8.715116279069768,22.65423406060606,82.20022463636361
36030,STATE - WEST BENGAL,Fund management activities,5013,4497,516,1274,1182,92,3739,3315,424,387,297,90,150,122,28,237,175,62,5400,8.715116279069768,22.65423406060606,82.20022463636361
36031,STATE - WEST BENGAL,Real estate activities,11730,11253,477,2288,2190,98,9442,9063,379,977,898,79,378,341,37,599,557,42,12707,23.59119496855346,22.65423406060606,82.20022463636361
36032,STATE - WEST BENGAL,Real estate activities with own or leased property,1937,1815,122,378,356,22,1559,1459,100,245,228,17,123,118,5,122,110,12,2182,14.87704918032787,22.65423406060606,82.20022463636361
36033,STATE - WEST BENGAL,Real estate activities with own or leased property,1937,1815,122,378,356,22,1559,1459,100,245,228,17,123,118,5,122,110,12,2182,14.87704918032787,22.65423406060606,82.20022463636361
36034,STATE - WEST BENGAL,Real estate activities on a fee or contract basis,9793,9438,355,1910,1834,76,7883,7604,279,732,670,62,255,223,32,477,447,30,10525,26.585915492957746,22.65423406060606,82.20022463636361
36035,STATE - WEST BENGAL,Real estate activities on a fee or contract basis,9793,9438,355,1910,1834,76,7883,7604,279,732,670,62,255,223,32,477,447,30,10525,26.585915492957746,22.65423406060606,82.20022463636361
36036,STATE - WEST BENGAL,Legal and accounting activities,48402,43742,4660,13045,12568,477,35357,31174,4183,2087,1817,270,867,826,41,1220,991,229,50489,9.386695278969958,22.65423406060606,82.20022463636361
36037,STATE - WEST BENGAL,Legal activities,37729,33853,3876,10788,10389,399,26941,23464,3477,1612,1395,217,706,677,29,906,718,188,39341,8.734004127966976,22.65423406060606,82.20022463636361
36038,STATE - WEST BENGAL,Legal activities,37729,33853,3876,10788,10389,399,26941,23464,3477,1612,1395,217,706,677,29,906,718,188,39341,8.734004127966976,22.65423406060606,82.20022463636361
36039,STATE - WEST BENGAL,"Accounting, bookkeeping and auditing activities; tax consultancy",10673,9889,784,2257,2179,78,8416,7710,706,475,422,53,161,149,12,314,273,41,11148,12.613520408163266,22.65423406060606,82.20022463636361
36040,STATE - WEST BENGAL,"Accounting, bookkeeping and auditing activities; tax consultancy",10673,9889,784,2257,2179,78,8416,7710,706,475,422,53,161,149,12,314,273,41,11148,12.613520408163266,22.65423406060606,82.20022463636361
36041,STATE - WEST BENGAL,Activities of head offices; management consultancy activities,17167,15485,1682,3632,3555,77,13535,11930,1605,1590,1437,153,806,788,18,784,649,135,18757,9.206302021403092,22.65423406060606,82.20022463636361
36042,STATE - WEST BENGAL,Activities of head offices,15925,14405,1520,3564,3492,72,12361,10913,1448,1513,1379,134,804,788,16,709,591,118,17438,9.476973684210526,22.65423406060606,82.20022463636361
36043,STATE - WEST BENGAL,Activities of head offices,15925,14405,1520,3564,3492,72,12361,10913,1448,1513,1379,134,804,788,16,709,591,118,17438,9.476973684210526,22.65423406060606,82.20022463636361
36044,STATE - WEST BENGAL,Management consultancy activities,1242,1080,162,68,63,5,1174,1017,157,77,58,19,2,0,2,75,58,17,1319,6.666666666666667,22.65423406060606,82.20022463636361
36045,STATE - WEST BENGAL,Management consultancy activities,1242,1080,162,68,63,5,1174,1017,157,77,58,19,2,0,2,75,58,17,1319,6.666666666666667,22.65423406060606,82.20022463636361
36046,STATE - WEST BENGAL,Architecture and engineering activities; technical testing and analysis,4421,4006,415,1107,1044,63,3314,2962,352,213,169,44,81,75,6,132,94,38,4634,9.653012048192773,22.65423406060606,82.20022463636361
36047,STATE - WEST BENGAL,Architectural and engineering activities and related technical consultancy,4129,3729,400,1025,962,63,3104,2767,337,194,150,44,71,65,6,123,85,38,4323,9.3225,22.65423406060606,82.20022463636361
36048,STATE - WEST BENGAL,Architectural and engineering activities and related technical,4129,3729,400,1025,962,63,3104,2767,337,194,150,44,71,65,6,123,85,38,4323,9.3225,22.65423406060606,82.20022463636361
36049,STATE - WEST BENGAL,Technical testing and analysis,292,277,15,82,82,0,210,195,15,19,19,0,10,10,0,9,9,0,311,18.466666666666665,22.65423406060606,82.20022463636361
36050,STATE - WEST BENGAL,Technical testing and analysis,292,277,15,82,82,0,210,195,15,19,19,0,10,10,0,9,9,0,311,18.466666666666665,22.65423406060606,82.20022463636361
36051,STATE - WEST BENGAL,Scientific research and development,1148,900,248,230,214,16,918,686,232,80,55,25,13,10,3,67,45,22,1228,3.629032258064516,22.65423406060606,82.20022463636361
36052,STATE - WEST BENGAL,Research and experimental development on natural sciences and,815,626,189,149,141,8,666,485,181,51,43,8,10,10,0,41,33,8,866,3.312169312169312,22.65423406060606,82.20022463636361
36053,STATE - WEST BENGAL,Research and experimental development on natural sciences and,815,626,189,149,141,8,666,485,181,51,43,8,10,10,0,41,33,8,866,3.312169312169312,22.65423406060606,82.20022463636361
36054,STATE - WEST BENGAL,Research and experimental development on social sciences and humanities,333,274,59,81,73,8,252,201,51,29,12,17,3,0,3,26,12,14,362,4.6440677966101696,22.65423406060606,82.20022463636361
36055,STATE - WEST BENGAL,Research and experimental development on social sciences and,333,274,59,81,73,8,252,201,51,29,12,17,3,0,3,26,12,14,362,4.6440677966101696,22.65423406060606,82.20022463636361
36056,STATE - WEST BENGAL,Advertising and market research,4324,3958,366,549,524,25,3775,3434,341,259,220,39,55,52,3,204,168,36,4583,10.814207650273223,22.65423406060606,82.20022463636361
36057,STATE - WEST BENGAL,Advertising,3128,2825,303,342,326,16,2786,2499,287,194,167,27,37,34,3,157,133,24,3322,9.323432343234323,22.65423406060606,82.20022463636361
36058,STATE - WEST BENGAL,Advertising,3128,2825,303,342,326,16,2786,2499,287,194,167,27,37,34,3,157,133,24,3322,9.323432343234323,22.65423406060606,82.20022463636361
36059,STATE - WEST BENGAL,Market research and public opinion polling,1196,1133,63,207,198,9,989,935,54,65,53,12,18,18,0,47,35,12,1261,17.984126984126984,22.65423406060606,82.20022463636361
36060,STATE - WEST BENGAL,Market research and public opinion polling,1196,1133,63,207,198,9,989,935,54,65,53,12,18,18,0,47,35,12,1261,17.984126984126984,22.65423406060606,82.20022463636361
36061,STATE - WEST BENGAL,"Other professional, scientific and technical activities",44849,43196,1653,18018,17743,275,26831,25453,1378,7609,7316,293,4947,4818,129,2662,2498,164,52458,26.1318814277072,22.65423406060606,82.20022463636361
36062,STATE - WEST BENGAL,Specialized design activities,30308,29290,1018,13788,13615,173,16520,15675,845,6172,5971,201,4251,4151,100,1921,1820,101,36480,28.7721021611002,22.65423406060606,82.20022463636361
36063,STATE - WEST BENGAL,Specialized design activities,30308,29290,1018,13788,13615,173,16520,15675,845,6172,5971,201,4251,4151,100,1921,1820,101,36480,28.7721021611002,22.65423406060606,82.20022463636361
36064,STATE - WEST BENGAL,Photographic activities,11209,10833,376,3517,3447,70,7692,7386,306,1160,1081,79,546,525,21,614,556,58,12369,28.81117021276596,22.65423406060606,82.20022463636361
36065,STATE - WEST BENGAL,Photographic activities,11209,10833,376,3517,3447,70,7692,7386,306,1160,1081,79,546,525,21,614,556,58,12369,28.81117021276596,22.65423406060606,82.20022463636361
36066,STATE - WEST BENGAL,"Other professional, scientific and technical activities n.e.c.",3332,3073,259,713,681,32,2619,2392,227,277,264,13,150,142,8,127,122,5,3609,11.864864864864863,22.65423406060606,82.20022463636361
36067,STATE - WEST BENGAL,"Other professional, scientific and technical activities n.e.c.",3332,3073,259,713,681,32,2619,2392,227,277,264,13,150,142,8,127,122,5,3609,11.864864864864863,22.65423406060606,82.20022463636361
36068,STATE - WEST BENGAL,Veterinary activities,5389,5087,302,3522,3391,131,1867,1696,171,277,256,21,231,216,15,46,40,6,5666,16.844370860927153,22.65423406060606,82.20022463636361
36069,STATE - WEST BENGAL,Veterinary activities,5389,5087,302,3522,3391,131,1867,1696,171,277,256,21,231,216,15,46,40,6,5666,16.844370860927153,22.65423406060606,82.20022463636361
36070,STATE - WEST BENGAL,Veterinary activities,5389,5087,302,3522,3391,131,1867,1696,171,277,256,21,231,216,15,46,40,6,5666,16.844370860927153,22.65423406060606,82.20022463636361
36071,STATE - WEST BENGAL,Rental and leasing activities,15073,14697,376,5335,5253,82,9738,9444,294,2228,2171,57,1267,1243,24,961,928,33,17301,39.087765957446805,22.65423406060606,82.20022463636361
36072,STATE - WEST BENGAL,Renting and leasing of motor vehicles,3339,3225,114,571,554,17,2768,2671,97,157,150,7,42,38,4,115,112,3,3496,28.289473684210527,22.65423406060606,82.20022463636361
36073,STATE - WEST BENGAL,Renting and leasing of motor vehicles,3339,3225,114,571,554,17,2768,2671,97,157,150,7,42,38,4,115,112,3,3496,28.289473684210527,22.65423406060606,82.20022463636361
36074,STATE - WEST BENGAL,Renting and leasing of personal and household goods,10419,10213,206,4273,4216,57,6146,5997,149,1899,1863,36,1117,1105,12,782,758,24,12318,49.57766990291263,22.65423406060606,82.20022463636361
36075,STATE - WEST BENGAL,Renting and leasing of recreational and sports goods,93,93,0,60,60,0,33,33,0,12,12,0,9,9,0,3,3,0,105,93,22.65423406060606,82.20022463636361
36076,STATE - WEST BENGAL,Renting of video tapes and disks,190,184,6,99,96,3,91,88,3,25,22,3,17,17,0,8,5,3,215,30.666666666666668,22.65423406060606,82.20022463636361
36077,STATE - WEST BENGAL,Renting and leasing of other personal and household goods n.e.c.,10136,9936,200,4114,4060,54,6022,5876,146,1862,1829,33,1091,1079,12,771,750,21,11998,49.68,22.65423406060606,82.20022463636361
36078,STATE - WEST BENGAL,"Renting and leasing of other machinery, equipment and tangible goods",1092,1054,38,450,444,6,642,610,32,154,143,11,99,91,8,55,52,3,1246,27.73684210526316,22.65423406060606,82.20022463636361
36079,STATE - WEST BENGAL,"Renting and leasing of other machinery, equipment and tangible goods",1092,1054,38,450,444,6,642,610,32,154,143,11,99,91,8,55,52,3,1246,27.73684210526316,22.65423406060606,82.20022463636361
36080,STATE - WEST BENGAL,Leasing of nonfinancial intangible assets,223,205,18,41,39,2,182,166,16,18,15,3,9,9,0,9,6,3,241,11.38888888888889,22.65423406060606,82.20022463636361
36081,STATE - WEST BENGAL,Leasing of nonfinancial intangible assets,223,205,18,41,39,2,182,166,16,18,15,3,9,9,0,9,6,3,241,11.38888888888889,22.65423406060606,82.20022463636361
36082,STATE - WEST BENGAL,Employment activities,1893,1713,180,612,577,35,1281,1136,145,120,94,26,50,39,11,70,55,15,2013,9.516666666666667,22.65423406060606,82.20022463636361
36083,STATE - WEST BENGAL,Activities of employment placement agencies,1129,1041,88,347,330,17,782,711,71,70,61,9,26,23,3,44,38,6,1199,11.829545454545457,22.65423406060606,82.20022463636361
36084,STATE - WEST BENGAL,Activities of employment placement agencies,1129,1041,88,347,330,17,782,711,71,70,61,9,26,23,3,44,38,6,1199,11.829545454545457,22.65423406060606,82.20022463636361
36085,STATE - WEST BENGAL,Temporary employment agency activities,397,366,31,192,182,10,205,184,21,22,20,2,13,11,2,9,9,0,419,11.806451612903226,22.65423406060606,82.20022463636361
36086,STATE - WEST BENGAL,Temporary employment agency activities,397,366,31,192,182,10,205,184,21,22,20,2,13,11,2,9,9,0,419,11.806451612903226,22.65423406060606,82.20022463636361
36087,STATE - WEST BENGAL,Human resources provision and management of human resources functions,367,306,61,73,65,8,294,241,53,28,13,15,11,5,6,17,8,9,395,5.016393442622951,22.65423406060606,82.20022463636361
36088,STATE - WEST BENGAL,Human resources provision and management of human resources,367,306,61,73,65,8,294,241,53,28,13,15,11,5,6,17,8,9,395,5.016393442622951,22.65423406060606,82.20022463636361
36089,STATE - WEST BENGAL,"Travel agency, tour operator and other reservation service activities",3398,3118,280,447,422,25,2951,2696,255,234,197,37,50,50,0,184,147,37,3632,11.135714285714286,22.65423406060606,82.20022463636361
36090,STATE - WEST BENGAL,Travel agency and tour operator activities,2923,2689,234,386,366,20,2537,2323,214,215,185,30,47,47,0,168,138,30,3138,11.491452991452991,22.65423406060606,82.20022463636361
36091,STATE - WEST BENGAL,Travel agency activities,2571,2374,197,308,295,13,2263,2079,184,172,151,21,30,30,0,142,121,21,2743,12.050761421319796,22.65423406060606,82.20022463636361
36092,STATE - WEST BENGAL,Tour operator activities,352,315,37,78,71,7,274,244,30,43,34,9,17,17,0,26,17,9,395,8.513513513513514,22.65423406060606,82.20022463636361
36093,STATE - WEST BENGAL,Other reservation service activities,475,429,46,61,56,5,414,373,41,19,12,7,3,3,0,16,9,7,494,9.326086956521738,22.65423406060606,82.20022463636361
36094,STATE - WEST BENGAL,Other reservation service and related activities,475,429,46,61,56,5,414,373,41,19,12,7,3,3,0,16,9,7,494,9.326086956521738,22.65423406060606,82.20022463636361
36095,STATE - WEST BENGAL,Security and investigation activities,47754,46441,1313,12507,12287,220,35247,34154,1093,3589,3415,174,1217,1174,43,2372,2241,131,51343,35.37014470677837,22.65423406060606,82.20022463636361
36096,STATE - WEST BENGAL,Private security activities,30983,30198,785,8550,8392,158,22433,21806,627,2361,2263,98,861,833,28,1500,1430,70,33344,38.4687898089172,22.65423406060606,82.20022463636361
36097,STATE - WEST BENGAL,Private security activities,30983,30198,785,8550,8392,158,22433,21806,627,2361,2263,98,861,833,28,1500,1430,70,33344,38.4687898089172,22.65423406060606,82.20022463636361
36098,STATE - WEST BENGAL,Security systems service activities,14189,13813,376,3401,3350,51,10788,10463,325,1023,974,49,300,291,9,723,683,40,15212,36.736702127659576,22.65423406060606,82.20022463636361
36099,STATE - WEST BENGAL,Security systems service activities,14189,13813,376,3401,3350,51,10788,10463,325,1023,974,49,300,291,9,723,683,40,15212,36.736702127659576,22.65423406060606,82.20022463636361
36100,STATE - WEST BENGAL,Investigation activities,2582,2430,152,556,545,11,2026,1885,141,205,178,27,56,50,6,149,128,21,2787,15.986842105263158,22.65423406060606,82.20022463636361
36101,STATE - WEST BENGAL,Investigation activities,2582,2430,152,556,545,11,2026,1885,141,205,178,27,56,50,6,149,128,21,2787,15.986842105263158,22.65423406060606,82.20022463636361
36102,STATE - WEST BENGAL,Services to buildings and landscape activities,19004,16486,2518,5989,5358,631,13015,11128,1887,2115,1611,504,851,657,194,1264,954,310,21119,6.5472597299444,22.65423406060606,82.20022463636361
36103,STATE - WEST BENGAL,Combined facilities support activities,10160,9314,846,3856,3653,203,6304,5661,643,802,663,139,423,355,68,379,308,71,10962,11.009456264775414,22.65423406060606,82.20022463636361
36104,STATE - WEST BENGAL,Combined facilities support activities,10160,9314,846,3856,3653,203,6304,5661,643,802,663,139,423,355,68,379,308,71,10962,11.009456264775414,22.65423406060606,82.20022463636361
36105,STATE - WEST BENGAL,Cleaning activities,8589,6979,1610,2069,1651,418,6520,5328,1192,1284,919,365,421,295,126,863,624,239,9873,4.334782608695652,22.65423406060606,82.20022463636361
36106,STATE - WEST BENGAL,General cleaning of buildings,3214,2418,796,839,616,223,2375,1802,573,562,399,163,208,136,72,354,263,91,3776,3.0376884422110555,22.65423406060606,82.20022463636361
36107,STATE - WEST BENGAL,Other building and industrial cleaning activities,5375,4561,814,1230,1035,195,4145,3526,619,722,520,202,213,159,54,509,361,148,6097,5.603194103194103,22.65423406060606,82.20022463636361
36108,STATE - WEST BENGAL,Landscape care and maintenance service activities,255,193,62,64,54,10,191,139,52,29,29,0,7,7,0,22,22,0,284,3.1129032258064515,22.65423406060606,82.20022463636361
36109,STATE - WEST BENGAL,Landscape care and maintenance service activities,255,193,62,64,54,10,191,139,52,29,29,0,7,7,0,22,22,0,284,3.1129032258064515,22.65423406060606,82.20022463636361
36110,STATE - WEST BENGAL,Office administrative and support activities,34719,31367,3352,9111,8498,613,25608,22869,2739,2241,1909,332,1024,873,151,1217,1036,181,36960,9.3576968973747,22.65423406060606,82.20022463636361
36111,STATE - WEST BENGAL,Combined office administrative service activities,15640,14053,1587,4038,3739,299,11602,10314,1288,963,799,164,479,398,81,484,401,83,16603,8.855072463768115,22.65423406060606,82.20022463636361
36112,STATE - WEST BENGAL,"Photocopying, document preparation and other specialized office",19079,17314,1765,5073,4759,314,14006,12555,1451,1278,1110,168,545,475,70,733,635,98,20357,9.809631728045323,22.65423406060606,82.20022463636361
36113,STATE - WEST BENGAL,Organization of conventions and trade shows,594,542,52,161,148,13,433,394,39,30,18,12,9,3,6,21,15,6,624,10.423076923076923,22.65423406060606,82.20022463636361
36114,STATE - WEST BENGAL,Organization of conventions and trade shows,594,542,52,161,148,13,433,394,39,30,18,12,9,3,6,21,15,6,624,10.423076923076923,22.65423406060606,82.20022463636361
36115,STATE - WEST BENGAL,Activities of collection agencies and credit bureaus,4284,3869,415,1143,1065,78,3141,2804,337,286,228,58,92,71,21,194,157,37,4570,9.32289156626506,22.65423406060606,82.20022463636361
36116,STATE - WEST BENGAL,Packaging activities,2384,1955,429,563,498,65,1821,1457,364,342,181,161,111,70,41,231,111,120,2726,4.557109557109557,22.65423406060606,82.20022463636361
36117,STATE - WEST BENGAL,"Regulation of the activities of providing health care, education, cultural",1884,1138,746,700,393,307,1184,745,439,75,54,21,31,19,12,44,35,9,1959,1.5254691689008042,22.65423406060606,82.20022463636361
36118,STATE - WEST BENGAL,Regulation of and contribution to more efficient operation of,212,195,17,62,54,8,150,141,9,3,3,0,3,3,0,0,0,0,215,11.470588235294118,22.65423406060606,82.20022463636361
36119,STATE - WEST BENGAL,Foreign affairs,1404,1263,141,397,354,43,1007,909,98,56,44,12,31,26,5,25,18,7,1460,8.957446808510639,22.65423406060606,82.20022463636361
36120,STATE - WEST BENGAL,Public order and safety activities,26380,24466,1914,11582,10956,626,14798,13510,1288,578,480,98,272,228,44,306,252,54,26958,12.782654127481711,22.65423406060606,82.20022463636361
36121,STATE - WEST BENGAL,Technical and vocational secondary education,2365,1537,828,1187,899,288,1178,638,540,87,52,35,56,36,20,31,16,15,2452,1.856280193236715,22.65423406060606,82.20022463636361
36122,STATE - WEST BENGAL,Higher education,39090,28021,11069,9689,7893,1796,29401,20128,9273,1411,918,493,503,395,108,908,523,385,40501,2.5314843255940014,22.65423406060606,82.20022463636361
36123,STATE - WEST BENGAL,Higher education,39090,28021,11069,9689,7893,1796,29401,20128,9273,1411,918,493,503,395,108,908,523,385,40501,2.5314843255940014,22.65423406060606,82.20022463636361
36124,STATE - WEST BENGAL,Sports and recreation education,867,660,207,245,192,53,622,468,154,115,90,25,51,45,6,64,45,19,982,3.188405797101449,22.65423406060606,82.20022463636361
36125,STATE - WEST BENGAL,Cultural education,3836,2470,1366,693,536,157,3143,1934,1209,500,296,204,135,88,47,365,208,157,4336,1.808199121522694,22.65423406060606,82.20022463636361
36126,STATE - WEST BENGAL,Medical and dental practice activities,43959,38652,5307,19793,18848,945,24166,19804,4362,2144,1774,370,1322,1194,128,822,580,242,46103,7.2832108535895985,22.65423406060606,82.20022463636361
36127,STATE - WEST BENGAL,Medical and dental practice activities,43959,38652,5307,19793,18848,945,24166,19804,4362,2144,1774,370,1322,1194,128,822,580,242,46103,7.2832108535895985,22.65423406060606,82.20022463636361
36128,STATE - WEST BENGAL,Residential care activities,4566,1526,3040,1156,383,773,3410,1143,2267,446,86,360,189,59,130,257,27,230,5012,0.5019736842105263,22.65423406060606,82.20022463636361
36129,STATE - WEST BENGAL,Nursing care facilities,3719,1038,2681,856,238,618,2863,800,2063,351,45,306,123,24,99,228,21,207,4070,0.3871689668034315,22.65423406060606,82.20022463636361
36130,STATE - WEST BENGAL,Nursing care facilities,3719,1038,2681,856,238,618,2863,800,2063,351,45,306,123,24,99,228,21,207,4070,0.3871689668034315,22.65423406060606,82.20022463636361
36131,STATE - WEST BENGAL,"Residential care activities for mental retardation, mental health and substance",217,99,118,91,41,50,126,58,68,19,6,13,11,6,5,8,0,8,236,0.8389830508474576,22.65423406060606,82.20022463636361
36132,STATE - WEST BENGAL,"Residential care activities for mental retardation, mental health and",217,99,118,91,41,50,126,58,68,19,6,13,11,6,5,8,0,8,236,0.8389830508474576,22.65423406060606,82.20022463636361
36133,STATE - WEST BENGAL,Residential care activities for the elderly and disabled,181,93,88,58,29,29,123,64,59,9,3,6,3,3,0,6,0,6,190,1.056818181818182,22.65423406060606,82.20022463636361
36134,STATE - WEST BENGAL,Residential care activities for the elderly and disabled,181,93,88,58,29,29,123,64,59,9,3,6,3,3,0,6,0,6,190,1.056818181818182,22.65423406060606,82.20022463636361
36135,STATE - WEST BENGAL,Other residential care activities n.e.c.,449,296,153,151,75,76,298,221,77,67,32,35,52,26,26,15,6,9,516,1.934640522875817,22.65423406060606,82.20022463636361
36136,STATE - WEST BENGAL,Other residential care activities n.e.c.,449,296,153,151,75,76,298,221,77,67,32,35,52,26,26,15,6,9,516,1.934640522875817,22.65423406060606,82.20022463636361
36137,STATE - WEST BENGAL,Social work activities without accommodation,19798,4778,15020,11740,2224,9516,8058,2554,5504,1877,472,1405,1272,279,993,605,193,412,21675,0.3181091877496671,22.65423406060606,82.20022463636361
36138,STATE - WEST BENGAL,Social work activities without accommodation for the elderly and disabled,6464,1727,4737,3820,804,3016,2644,923,1721,587,170,417,405,104,301,182,66,116,7051,0.3645767363310112,22.65423406060606,82.20022463636361
36139,STATE - WEST BENGAL,Social work activities without accommodation for the elderly and,6464,1727,4737,3820,804,3016,2644,923,1721,587,170,417,405,104,301,182,66,116,7051,0.3645767363310112,22.65423406060606,82.20022463636361
36140,STATE - WEST BENGAL,Other social work activities without accommodation n.e.c.,13334,3051,10283,7920,1420,6500,5414,1631,3783,1290,302,988,867,175,692,423,127,296,14624,0.2967032967032967,22.65423406060606,82.20022463636361
36141,STATE - WEST BENGAL,Other social work activities without accommodation n.e.c.,13334,3051,10283,7920,1420,6500,5414,1631,3783,1290,302,988,867,175,692,423,127,296,14624,0.2967032967032967,22.65423406060606,82.20022463636361
36142,STATE - WEST BENGAL,"Creative, arts and entertainment activities",22447,19694,2753,6764,6209,555,15683,13485,2198,4885,4079,806,2982,2540,442,1903,1539,364,27332,7.153650563022158,22.65423406060606,82.20022463636361
36143,STATE - WEST BENGAL,"Creative, arts and entertainment activities",22447,19694,2753,6764,6209,555,15683,13485,2198,4885,4079,806,2982,2540,442,1903,1539,364,27332,7.153650563022158,22.65423406060606,82.20022463636361
36144,STATE - WEST BENGAL,"Dramatic arts, music and other arts activities",22447,19694,2753,6764,6209,555,15683,13485,2198,4885,4079,806,2982,2540,442,1903,1539,364,27332,7.153650563022158,22.65423406060606,82.20022463636361
36145,STATE - WEST BENGAL,"Libraries, archives, museums and other cultural activities",5738,4798,940,2435,2198,237,3303,2600,703,374,288,86,195,154,41,179,134,45,6112,5.104255319148936,22.65423406060606,82.20022463636361
36146,STATE - WEST BENGAL,"Libraries, archives, museums and other cultural activities",5738,4798,940,2435,2198,237,3303,2600,703,374,288,86,195,154,41,179,134,45,6112,5.104255319148936,22.65423406060606,82.20022463636361
36147,STATE - WEST BENGAL,Library and archives activities,4069,3353,716,1767,1613,154,2302,1740,562,122,91,31,51,40,11,71,51,20,4191,4.682960893854749,22.65423406060606,82.20022463636361
36148,STATE - WEST BENGAL,Museums activities and operation of historical sites and buildings,189,164,25,47,40,7,142,124,18,45,40,5,28,23,5,17,17,0,234,6.56,22.65423406060606,82.20022463636361
36149,STATE - WEST BENGAL,Botanical and zoological gardens and nature reserves activities,1480,1281,199,621,545,76,859,736,123,207,157,50,116,91,25,91,66,25,1687,6.437185929648241,22.65423406060606,82.20022463636361
36150,STATE - WEST BENGAL,Gambling and betting activities,14355,14040,315,4461,4379,82,9894,9661,233,1692,1632,60,668,651,17,1024,981,43,16047,44.57142857142857,22.65423406060606,82.20022463636361
36151,STATE - WEST BENGAL,Gambling and betting activities,14355,14040,315,4461,4379,82,9894,9661,233,1692,1632,60,668,651,17,1024,981,43,16047,44.57142857142857,22.65423406060606,82.20022463636361
36152,STATE - WEST BENGAL,Gambling and betting activities,14355,14040,315,4461,4379,82,9894,9661,233,1692,1632,60,668,651,17,1024,981,43,16047,44.57142857142857,22.65423406060606,82.20022463636361
36153,STATE - WEST BENGAL,Sports activities and amusement and recreation activities,11625,10293,1332,4793,4432,361,6832,5861,971,3542,3013,529,2498,2168,330,1044,845,199,15167,7.727477477477477,22.65423406060606,82.20022463636361
36154,STATE - WEST BENGAL,Sports activities,1159,1026,133,98,88,10,1061,938,123,144,106,38,52,39,13,92,67,25,1303,7.714285714285714,22.65423406060606,82.20022463636361
36155,STATE - WEST BENGAL,Operation of sports facilities,143,110,33,11,11,0,132,99,33,12,12,0,6,6,0,6,6,0,155,3.333333333333333,22.65423406060606,82.20022463636361
36156,STATE - WEST BENGAL,Activities of sports clubs,281,241,40,17,17,0,264,224,40,28,23,5,0,0,0,28,23,5,309,6.025,22.65423406060606,82.20022463636361
36157,STATE - WEST BENGAL,Other sports activities,735,675,60,70,60,10,665,615,50,104,71,33,46,33,13,58,38,20,839,11.25,22.65423406060606,82.20022463636361
36158,STATE - WEST BENGAL,Other amusement and recreation activities,10466,9267,1199,4695,4344,351,5771,4923,848,3398,2907,491,2446,2129,317,952,778,174,13864,7.728940783986656,22.65423406060606,82.20022463636361
36159,STATE - WEST BENGAL,Activities of amusement parks and theme parks,364,340,24,37,37,0,327,303,24,14,11,3,0,0,0,14,11,3,378,14.166666666666666,22.65423406060606,82.20022463636361
36160,STATE - WEST BENGAL,Other amusement and recreation activities n.e.c.,10102,8927,1175,4658,4307,351,5444,4620,824,3384,2896,488,2446,2129,317,938,767,171,13486,7.597446808510639,22.65423406060606,82.20022463636361
36161,STATE - WEST BENGAL,Activities of membership organizations,15341,13655,1686,8836,7959,877,6505,5696,809,3055,2593,462,2184,1871,313,871,722,149,18396,8.099051008303677,22.65423406060606,82.20022463636361
36162,STATE - WEST BENGAL,"Activities of business, employers and professional membership",1471,1109,362,702,528,174,769,581,188,394,266,128,294,195,99,100,71,29,1865,3.06353591160221,22.65423406060606,82.20022463636361
36163,STATE - WEST BENGAL,Activities of business and employers membership organizations,1388,1049,339,649,486,163,739,563,176,386,258,128,294,195,99,92,63,29,1774,3.094395280235988,22.65423406060606,82.20022463636361
36164,STATE - WEST BENGAL,Activities of professional membership organizations,83,60,23,53,42,11,30,18,12,8,8,0,0,0,0,8,8,0,91,2.608695652173913,22.65423406060606,82.20022463636361
36165,STATE - WEST BENGAL,Activities of trade unions,211,179,32,117,97,20,94,82,12,52,38,14,19,11,8,33,27,6,263,5.59375,22.65423406060606,82.20022463636361
36166,STATE - WEST BENGAL,Activities of trade unions,211,179,32,117,97,20,94,82,12,52,38,14,19,11,8,33,27,6,263,5.59375,22.65423406060606,82.20022463636361
36167,STATE - WEST BENGAL,Activities of other membership organizations,13659,12367,1292,8017,7334,683,5642,5033,609,2609,2289,320,1871,1665,206,738,624,114,16268,9.571981424148609,22.65423406060606,82.20022463636361
36168,STATE - WEST BENGAL,Activities of religious organizations,10298,9741,557,5843,5589,254,4455,4152,303,2115,1944,171,1503,1400,103,612,544,68,12413,17.488330341113105,22.65423406060606,82.20022463636361
36169,STATE - WEST BENGAL,Activities of political organizations,2279,1826,453,1504,1219,285,775,607,168,325,252,73,247,194,53,78,58,20,2604,4.030905077262693,22.65423406060606,82.20022463636361
36170,STATE - WEST BENGAL,Activities of other membership organizations n.e.c.,1082,800,282,670,526,144,412,274,138,169,93,76,121,71,50,48,22,26,1251,2.8368794326241136,22.65423406060606,82.20022463636361
36171,STATE - WEST BENGAL,Repair of computers and communication equipment,8089,7751,338,2862,2783,79,5227,4968,259,925,838,87,548,506,42,377,332,45,9014,22.93195266272189,22.65423406060606,82.20022463636361
36172,STATE - WEST BENGAL,Repair of computers and peripheral equipment,5527,5241,286,1714,1654,60,3813,3587,226,617,537,80,345,308,37,272,229,43,6144,18.325174825174827,22.65423406060606,82.20022463636361
36173,STATE - WEST BENGAL,Repair of communication equipment,2562,2510,52,1148,1129,19,1414,1381,33,308,301,7,203,198,5,105,103,2,2870,48.26923076923077,22.65423406060606,82.20022463636361
36174,STATE - WEST BENGAL,Repair of personal and household goods,95933,92331,3602,49241,47716,1525,46692,44615,2077,15288,11650,3638,10423,7729,2694,4865,3921,944,111221,25.633259300388676,22.65423406060606,82.20022463636361
36175,STATE - WEST BENGAL,Repair of consumer electronics,9250,8514,736,4676,4353,323,4574,4161,413,2148,1513,635,1518,1038,480,630,475,155,11398,11.567934782608695,22.65423406060606,82.20022463636361
36176,STATE - WEST BENGAL,Repair of household appliances and home and garden equipment,7845,7543,302,3057,2917,140,4788,4626,162,1222,1061,161,757,644,113,465,417,48,9067,24.97682119205298,22.65423406060606,82.20022463636361
36177,STATE - WEST BENGAL,Repair of footwear and leather goods,5406,5304,102,2888,2830,58,2518,2474,44,900,832,68,622,577,45,278,255,23,6306,52,22.65423406060606,82.20022463636361
36178,STATE - WEST BENGAL,Repair of furniture and home furnishings,363,350,13,182,177,5,181,173,8,68,66,2,45,45,0,23,21,2,431,26.923076923076923,22.65423406060606,82.20022463636361
36179,STATE - WEST BENGAL,"Repair of personal and household goods, n.e.c.",73069,70620,2449,38438,37439,999,34631,33181,1450,10950,8178,2772,7481,5425,2056,3469,2753,716,84019,28.83625969783585,22.65423406060606,82.20022463636361
36180,STATE - WEST BENGAL,Washing and (dry-) cleaning of textile and fur products,23942,21087,2855,5101,4700,401,18841,16387,2454,2541,1729,812,1005,618,387,1536,1111,425,26483,7.385989492119089,22.65423406060606,82.20022463636361
36181,STATE - WEST BENGAL,Hairdressing and other beauty treatment,80436,70336,10100,47170,45364,1806,33266,24972,8294,9715,7834,1881,6754,6137,617,2961,1697,1264,90151,6.963960396039604,22.65423406060606,82.20022463636361
36182,STATE - WEST BENGAL,Funeral and related activities,275,256,19,103,98,5,172,158,14,44,35,9,28,21,7,16,14,2,319,13.473684210526317,22.65423406060606,82.20022463636361
36183,STATE - WEST BENGAL,Undifferentiated goods- and services-producing activities of private,305,127,178,139,68,71,166,59,107,136,26,110,76,17,59,60,9,51,441,0.7134831460674157,22.65423406060606,82.20022463636361
36184,STATE - WEST BENGAL,Undifferentiated goods-producing activities of private households for own,103,55,48,63,38,25,40,17,23,48,8,40,36,8,28,12,0,12,151,1.1458333333333333,22.65423406060606,82.20022463636361
36185,STATE - WEST BENGAL,Undifferentiated goods-producing activities of private households for own,103,55,48,63,38,25,40,17,23,48,8,40,36,8,28,12,0,12,151,1.1458333333333333,22.65423406060606,82.20022463636361
36186,STATE - WEST BENGAL,Undifferentiated service-producing activities of private households for own,202,72,130,76,30,46,126,42,84,88,18,70,40,9,31,48,9,39,290,0.5538461538461539,22.65423406060606,82.20022463636361
36187,STATE - WEST BENGAL,Undifferentiated service-producing activities of private households for own,202,72,130,76,30,46,126,42,84,88,18,70,40,9,31,48,9,39,290,0.5538461538461539,22.65423406060606,82.20022463636361
36188,STATE - WEST BENGAL,Activities of extraterritorial organizations and bodies,210,128,82,50,32,18,160,96,64,51,9,42,24,0,24,27,9,18,261,1.5609756097560976,22.65423406060606,82.20022463636361
36189,STATE - WEST BENGAL,Activities of extraterritorial organizations and bodies,210,128,82,50,32,18,160,96,64,51,9,42,24,0,24,27,9,18,261,1.5609756097560976,22.65423406060606,82.20022463636361
